{
    "animation": [
        {
            "name": "Root",
            "time": [0.0, 0.2917, 0.625, 0.9167, 1.25, 1.5, 1.625, 1.7083, 1.7917],
            "transform": [
                [0.119641, 0.0, 0.992817, -5e-06, 0.992817, 0.0, -0.119641, 0.000946, 0.0, 1.0, 0.0, 0.763972, 0.0, 0.0, 0.0, 1.0],
                [-0.837833, 0.0, 0.545926, -5e-06, 0.545926, 0.0, 0.837833, 0.000946, 0.0, 1.0, 0.0, 0.763972, 0.0, 0.0, 0.0, 1.0],
                [-0.995849, 0.0, -0.091018, -5e-06, -0.091018, 0.0, 0.995849, 0.000946, 0.0, 1.0, 0.0, 0.763972, 0.0, 0.0, 0.0, 1.0],
                [-0.322785, 0.0, -0.946472, -5e-06, -0.946472, 0.0, 0.322785, 0.000946, 0.0, 1.0, 0.0, 0.763972, 0.0, 0.0, 0.0, 1.0],
                [0.76029, -0.039227, -0.648398, -5e-06, -0.647677, 0.03064, -0.761299, 0.000946, 0.04973, 0.99876, -0.002111, 0.763972, 0.0, 0.0, 0.0, 1.0],
                [0.999685, 0.0, -0.025114, -5e-06, -0.025114, 0.0, -0.999685, 0.000946, 0.0, 1.0, 0.0, 0.763972, 0.0, 0.0, 0.0, 1.0],
                [0.999992, 0.0, -0.004048, -5e-06, -0.004048, 0.0, -0.999992, 0.000946, 0.0, 1.0, 0.0, 0.763972, 0.0, 0.0, 0.0, 1.0],
                [1.0, 0.0, 0.0, -5e-06, 0.0, 0.0, -1.0, 0.000946, 0.0, 1.0, 0.0, 0.763972, 0.0, 0.0, 0.0, 1.0],
                [1.0, 0.0, 0.0, -5e-06, 0.0, 0.0, -1.0, 0.000946, 0.0, 1.0, 0.0, 0.763972, 0.0, 0.0, 0.0, 1.0]
            ]
        },
        {
            "name": "Thigh_R",
            "time": [0.0, 0.2917, 0.625, 0.9167, 1.25, 1.5, 1.625, 1.7917],
            "transform": [
                [0.984268, -0.155459, -0.083961, 0.124994, -0.170719, -0.959219, -0.225283, -0.002831, -0.045515, 0.236074, -0.970669, -1.2e-05, 0.0, 0.0, 0.0, 1.0],
                [0.931604, -0.358301, 0.06111, 0.109488, -0.340147, -0.800145, 0.494031, -0.055699, -0.128114, -0.481026, -0.867295, -0.008979, 0.0, 0.0, 0.0, 1.0],
                [0.972259, -0.231111, -0.036052, 0.111585, -0.212697, -0.937672, 0.274827, -0.048552, -0.09732, -0.259533, -0.960818, -0.007767, 0.0, 0.0, 0.0, 1.0],
                [0.999924, -0.012296, 0.000595, 0.116943, -0.010801, -0.853288, 0.521327, -0.030281, -0.005903, -0.521292, -0.853358, -0.004668, 0.0, 0.0, 0.0, 1.0],
                [0.999628, -0.027064, 0.003081, 0.122458, -0.025223, -0.877072, 0.479694, -0.011476, -0.010281, -0.479592, -0.877431, -0.001478, 0.0, 0.0, 0.0, 1.0],
                [0.998692, 0.050863, 0.005224, 0.124994, 0.047694, -0.963498, 0.263429, -0.002831, 0.018431, -0.262833, -0.964665, -1.2e-05, 0.0, 0.0, 0.0, 1.0],
                [0.991822, 0.115415, -0.054482, 0.124994, 0.110795, -0.566703, 0.816438, -0.002831, 0.063354, -0.815797, -0.574858, -1.2e-05, 0.0, 0.0, 0.0, 1.0],
                [0.994508, 0.104254, -0.009148, 0.124994, 0.094844, -0.860859, 0.499925, -0.002831, 0.044244, -0.498046, -0.866021, -1.2e-05, 0.0, 0.0, 0.0, 1.0]
            ]
        },
        {
            "name": "Leg_R",
            "time": [0.0, 0.2917, 0.625, 0.9167, 1.25, 1.5, 1.625, 1.7917],
            "transform": [
                [1.0, -0.000114, 8e-06, -0.0, 0.000114, 0.999987, 0.004938, 0.37472, -9e-06, -0.004938, 0.999989, -0.0, 0.0, 0.0, 0.0, 1.0],
                [1.0, -0.000197, -0.000386, -0.0, 0.000433, 0.394577, 0.918863, 0.37472, -2.9e-05, -0.918863, 0.394577, -0.0, 0.0, 0.0, 0.0, 1.0],
                [1.0, -0.000249, -0.000115, -0.0, 0.000274, 0.888405, 0.459061, 0.37472, -1.2e-05, -0.459061, 0.888405, -0.0, 0.0, 0.0, 0.0, 1.0],
                [1.0, -1e-05, -7e-06, -0.0, 1.2e-05, 0.667709, 0.744424, 0.37472, -2e-06, -0.744424, 0.667707, 0.0, 0.0, 0.0, 0.0, 1.0],
                [1.0, -1.5e-05, -2e-05, -0.0, 2.5e-05, 0.483331, 0.875439, 0.37472, -3e-06, -0.875438, 0.483329, -0.0, 0.0, 0.0, 0.0, 1.0],
                [1.0, 3.9e-05, 2.9e-05, -0.0, -4.9e-05, 0.787769, 0.615973, 0.37472, 1e-06, -0.615972, 0.787768, 0.0, 0.0, 0.0, 0.0, 1.0],
                [1.0, 1e-05, 0.000199, 0.0, -0.000199, 0.002834, 0.999996, 0.37472, 1e-05, -0.999996, 0.002834, 0.0, 0.0, 0.0, 0.0, 1.0],
                [1.0, 7.6e-05, 0.000101, -0.0, -0.000126, 0.569197, 0.822202, 0.37472, 4e-06, -0.822202, 0.569195, 0.0, 0.0, 0.0, 0.0, 1.0]
            ]
        },
        {
            "name": "Knee_R",
            "time": [0.0, 0.2917, 0.625, 0.9167, 1.25, 1.5, 1.625, 1.7917],
            "transform": [
                [1.0, 0.0, -0.0, -0.0, -0.0, 1e-06, -1.0, 0.37472, -0.0, 1.0, 1e-06, 0.0, 0.0, 0.0, 0.0, 1.0],
                [1.0, 0.0, -0.0, 0.0, -0.0, 1e-06, -1.0, 0.37472, -0.0, 1.0, 1e-06, -0.0, 0.0, 0.0, 0.0, 1.0],
                [1.0, 0.0, -0.0, -0.0, -0.0, 1e-06, -1.0, 0.37472, -0.0, 1.0, 1e-06, -0.0, 0.0, 0.0, 0.0, 1.0],
                [1.0, 0.0, -0.0, -0.0, -0.0, 1e-06, -1.0, 0.37472, -0.0, 1.0, 1e-06, 0.0, 0.0, 0.0, 0.0, 1.0],
                [1.0, 0.0, -0.0, 0.0, -0.0, 1e-06, -1.0, 0.37472, -0.0, 1.0, 1e-06, -0.0, 0.0, 0.0, 0.0, 1.0],
                [1.0, 0.0, -0.0, -0.0, -0.0, 1e-06, -1.0, 0.37472, -0.0, 1.0, 1e-06, 0.0, 0.0, 0.0, 0.0, 1.0],
                [1.0, 0.0, -0.0, 0.0, -0.0, 1e-06, -1.0, 0.37472, -0.0, 1.0, 1e-06, 0.0, 0.0, 0.0, 0.0, 1.0],
                [1.0, 0.0, -0.0, -0.0, -0.0, 1e-06, -1.0, 0.37472, -0.0, 1.0, 1e-06, 0.0, 0.0, 0.0, 0.0, 1.0]
            ]
        },
        {
            "name": "Thigh_L",
            "time": [0.0, 0.2917, 0.625, 0.9167, 1.25, 1.5, 1.625, 1.7917],
            "transform": [
                [0.949385, 0.023127, -0.313263, -0.145033, 0.266349, -0.587946, 0.763791, -0.002745, -0.166518, -0.808567, -0.564349, 0.008553, 0.0, 0.0, 0.0, 1.0],
                [0.907014, -0.416967, -0.058842, -0.127669, -0.038183, -0.220598, 0.974617, 0.036688, -0.419364, -0.881744, -0.216008, 0.001935, 0.0, 0.0, 0.0, 1.0],
                [0.689926, 0.691367, -0.214508, -0.126218, 0.614376, -0.402546, 0.6786, 0.031346, 0.382811, -0.599972, -0.702488, 0.000874, 0.0, 0.0, 0.0, 1.0],
                [0.839162, 0.114418, -0.531709, -0.125842, 0.53967, -0.053744, 0.840159, 0.017688, 0.067553, -0.991977, -0.10685, 0.000418, 0.0, 0.0, 0.0, 1.0],
                [0.647911, -0.687255, -0.328469, -0.123153, -0.522717, -0.71482, 0.464541, 0.009773, -0.554054, -0.129283, -0.82238, -0.002459, 0.0, 0.0, 0.0, 1.0],
                [0.956958, -0.121631, -0.263507, -0.125006, 0.159963, -0.536537, 0.828576, -0.002831, -0.242162, -0.835064, -0.493989, -1.2e-05, 0.0, 0.0, 0.0, 1.0],
                [0.93892, -0.325015, -0.113115, -0.125006, -0.021878, -0.384404, 0.922905, -0.002831, -0.34344, -0.864059, -0.368037, -1.2e-05, 0.0, 0.0, 0.0, 1.0],
                [0.885448, -0.39868, -0.238825, -0.125006, -0.047965, -0.589544, 0.80631, -0.002831, -0.462257, -0.702489, -0.541136, -1.2e-05, 0.0, 0.0, 0.0, 1.0]
            ]
        },
        {
            "name": "Leg_L",
            "time": [0.0, 0.2917, 0.625, 0.9167, 1.25, 1.5, 1.625, 1.7917],
            "transform": [
                [1.0, 0.000124, 0.000332, -0.0, -0.000354, 0.275061, 0.961427, 0.37472, 2.8e-05, -0.961428, 0.275059, -0.0, 0.0, 0.0, 0.0, 1.0],
                [1.0, -1e-06, -7e-06, -0.0, 7e-06, -0.084057, 0.99646, 0.37472, -2e-06, -0.996461, -0.084058, -0.0, 0.0, 0.0, 0.0, 1.0],
                [-0.438893, -0.89854, 0.000195, 0.0, 0.898541, -0.438893, -0.000397, 0.37472, 0.000441, 1e-06, 0.999998, -0.0, 0.0, 0.0, 0.0, 1.0],
                [1.0, -0.000194, 0.000761, -0.0, -0.000784, -0.303226, 0.952918, 0.37472, 4.6e-05, -0.952919, -0.303226, -0.0, 0.0, 0.0, 0.0, 1.0],
                [-0.199878, 0.979822, 1e-06, -0.0, -0.97982, -0.199877, -0.0, 0.37472, -1e-06, -1e-06, 1.000001, 0.0, 0.0, 0.0, 0.0, 1.0],
                [1.0, 1e-06, 0.000182, -0.0, -0.000181, -0.044089, 0.999027, 0.37472, 9e-06, -0.999028, -0.04409, -0.0, 0.0, 0.0, 0.0, 1.0],
                [1.0, 1.3e-05, -7.4e-05, -0.0, 7.5e-05, -0.242505, 0.97015, 0.37472, -6e-06, -0.97015, -0.242506, 0.0, 0.0, 0.0, 0.0, 1.0],
                [1.0, -1e-06, -6e-05, 0.0, 6e-05, -0.062788, 0.998027, 0.37472, -5e-06, -0.998027, -0.062788, -0.0, 0.0, 0.0, 0.0, 1.0]
            ]
        },
        {
            "name": "Knee_L",
            "time": [0.0, 0.2917, 0.625, 0.9167, 1.25, 1.5, 1.625, 1.7917],
            "transform": [
                [1.0, -0.0, 0.0, 0.0, 1e-06, 0.579218, -0.815173, 0.37472, 0.0, 0.815173, 0.579218, -0.0, 0.0, 0.0, 0.0, 1.0],
                [1.0, -0.0, 0.0, -0.0, 1e-06, 0.579218, -0.815173, 0.37472, 0.0, 0.815173, 0.579218, 0.0, 0.0, 0.0, 0.0, 1.0],
                [1.0, -0.0, 0.0, 0.0, 1e-06, 0.579218, -0.815173, 0.37472, 0.0, 0.815173, 0.579218, -0.0, 0.0, 0.0, 0.0, 1.0],
                [1.0, -0.0, 0.0, -0.0, 1e-06, 0.579218, -0.815173, 0.37472, 0.0, 0.815173, 0.579218, -0.0, 0.0, 0.0, 0.0, 1.0],
                [1.0, -0.0, 0.0, -0.0, 1e-06, 0.579218, -0.815173, 0.37472, 0.0, 0.815173, 0.579218, 0.0, 0.0, 0.0, 0.0, 1.0],
                [1.0, -0.0, 0.0, -0.0, 1e-06, 0.579218, -0.815173, 0.37472, 0.0, 0.815173, 0.579218, -0.0, 0.0, 0.0, 0.0, 1.0],
                [1.0, -0.0, 0.0, -0.0, 1e-06, 0.579218, -0.815173, 0.37472, 0.0, 0.815173, 0.579218, 0.0, 0.0, 0.0, 0.0, 1.0],
                [1.0, -0.0, 0.0, 0.0, 1e-06, 0.579218, -0.815173, 0.37472, 0.0, 0.815173, 0.579218, -0.0, 0.0, 0.0, 0.0, 1.0]
            ]
        },
        {
            "name": "Torso",
            "time": [0.0, 0.2917, 0.625, 0.9167, 1.25, 1.5, 1.625, 1.7917],
            "transform": [
                [0.966036, 0.249541, 0.067111, -0.0, -0.226383, 0.942503, -0.245843, 0.05, -0.124601, 0.222301, 0.966983, 0.0, 0.0, 0.0, 0.0, 1.0],
                [0.917811, 0.393516, -0.052613, -0.0, -0.389456, 0.866649, -0.311839, 0.05, -0.077116, 0.3067, 0.948677, 0.0, 0.0, 0.0, 0.0, 1.0],
                [0.891928, 0.418185, -0.172004, 0.0, -0.426882, 0.65329, -0.625287, 0.05, -0.149117, 0.631137, 0.761203, -0.0, 0.0, 0.0, 0.0, 1.0],
                [0.891928, 0.418185, -0.172004, -0.0, -0.426882, 0.65329, -0.625287, 0.05, -0.149117, 0.631137, 0.761203, 0.0, 0.0, 0.0, 0.0, 1.0],
                [0.93473, 0.198619, 0.29467, 0.0, -0.098976, 0.941919, -0.320926, 0.05, -0.341297, 0.270813, 0.900098, 0.0, 0.0, 0.0, 0.0, 1.0],
                [0.992352, 0.103598, 0.067111, 0.0, -0.084184, 0.965647, -0.245843, 0.05, -0.090275, 0.238314, 0.966983, -0.0, 0.0, 0.0, 0.0, 1.0],
                [0.992353, 0.103598, 0.067111, 0.0, -0.084184, 0.965647, -0.245843, 0.05, -0.090275, 0.238314, 0.966984, 0.0, 0.0, 0.0, 0.0, 1.0],
                [0.992353, 0.103598, 0.067111, 0.0, -0.084184, 0.965647, -0.245843, 0.05, -0.090275, 0.238314, 0.966983, 0.0, 0.0, 0.0, 0.0, 1.0]
            ]
        },
        {
            "name": "Chest",
            "time": [0.0, 0.2917, 0.625, 0.9167, 1.25, 1.5, 1.625, 1.7917],
            "transform": [
                [0.967487, -0.070108, 0.243009, 0.0, 0.0, 0.960814, 0.277193, 0.3, -0.25292, -0.268181, 0.929576, -0.0, 0.0, 0.0, 0.0, 1.0],
                [0.967487, -0.070108, 0.243009, 0.0, -0.0, 0.960814, 0.277193, 0.3, -0.25292, -0.268181, 0.929576, 0.0, 0.0, 0.0, 0.0, 1.0],
                [0.513646, -0.237757, 0.824403, -0.0, -0.282356, 0.860481, 0.424084, 0.3, -0.810212, -0.450605, 0.374851, -0.0, 0.0, 0.0, 0.0, 1.0],
                [0.513646, -0.237757, 0.824403, 0.0, -0.282356, 0.860481, 0.424084, 0.3, -0.810212, -0.450605, 0.374851, 0.0, 0.0, 0.0, 0.0, 1.0],
                [0.763036, -0.25285, 0.594848, 0.0, -0.188034, 0.793669, 0.578562, 0.3, -0.618401, -0.553315, 0.558053, -0.0, 0.0, 0.0, 0.0, 1.0],
                [0.983561, -0.042544, 0.175493, -0.0, -0.101659, 0.672756, 0.732848, 0.3, -0.149242, -0.738641, 0.657371, 0.0, 0.0, 0.0, 0.0, 1.0],
                [0.9833, -0.043489, 0.176722, -0.0, -0.093163, 0.713875, 0.694048, 0.3, -0.156341, -0.698921, 0.697902, -0.0, 0.0, 0.0, 0.0, 1.0],
                [0.967487, -0.070108, 0.243009, -0.0, -0.0, 0.960814, 0.277193, 0.3, -0.25292, -0.268181, 0.929576, -0.0, 0.0, 0.0, 0.0, 1.0]
            ]
        },
        {
            "name": "Head",
            "time": [0.0, 0.2917, 0.625, 0.9167, 1.25, 1.5, 1.625, 1.7917],
            "transform": [
                [0.936636, 0.001275, -0.350303, -0.0, 0.031637, 0.995599, 0.088212, 0.4, 0.348874, -0.093705, 0.932473, 0.0, 0.0, 0.0, 0.0, 1.0],
                [0.936636, 0.001275, -0.350303, 0.0, 0.031637, 0.995599, 0.088212, 0.4, 0.348874, -0.093705, 0.932473, -0.0, 0.0, 0.0, 0.0, 1.0],
                [0.936636, 0.001275, -0.350303, -0.0, 0.031637, 0.995599, 0.088212, 0.4, 0.348874, -0.093705, 0.932473, 0.0, 0.0, 0.0, 0.0, 1.0],
                [0.936636, 0.001275, -0.350303, 0.0, 0.031637, 0.995599, 0.088212, 0.4, 0.348874, -0.093705, 0.932473, 0.0, 0.0, 0.0, 0.0, 1.0],
                [0.936636, 0.001275, -0.350303, -0.0, 0.031637, 0.995599, 0.088212, 0.4, 0.348874, -0.093705, 0.932473, 0.0, 0.0, 0.0, 0.0, 1.0],
                [0.936636, 0.001275, -0.350303, 0.0, 0.031637, 0.995599, 0.088212, 0.4, 0.348874, -0.093705, 0.932473, -0.0, 0.0, 0.0, 0.0, 1.0],
                [0.936636, 0.001275, -0.350303, -0.0, 0.031637, 0.995599, 0.088212, 0.4, 0.348874, -0.093705, 0.932473, -0.0, 0.0, 0.0, 0.0, 1.0],
                [0.936636, 0.001275, -0.350303, -0.0, 0.031637, 0.995599, 0.088212, 0.4, 0.348874, -0.093705, 0.932473, -0.0, 0.0, 0.0, 0.0, 1.0]
            ]
        },
        {
            "name": "Shoulder_R",
            "time": [0.0, 0.2917, 0.625, 0.9167, 1.25, 1.5, 1.625, 1.7917],
            "transform": [
                [0.179567, 0.941635, 0.284744, -0.0, -0.084728, -0.273569, 0.958113, 0.4, 0.98009, -0.196172, 0.030659, 0.0, 0.0, 0.0, 0.0, 1.0],
                [0.179567, 0.941635, 0.284744, 0.0, -0.084728, -0.273569, 0.958113, 0.4, 0.98009, -0.196172, 0.030659, -0.0, 0.0, 0.0, 0.0, 1.0],
                [0.179567, 0.941635, 0.284744, -0.0, -0.084728, -0.273569, 0.958113, 0.4, 0.98009, -0.196172, 0.030659, 0.0, 0.0, 0.0, 0.0, 1.0],
                [-0.282473, 0.957754, 0.053997, 0.0, -0.116364, -0.090084, 0.989113, 0.4, 0.952191, 0.273114, 0.136894, 0.0, 0.0, 0.0, 0.0, 1.0],
                [-0.053915, 0.982802, 0.176614, -0.0, -0.089606, -0.180919, 0.979407, 0.4, 0.994517, 0.036979, 0.097819, 0.0, 0.0, 0.0, 0.0, 1.0],
                [0.179567, 0.941635, 0.284744, 0.0, -0.084729, -0.273569, 0.958113, 0.4, 0.98009, -0.196172, 0.030659, -0.0, 0.0, 0.0, 0.0, 1.0],
                [0.179567, 0.941635, 0.284744, -0.0, -0.084728, -0.273569, 0.958113, 0.4, 0.98009, -0.196172, 0.030659, -0.0, 0.0, 0.0, 0.0, 1.0],
                [0.179567, 0.941635, 0.284744, -0.0, -0.084728, -0.273569, 0.958113, 0.4, 0.98009, -0.196172, 0.030659, -0.0, 0.0, 0.0, 0.0, 1.0]
            ]
        },
        {
            "name": "Arm_R",
            "time": [0.0, 0.2917, 0.625, 0.9167, 1.25, 1.5, 1.625, 1.7917],
            "transform": [
                [0.333974, 0.422338, -0.84267, -0.0, 0.565089, 0.625817, 0.537614, 0.39386, 0.754411, -0.655732, -0.029652, -0.0, 0.0, 0.0, 0.0, 1.0],
                [0.333974, 0.422338, -0.84267, 0.0, 0.565089, 0.625817, 0.537614, 0.39386, 0.754411, -0.655732, -0.029652, 0.0, 0.0, 0.0, 0.0, 1.0],
                [0.333974, 0.422338, -0.84267, 0.0, 0.565089, 0.625817, 0.537614, 0.39386, 0.754411, -0.655732, -0.029652, -0.0, 0.0, 0.0, 0.0, 1.0],
                [0.333974, 0.422338, -0.84267, 0.0, 0.565089, 0.625817, 0.537614, 0.39386, 0.754411, -0.655732, -0.029652, -0.0, 0.0, 0.0, 0.0, 1.0],
                [0.333974, 0.422338, -0.84267, -0.0, 0.565089, 0.625817, 0.537614, 0.393861, 0.754411, -0.655732, -0.029652, -0.0, 0.0, 0.0, 0.0, 1.0],
                [0.333974, 0.422338, -0.84267, -0.0, 0.565089, 0.625817, 0.537614, 0.393861, 0.754411, -0.655732, -0.029652, -0.0, 0.0, 0.0, 0.0, 1.0],
                [0.333974, 0.422338, -0.84267, 0.0, 0.565089, 0.625817, 0.537614, 0.393861, 0.754411, -0.655732, -0.029652, 0.0, 0.0, 0.0, 0.0, 1.0],
                [0.333974, 0.422338, -0.84267, 0.0, 0.565089, 0.625817, 0.537614, 0.39386, 0.754411, -0.655732, -0.029652, -0.0, 0.0, 0.0, 0.0, 1.0]
            ]
        },
        {
            "name": "Hand_R",
            "time": [0.0, 0.2917, 0.625, 0.9167, 1.25, 1.5, 1.625, 1.7917],
            "transform": [
                [1.0, -0.0, 0.0, -0.0, 0.0, 0.993004, -0.118085, 0.3, -0.0, 0.118085, 0.993003, 0.0, 0.0, 0.0, 0.0, 1.0],
                [1.0, 0.0, 0.0, 0.0, 0.0, 0.993004, -0.118085, 0.3, 0.0, 0.118085, 0.993003, 0.0, 0.0, 0.0, 0.0, 1.0],
                [1.0, 0.0, 0.0, 0.0, -0.0, 0.993004, -0.118085, 0.3, -0.0, 0.118085, 0.993004, -0.0, 0.0, 0.0, 0.0, 1.0],
                [1.0, 0.0, 0.0, -0.0, -0.0, 0.993004, -0.118085, 0.3, -0.0, 0.118085, 0.993004, 0.0, 0.0, 0.0, 0.0, 1.0],
                [1.0, 0.0, 0.0, 0.0, 0.0, 0.993003, -0.118085, 0.3, -0.0, 0.118085, 0.993003, -0.0, 0.0, 0.0, 0.0, 1.0],
                [1.0, -0.0, 0.0, 0.0, 0.0, 0.993004, -0.118085, 0.3, -0.0, 0.118085, 0.993004, 0.0, 0.0, 0.0, 0.0, 1.0],
                [1.0, -0.0, 0.0, -0.0, 0.0, 0.993004, -0.118085, 0.3, -0.0, 0.118085, 0.993004, 0.0, 0.0, 0.0, 0.0, 1.0],
                [1.0, -0.0, 0.0, 0.0, 0.0, 0.993003, -0.118085, 0.3, -0.0, 0.118085, 0.993003, -0.0, 0.0, 0.0, 0.0, 1.0]
            ]
        },
        {
            "name": "Tool_R",
            "time": [0.0, 0.2917, 0.625, 0.9167, 1.25, 1.5, 1.625, 1.7917],
            "transform": [
                [1.0, 0.0, 0.0, -0.0, -0.0, -0.999836, 0.018122, 0.272858, 0.0, -0.018122, -0.99924, -0.0, 0.0, 0.0, 0.0, 1.0],
                [1.0, 0.0, 0.0, 0.0, -0.0, -0.999836, 0.018122, 0.272858, 0.0, -0.018122, -0.99924, 0.0, 0.0, 0.0, 0.0, 1.0],
                [1.0, 0.0, 0.0, 0.0, -0.0, -0.999836, 0.018122, 0.272858, 0.0, -0.018122, -0.99924, -0.0, 0.0, 0.0, 0.0, 1.0],
                [1.0, 0.0, 0.0, -0.0, 0.0, -0.999836, 0.018122, 0.272858, 0.0, -0.018122, -0.99924, -0.0, 0.0, 0.0, 0.0, 1.0],
                [1.0, -0.0, 0.0, 0.0, -0.0, -0.999836, 0.018122, 0.272858, 0.0, -0.018122, -0.99924, -0.0, 0.0, 0.0, 0.0, 1.0],
                [1.0, 0.0, 0.0, -0.0, -0.0, -0.999836, 0.018122, 0.272858, 0.0, -0.018122, -0.99924, 0.0, 0.0, 0.0, 0.0, 1.0],
                [1.0, 0.0, 0.0, 0.0, -0.0, -0.999836, 0.018122, 0.272858, 0.0, -0.018122, -0.99924, 0.0, 0.0, 0.0, 0.0, 1.0],
                [1.0, 0.0, 0.0, -0.0, 0.0, -0.999836, 0.018122, 0.272858, 0.0, -0.018122, -0.99924, 0.0, 0.0, 0.0, 0.0, 1.0]
            ]
        },
        {
            "name": "Elbow_R",
            "time": [0.0, 0.2917, 0.625, 0.9167, 1.25, 1.5, 1.625, 1.7917],
            "transform": [
                [-1.0, 0.0, -0.0, -0.0, 0.0, 0.131321, -0.99134, 0.3, -0.0, -0.99134, -0.131321, 0.0, 0.0, 0.0, 0.0, 1.0],
                [-1.0, 0.0, -0.0, 0.0, 0.0, 0.131321, -0.99134, 0.3, -0.0, -0.99134, -0.131321, 0.0, 0.0, 0.0, 0.0, 1.0],
                [-1.0, 0.0, 0.0, 0.0, 0.0, 0.131321, -0.99134, 0.3, -0.0, -0.99134, -0.131321, -0.0, 0.0, 0.0, 0.0, 1.0],
                [-1.0, 0.0, -0.0, -0.0, 0.0, 0.131321, -0.99134, 0.3, -0.0, -0.99134, -0.131321, 0.0, 0.0, 0.0, 0.0, 1.0],
                [-1.0, 0.0, -0.0, 0.0, 0.0, 0.131321, -0.99134, 0.3, -0.0, -0.99134, -0.131321, -0.0, 0.0, 0.0, 0.0, 1.0],
                [-1.0, 0.0, 0.0, 0.0, 0.0, 0.131321, -0.99134, 0.3, -0.0, -0.99134, -0.131321, 0.0, 0.0, 0.0, 0.0, 1.0],
                [-1.0, 0.0, -0.0, -0.0, 0.0, 0.131321, -0.99134, 0.3, -0.0, -0.99134, -0.131321, 0.0, 0.0, 0.0, 0.0, 1.0],
                [-1.0, 0.0, -0.0, 0.0, 0.0, 0.131321, -0.99134, 0.3, -0.0, -0.99134, -0.131321, -0.0, 0.0, 0.0, 0.0, 1.0]
            ]
        },
        {
            "name": "Shoulder_L",
            "time": [0.0, 0.2917, 0.625, 0.9167, 1.25, 1.5, 1.625, 1.7917],
            "transform": [
                [-0.073598, -0.899072, -0.431569, -0.0, -0.023634, -0.431049, 0.902019, 0.4, -0.997008, 0.076586, 0.010476, 0.0, 0.0, 0.0, 0.0, 1.0],
                [-0.073598, -0.899072, -0.431569, 0.0, -0.023634, -0.431049, 0.902019, 0.4, -0.997008, 0.076586, 0.010476, -0.0, 0.0, 0.0, 0.0, 1.0],
                [-0.073598, -0.899072, -0.431569, -0.0, -0.023634, -0.431049, 0.902019, 0.4, -0.997008, 0.076586, 0.010476, 0.0, 0.0, 0.0, 0.0, 1.0],
                [-0.073598, -0.899072, -0.431569, 0.0, -0.023634, -0.431049, 0.902019, 0.4, -0.997008, 0.076586, 0.010476, 0.0, 0.0, 0.0, 0.0, 1.0],
                [-0.073598, -0.899072, -0.431569, -0.0, -0.023634, -0.431049, 0.902019, 0.4, -0.997008, 0.076586, 0.010476, 0.0, 0.0, 0.0, 0.0, 1.0],
                [-0.073598, -0.899072, -0.431569, 0.0, -0.023634, -0.431049, 0.902019, 0.4, -0.997008, 0.076586, 0.010476, -0.0, 0.0, 0.0, 0.0, 1.0],
                [-0.073598, -0.899072, -0.431569, -0.0, -0.023634, -0.431049, 0.902019, 0.4, -0.997008, 0.076586, 0.010476, -0.0, 0.0, 0.0, 0.0, 1.0],
                [-0.073598, -0.899072, -0.431569, -0.0, -0.023634, -0.431049, 0.902019, 0.4, -0.997008, 0.076586, 0.010476, -0.0, 0.0, 0.0, 0.0, 1.0]
            ]
        },
        {
            "name": "Arm_L",
            "time": [0.0, 0.2917, 0.625, 0.9167, 1.25, 1.5, 1.625, 1.7917],
            "transform": [
                [0.393427, -0.274765, 0.877336, 0.0, -0.264256, 0.880226, 0.394171, 0.39386, -0.880558, -0.386919, 0.273697, -0.0, 0.0, 0.0, 0.0, 1.0],
                [0.393427, -0.274765, 0.877336, 0.0, -0.264256, 0.880226, 0.394171, 0.39386, -0.880559, -0.386919, 0.273697, 0.0, 0.0, 0.0, 0.0, 1.0],
                [0.393428, -0.274765, 0.877336, -0.0, -0.264256, 0.880226, 0.394171, 0.39386, -0.880559, -0.386919, 0.273697, -0.0, 0.0, 0.0, 0.0, 1.0],
                [0.393427, -0.274765, 0.877336, -0.0, -0.264256, 0.880226, 0.394171, 0.39386, -0.880558, -0.386919, 0.273697, -0.0, 0.0, 0.0, 0.0, 1.0],
                [0.393427, -0.274765, 0.877336, 0.0, -0.264256, 0.880226, 0.394171, 0.39386, -0.880559, -0.386919, 0.273697, 0.0, 0.0, 0.0, 0.0, 1.0],
                [0.393427, -0.274765, 0.877336, 0.0, -0.264256, 0.880226, 0.394171, 0.39386, -0.880558, -0.386919, 0.273697, 0.0, 0.0, 0.0, 0.0, 1.0],
                [0.393428, -0.274765, 0.877336, -0.0, -0.264256, 0.880226, 0.394171, 0.39386, -0.880559, -0.386919, 0.273697, 0.0, 0.0, 0.0, 0.0, 1.0],
                [0.393427, -0.274765, 0.877336, 0.0, -0.264256, 0.880226, 0.394171, 0.39386, -0.880558, -0.386919, 0.273697, -0.0, 0.0, 0.0, 0.0, 1.0]
            ]
        },
        {
            "name": "Hand_L",
            "time": [0.0, 0.2917, 0.625, 0.9167, 1.25, 1.5, 1.625, 1.7917],
            "transform": [
                [1.0, 0.0, -0.0, -0.0, -0.0, 0.132126, -0.991233, 0.3, -0.0, 0.991233, 0.132126, -0.0, 0.0, 0.0, 0.0, 1.0],
                [1.0, 0.0, -0.0, 0.0, -0.0, 0.132126, -0.991233, 0.3, -0.0, 0.991233, 0.132126, 0.0, 0.0, 0.0, 0.0, 1.0],
                [1.0, 0.0, 0.0, 0.0, -0.0, 0.132126, -0.991233, 0.3, -0.0, 0.991233, 0.132126, -0.0, 0.0, 0.0, 0.0, 1.0],
                [1.0, 0.0, -0.0, 0.0, -0.0, 0.132126, -0.991233, 0.3, -0.0, 0.991233, 0.132126, 0.0, 0.0, 0.0, 0.0, 1.0],
                [1.0, 0.0, 0.0, 0.0, -0.0, 0.132126, -0.991233, 0.3, -0.0, 0.991233, 0.132126, 0.0, 0.0, 0.0, 0.0, 1.0],
                [1.0, 0.0, -0.0, -0.0, -0.0, 0.132126, -0.991233, 0.3, -0.0, 0.991233, 0.132126, 0.0, 0.0, 0.0, 0.0, 1.0],
                [1.0, 0.0, -0.0, 0.0, -0.0, 0.132126, -0.991233, 0.3, -0.0, 0.991233, 0.132126, 0.0, 0.0, 0.0, 0.0, 1.0],
                [1.0, 0.0, -0.0, 0.0, -0.0, 0.132126, -0.991233, 0.3, -0.0, 0.991233, 0.132126, -0.0, 0.0, 0.0, 0.0, 1.0]
            ]
        },
        {
            "name": "Tool_L",
            "time": [0.0, 0.9167, 1.5, 1.625, 1.7917],
            "transform": [
                [0.87576, 0.406454, -0.260459, -0.0, 0.225514, -0.821501, -0.523717, 0.272858, -0.426577, 0.399666, -0.81062, 0.0, 0.0, 0.0, 0.0, 1.0],
                [0.87576, 0.406454, -0.260459, 0.0, 0.225514, -0.821501, -0.523717, 0.272858, -0.426577, 0.399666, -0.81062, -0.0, 0.0, 0.0, 0.0, 1.0],
                [0.479808, 0.43542, -0.761705, -0.0, 0.151698, -0.89626, -0.41678, 0.272858, -0.863642, 0.084365, -0.495793, 0.0, 0.0, 0.0, 0.0, 1.0],
                [0.354389, 0.41215, -0.83937, 0.0, 0.146574, -0.911015, -0.385444, 0.272858, -0.922986, 0.013549, -0.383039, 0.0, 0.0, 0.0, 0.0, 1.0],
                [0.175888, 0.364797, -0.914323, 0.0, 0.147292, -0.9281, -0.341959, 0.272858, -0.972746, -0.074491, -0.216848, 0.0, 0.0, 0.0, 0.0, 1.0]
            ]
        },
        {
            "name": "Elbow_L",
            "time": [0.0, 0.2917, 0.625, 0.9167, 1.25, 1.5, 1.625, 1.7917],
            "transform": [
                [-1.0, 0.0, 0.0, -0.0, 0.0, 0.880384, -0.474262, 0.3, -0.0, -0.474262, -0.880384, -0.0, 0.0, 0.0, 0.0, 1.0],
                [-1.0, 0.0, 0.0, 0.0, 0.0, 0.880384, -0.474262, 0.3, -0.0, -0.474262, -0.880384, 0.0, 0.0, 0.0, 0.0, 1.0],
                [-1.0, 0.0, 0.0, 0.0, 0.0, 0.880384, -0.474262, 0.3, -0.0, -0.474262, -0.880384, -0.0, 0.0, 0.0, 0.0, 1.0],
                [-1.0, 0.0, 0.0, 0.0, 0.0, 0.880384, -0.474262, 0.3, -0.0, -0.474262, -0.880384, 0.0, 0.0, 0.0, 0.0, 1.0],
                [-1.0, 0.0, 0.0, 0.0, 0.0, 0.880384, -0.474262, 0.3, -0.0, -0.474262, -0.880384, 0.0, 0.0, 0.0, 0.0, 1.0],
                [-1.0, 0.0, 0.0, -0.0, 0.0, 0.880384, -0.474262, 0.3, -0.0, -0.474262, -0.880384, 0.0, 0.0, 0.0, 0.0, 1.0],
                [-1.0, 0.0, 0.0, 0.0, 0.0, 0.880384, -0.474262, 0.3, -0.0, -0.474262, -0.880384, 0.0, 0.0, 0.0, 0.0, 1.0],
                [-1.0, 0.0, 0.0, 0.0, -0.0, 0.880384, -0.474262, 0.3, -0.0, -0.474262, -0.880384, -0.0, 0.0, 0.0, 0.0, 1.0]
            ]
        }
    ]
}