{
    "animation": [
        {
            "name": "Root",
            "time": [0.0, 0.2917, 0.4583],
            "transform": [
                [1.0, 0.0, 0.0, -5e-06, 0.0, 0.0, -1.0, 0.000946, 0.0, 1.0, 0.0, 1.363729, 0.0, 0.0, 0.0, 1.0],
                [1.0, 0.0, 0.0, -5e-06, 0.0, 0.0, -1.0, 0.393152, 0.0, 1.0, 0.0, 1.309356, 0.0, 0.0, 0.0, 1.0],
                [1.0, 0.0, 0.0, -5e-06, 0.0, 0.0, -1.0, 0.393152, 0.0, 1.0, 0.0, 1.309356, 0.0, 0.0, 0.0, 1.0]
            ]
        },
        {
            "name": "Thigh_R",
            "time": [0.0, 0.2917, 0.4583],
            "transform": [
                [0.867728, 0.468244, 0.166722, 0.124994, 0.473631, -0.880684, 0.008352, -0.002831, 0.15074, 0.071718, -0.985968, -1.2e-05, 0.0, 0.0, 0.0, 1.0],
                [0.989995, 0.136135, 0.037101, 0.124994, -0.002358, -0.246941, 0.969028, -0.002831, 0.14108, -0.95942, -0.24415, -1.2e-05, 0.0, 0.0, 0.0, 1.0],
                [0.989995, 0.136135, 0.037101, 0.124994, -0.002358, -0.246941, 0.969028, -0.002831, 0.14108, -0.95942, -0.24415, -1.2e-05, 0.0, 0.0, 0.0, 1.0]
            ]
        },
        {
            "name": "Leg_R",
            "time": [0.0, 0.2917, 0.4583],
            "transform": [
                [1.0, -0.0, 1e-06, -0.0, -0.0, 0.892283, 0.451477, 0.37472, -1e-06, -0.451477, 0.892283, 0.0, 0.0, 0.0, 0.0, 1.0],
                [1.0, -0.0, 1e-06, -0.0, -0.0, 0.892283, 0.451477, 0.37472, -1e-06, -0.451477, 0.892283, -0.0, 0.0, 0.0, 0.0, 1.0],
                [1.0, -0.0, 1e-06, -0.0, -0.0, 0.892283, 0.451477, 0.37472, -1e-06, -0.451477, 0.892283, -0.0, 0.0, 0.0, 0.0, 1.0]
            ]
        },
        {
            "name": "Knee_R",
            "time": [0.0, 0.2917, 0.4583],
            "transform": [
                [1.0, 0.0, -0.0, -0.0, -0.0, 0.244307, -0.969698, 0.37472, -0.0, 0.969698, 0.244307, 0.0, 0.0, 0.0, 0.0, 1.0],
                [1.0, 0.0, -0.0, -0.0, -0.0, 1e-06, -1.0, 0.37472, -0.0, 1.0, 1e-06, -0.0, 0.0, 0.0, 0.0, 1.0],
                [1.0, 0.0, -0.0, -0.0, -0.0, 1e-06, -1.0, 0.37472, -0.0, 1.0, 1e-06, -0.0, 0.0, 0.0, 0.0, 1.0]
            ]
        },
        {
            "name": "Thigh_L",
            "time": [0.0, 0.2917, 0.4583],
            "transform": [
                [0.981462, -0.039481, 0.187546, -0.125006, -0.189222, -0.355095, 0.915479, -0.002831, 0.030452, -0.933996, -0.355983, -1.2e-05, 0.0, 0.0, 0.0, 1.0],
                [0.990875, -0.133345, -0.019659, -0.125006, 0.003534, -0.120103, 0.992755, -0.002831, -0.13474, -0.983765, -0.118537, -1.2e-05, 0.0, 0.0, 0.0, 1.0],
                [0.990875, -0.133345, -0.019659, -0.125006, 0.003534, -0.120103, 0.992755, -0.002831, -0.13474, -0.983765, -0.118537, -1.2e-05, 0.0, 0.0, 0.0, 1.0]
            ]
        },
        {
            "name": "Leg_L",
            "time": [0.0, 0.2917, 0.4583],
            "transform": [
                [1.0, -0.0, 0.0, -0.0, -0.0, -0.51316, 0.858293, 0.37472, -0.0, -0.858293, -0.51316, 0.0, 0.0, 0.0, 0.0, 1.0],
                [1.0, -0.0, 1e-06, 0.0, -0.0, 0.892283, 0.451477, 0.37472, -1e-06, -0.451477, 0.892283, 0.0, 0.0, 0.0, 0.0, 1.0],
                [1.0, -0.0, 1e-06, 0.0, -0.0, 0.892283, 0.451477, 0.37472, -1e-06, -0.451477, 0.892283, 0.0, 0.0, 0.0, 0.0, 1.0]
            ]
        },
        {
            "name": "Knee_L",
            "time": [0.0, 0.2917, 0.4583],
            "transform": [
                [1.0, 0.0, -0.0, -0.0, -0.0, 0.903772, -0.428015, 0.37472, 0.0, 0.428015, 0.903772, 0.0, 0.0, 0.0, 0.0, 1.0],
                [1.0, 0.0, -0.0, 0.0, -0.0, 1e-06, -1.0, 0.37472, -0.0, 1.0, 1e-06, 0.0, 0.0, 0.0, 0.0, 1.0],
                [1.0, 0.0, -0.0, 0.0, -0.0, 1e-06, -1.0, 0.37472, -0.0, 1.0, 1e-06, 0.0, 0.0, 0.0, 0.0, 1.0]
            ]
        },
        {
            "name": "Torso",
            "time": [0.0, 0.2917, 0.4583],
            "transform": [
                [1.0, 0.0, 0.0, 0.0, 0.0, 0.985081, 0.17209, 0.05, 0.0, -0.17209, 0.985081, 0.0, 0.0, 0.0, 0.0, 1.0],
                [1.0, 0.0, 0.0, 0.0, 0.0, 0.985081, 0.17209, 0.05, 0.0, -0.17209, 0.985081, 0.0, 0.0, 0.0, 0.0, 1.0],
                [1.0, 0.0, 0.0, 0.0, 0.0, 0.985081, 0.17209, 0.05, 0.0, -0.17209, 0.985081, 0.0, 0.0, 0.0, 0.0, 1.0]
            ]
        },
        {
            "name": "Chest",
            "time": [0.0, 0.2917, 0.4583],
            "transform": [
                [1.0, 0.0, 0.0, 0.0, 0.0, 0.990019, 0.140934, 0.3, 0.0, -0.140934, 0.990019, 0.0, 0.0, 0.0, 0.0, 1.0],
                [1.0, 0.0, 0.0, 0.0, 0.0, 0.565066, 0.825046, 0.3, 0.0, -0.825046, 0.565066, 0.0, 0.0, 0.0, 0.0, 1.0],
                [1.0, 0.0, 0.0, 0.0, 0.0, 0.565066, 0.825046, 0.3, 0.0, -0.825046, 0.565066, 0.0, 0.0, 0.0, 0.0, 1.0]
            ]
        },
        {
            "name": "Head",
            "time": [0.0, 0.2917, 0.4583],
            "transform": [
                [1.0, 0.0, 0.0, 0.0, 0.0, 0.981233, -0.192826, 0.4, 0.0, 0.192826, 0.981233, 0.0, 0.0, 0.0, 0.0, 1.0],
                [1.0, 0.0, 0.0, -0.0, 0.0, 0.981233, -0.192826, 0.4, 0.0, 0.192826, 0.981233, -0.0, 0.0, 0.0, 0.0, 1.0],
                [1.0, 0.0, 0.0, -0.0, 0.0, 0.981233, -0.192826, 0.4, 0.0, 0.192826, 0.981233, -0.0, 0.0, 0.0, 0.0, 1.0]
            ]
        },
        {
            "name": "Shoulder_R",
            "time": [0.0, 0.2917, 0.4583],
            "transform": [
                [-0.410453, 0.911752, 0.015374, 0.0, -0.54838, -0.26027, 0.794694, 0.4, 0.728565, 0.317754, 0.606816, 0.0, 0.0, 0.0, 0.0, 1.0],
                [0.511407, 0.776283, 0.368573, -0.0, -0.654398, 0.073811, 0.752539, 0.4, 0.556979, -0.626048, 0.545745, -0.0, 0.0, 0.0, 0.0, 1.0],
                [0.511407, 0.776283, 0.368573, -0.0, -0.654398, 0.073811, 0.752539, 0.4, 0.556979, -0.626048, 0.545745, -0.0, 0.0, 0.0, 0.0, 1.0]
            ]
        },
        {
            "name": "Arm_R",
            "time": [0.0, 0.2917, 0.4583],
            "transform": [
                [0.151453, 0.365764, -0.918302, -0.0, -0.305307, 0.900904, 0.308481, 0.39386, 0.940133, 0.233643, 0.248115, 0.0, 0.0, 0.0, 0.0, 1.0],
                [-0.025312, -0.803266, 0.595082, 0.0, -0.358194, -0.548461, -0.755571, 0.393861, 0.933304, -0.232279, -0.273843, 0.0, 0.0, 0.0, 0.0, 1.0],
                [-0.025312, -0.803266, 0.595082, 0.0, -0.358194, -0.548461, -0.755571, 0.393861, 0.933304, -0.232279, -0.273843, 0.0, 0.0, 0.0, 0.0, 1.0]
            ]
        },
        {
            "name": "Hand_R",
            "time": [0.0, 0.2917, 0.4583],
            "transform": [
                [1.0, -0.0, 0.0, 0.0, -0.0, 0.974039, -0.22638, 0.3, -0.0, 0.22638, 0.974039, -0.0, 0.0, 0.0, 0.0, 1.0],
                [1.0, 0.0, 0.0, 0.0, 0.0, 0.911286, -0.411774, 0.3, -0.0, 0.411774, 0.911286, -0.0, 0.0, 0.0, 0.0, 1.0],
                [1.0, 0.0, 0.0, 0.0, 0.0, 0.911286, -0.411774, 0.3, -0.0, 0.411774, 0.911286, -0.0, 0.0, 0.0, 0.0, 1.0]
            ]
        },
        {
            "name": "Tool_R",
            "time": [0.0, 0.2917, 0.4583],
            "transform": [
                [1.0, -0.0, -0.0, -0.0, -0.0, -0.161321, -0.986902, 0.272858, 0.0, 0.986316, -0.161236, -0.0, 0.0, 0.0, 0.0, 1.0],
                [1.0, -0.0, 0.0, -0.0, -0.0, -0.828783, -0.55957, 0.272858, 0.0, 0.55923, -0.828298, 0.0, 0.0, 0.0, 0.0, 1.0],
                [1.0, -0.0, 0.0, -0.0, -0.0, -0.828783, -0.55957, 0.272858, 0.0, 0.55923, -0.828298, 0.0, 0.0, 0.0, 0.0, 1.0]
            ]
        },
        {
            "name": "Elbow_R",
            "time": [0.0, 0.2917, 0.4583],
            "transform": [
                [-1.0, 0.0, -0.0, 0.0, 0.0, -0.0, -1.0, 0.3, -0.0, -1.0, 0.0, -0.0, 0.0, 0.0, 0.0, 1.0],
                [-1.0, 0.0, -0.0, 0.0, 0.0, -0.0, -1.0, 0.3, -0.0, -1.0, 0.0, -0.0, 0.0, 0.0, 0.0, 1.0],
                [-1.0, 0.0, -0.0, 0.0, 0.0, -0.0, -1.0, 0.3, -0.0, -1.0, 0.0, -0.0, 0.0, 0.0, 0.0, 1.0]
            ]
        },
        {
            "name": "Shoulder_L",
            "time": [0.0, 0.2917, 0.4583],
            "transform": [
                [-0.417771, -0.907439, 0.044956, 0.0, 0.511779, -0.194154, 0.836891, 0.4, -0.750699, 0.372636, 0.545521, 0.0, 0.0, 0.0, 0.0, 1.0],
                [0.583812, -0.81039, 0.049308, -0.0, -0.046143, 0.027515, 0.998556, 0.4, -0.810576, -0.585244, -0.02133, -0.0, 0.0, 0.0, 0.0, 1.0],
                [0.583812, -0.81039, 0.049308, -0.0, -0.046143, 0.027515, 0.998556, 0.4, -0.810576, -0.585244, -0.02133, -0.0, 0.0, 0.0, 0.0, 1.0]
            ]
        },
        {
            "name": "Arm_L",
            "time": [0.0, 0.2917, 0.4583],
            "transform": [
                [0.151453, -0.365764, 0.918302, 0.0, 0.305307, 0.900904, 0.30848, 0.39386, -0.940133, 0.233643, 0.248115, -0.0, 0.0, 0.0, 0.0, 1.0],
                [0.120751, 0.768161, -0.628767, 0.0, 0.515994, -0.589678, -0.621314, 0.39386, -0.848039, -0.249416, -0.46757, 0.0, 0.0, 0.0, 0.0, 1.0],
                [0.120751, 0.768161, -0.628767, 0.0, 0.515994, -0.589678, -0.621314, 0.39386, -0.848039, -0.249416, -0.46757, 0.0, 0.0, 0.0, 0.0, 1.0]
            ]
        },
        {
            "name": "Hand_L",
            "time": [0.0, 0.2917, 0.4583],
            "transform": [
                [1.0, 0.0, 0.0, 0.0, -0.0, 0.974039, -0.22638, 0.3, 0.0, 0.22638, 0.974039, 0.0, 0.0, 0.0, 0.0, 1.0],
                [1.0, 0.0, 0.0, 0.0, -0.0, 0.974039, -0.22638, 0.3, -0.0, 0.22638, 0.974039, 0.0, 0.0, 0.0, 0.0, 1.0],
                [1.0, 0.0, 0.0, 0.0, -0.0, 0.974039, -0.22638, 0.3, -0.0, 0.22638, 0.974039, 0.0, 0.0, 0.0, 0.0, 1.0]
            ]
        },
        {
            "name": "Tool_L",
            "time": [0.0, 0.2917, 0.4583],
            "transform": [
                [1.0, -0.0, 0.0, 0.0, 0.0, -0.025987, -0.999662, 0.272858, 0.0, 0.999074, -0.025982, -0.0, 0.0, 0.0, 0.0, 1.0],
                [1.0, -0.0, 0.0, -0.0, 0.0, -0.828783, -0.55957, 0.272858, 0.0, 0.559232, -0.828301, -0.0, 0.0, 0.0, 0.0, 1.0],
                [1.0, -0.0, 0.0, -0.0, 0.0, -0.828783, -0.55957, 0.272858, 0.0, 0.559232, -0.828301, -0.0, 0.0, 0.0, 0.0, 1.0]
            ]
        },
        {
            "name": "Elbow_L",
            "time": [0.0, 0.2917, 0.4583],
            "transform": [
                [-1.0, 0.0, -0.0, 0.0, 0.0, -0.0, -1.0, 0.3, -0.0, -1.0, -0.0, 0.0, 0.0, 0.0, 0.0, 1.0],
                [-1.0, 0.0, 0.0, 0.0, 0.0, -0.0, -1.0, 0.3, -0.0, -1.0, -0.0, 0.0, 0.0, 0.0, 0.0, 1.0],
                [-1.0, 0.0, 0.0, 0.0, 0.0, -0.0, -1.0, 0.3, -0.0, -1.0, -0.0, 0.0, 0.0, 0.0, 0.0, 1.0]
            ]
        }
    ]
}