{
    "animation": [
        {
            "name": "Root",
            "time": [0.0, 0.5, 0.7917, 1.125, 2.0],
            "transform": [
                [1.0, 0.0, 0.0, -5e-06, 0.0, 0.0, -1.0, 0.000946, 0.0, 1.0, 0.0, 1.112465, 0.0, 0.0, 0.0, 1.0],
                [1.0, 0.0, 0.0, -5e-06, 0.0, 0.0, -1.0, -0.002233, 0.0, 1.0, 0.0, 1.094968, 0.0, 0.0, 0.0, 1.0],
                [1.0, 0.0, 0.0, -5e-06, 0.0, -0.4219, -0.906642, 0.181858, 0.0, 0.906642, -0.4219, 1.138213, 0.0, 0.0, 0.0, 1.0],
                [1.0, 0.0, 0.0, -5e-06, 0.0, -0.4219, -0.906642, 0.181858, 0.0, 0.906642, -0.4219, 1.138213, 0.0, 0.0, 0.0, 1.0],
                [1.0, 0.0, 0.0, -5e-06, 0.0, -0.073589, -0.997289, 0.366711, 0.0, 0.997289, -0.073589, 0.649466, 0.0, 0.0, 0.0, 1.0]
            ]
        },
        {
            "name": "Thigh_R",
            "time": [0.0, 0.5, 0.7917, 1.125, 2.0],
            "transform": [
                [0.993509, 0.107941, 0.03589, 0.124994, 0.071609, -0.838635, 0.539965, -0.002831, 0.088383, -0.53389, -0.840922, -1.2e-05, 0.0, 0.0, 0.0, 1.0],
                [0.993509, 0.107941, 0.03589, 0.124994, 0.071609, -0.838635, 0.539965, -0.002831, 0.088383, -0.53389, -0.840922, -1.2e-05, 0.0, 0.0, 0.0, 1.0],
                [0.940065, 0.335384, 0.061609, 0.124994, 0.317997, -0.927463, 0.196698, -0.002831, 0.123109, -0.165317, -0.978527, -1.2e-05, 0.0, 0.0, 0.0, 1.0],
                [0.940065, 0.335384, 0.061609, 0.124994, 0.317997, -0.927463, 0.196698, -0.002831, 0.123109, -0.165317, -0.978527, -1.2e-05, 0.0, 0.0, 0.0, 1.0],
                [0.967279, 0.231311, -0.104245, 0.124994, 0.249288, -0.790035, 0.560089, -0.002831, 0.047198, -0.567749, -0.821848, -1.2e-05, 0.0, 0.0, 0.0, 1.0]
            ]
        },
        {
            "name": "Leg_R",
            "time": [0.0, 0.5, 0.7917, 1.125, 2.0],
            "transform": [
                [0.993892, 0.059899, 0.092686, 0.0, -0.087296, -0.087076, 0.99237, 0.37472, 0.067512, -0.994399, -0.081315, 0.0, 0.0, 0.0, 0.0, 1.0],
                [0.993892, 0.059899, 0.092686, 0.0, -0.087296, -0.087076, 0.99237, 0.37472, 0.067512, -0.994399, -0.081315, 0.0, 0.0, 0.0, 0.0, 1.0],
                [0.999634, -0.018462, 0.019763, 0.0, -0.012226, 0.343309, 0.939143, 0.37472, -0.024123, -0.939041, 0.342957, 0.0, 0.0, 0.0, 0.0, 1.0],
                [0.999634, -0.018462, 0.019763, 0.0, -0.012226, 0.343309, 0.939143, 0.37472, -0.024123, -0.939041, 0.342957, 0.0, 0.0, 0.0, 0.0, 1.0],
                [0.999634, -0.018462, 0.019763, 0.0, -0.012226, 0.343308, 0.939143, 0.37472, -0.024123, -0.939041, 0.342957, -0.0, 0.0, 0.0, 0.0, 1.0]
            ]
        },
        {
            "name": "Knee_R",
            "time": [0.0, 0.5, 0.7917, 1.125, 2.0],
            "transform": [
                [1.0, 0.0, -0.0, 0.0, -0.0, 0.769562, -0.638573, 0.37472, -0.0, 0.638573, 0.769561, 0.0, 0.0, 0.0, 0.0, 1.0],
                [1.0, 0.0, -0.0, 0.0, -0.0, 0.769562, -0.638573, 0.37472, -0.0, 0.638573, 0.769561, 0.0, 0.0, 0.0, 0.0, 1.0],
                [1.0, 0.0, -0.0, 0.0, -0.0, 0.35213, -0.935951, 0.37472, -0.0, 0.935951, 0.35213, 0.0, 0.0, 0.0, 0.0, 1.0],
                [1.0, 0.0, -0.0, 0.0, -0.0, 0.35213, -0.935951, 0.37472, -0.0, 0.935951, 0.35213, 0.0, 0.0, 0.0, 0.0, 1.0],
                [1.0, 0.0, -0.0, 0.0, -0.0, 0.35213, -0.935951, 0.37472, -0.0, 0.935951, 0.35213, -0.0, 0.0, 0.0, 0.0, 1.0]
            ]
        },
        {
            "name": "Thigh_L",
            "time": [0.0, 0.5, 0.7917, 1.125, 2.0],
            "transform": [
                [0.997157, -0.016836, -0.073449, -0.125006, 0.000105, -0.97441, 0.224776, -0.002831, -0.075354, -0.224144, -0.971638, -1.2e-05, 0.0, 0.0, 0.0, 1.0],
                [0.997157, -0.016836, -0.073449, -0.125006, 0.000105, -0.97441, 0.224776, -0.002831, -0.075354, -0.224144, -0.971638, -1.2e-05, 0.0, 0.0, 0.0, 1.0],
                [0.941997, -0.275678, -0.191423, -0.125006, -0.304286, -0.942153, -0.140559, -0.002831, -0.141601, 0.190654, -0.971391, -1.2e-05, 0.0, 0.0, 0.0, 1.0],
                [0.941997, -0.275678, -0.191423, -0.125006, -0.304286, -0.942153, -0.140559, -0.002831, -0.141601, 0.190654, -0.971391, -1.2e-05, 0.0, 0.0, 0.0, 1.0],
                [0.971602, -0.235581, -0.022168, -0.125006, -0.209522, -0.900078, 0.382048, -0.002831, -0.109956, -0.366553, -0.923877, -1.2e-05, 0.0, 0.0, 0.0, 1.0]
            ]
        },
        {
            "name": "Leg_L",
            "time": [0.0, 0.5, 0.7917, 1.125, 2.0],
            "transform": [
                [1.0, 0.0, 1e-06, -0.0, -0.0, 0.97983, 0.19983, 0.37472, -1e-06, -0.19983, 0.979831, -0.0, 0.0, 0.0, 0.0, 1.0],
                [1.0, 0.0, 1e-06, -0.0, -0.0, 0.97983, 0.19983, 0.37472, -1e-06, -0.19983, 0.979831, -0.0, 0.0, 0.0, 0.0, 1.0],
                [1.0, -0.0, 1e-06, 0.0, -0.0, 0.777369, 0.629045, 0.37472, -1e-06, -0.629045, 0.777369, 0.0, 0.0, 0.0, 0.0, 1.0],
                [1.0, -0.0, 1e-06, 0.0, -0.0, 0.777369, 0.629045, 0.37472, -1e-06, -0.629045, 0.777369, 0.0, 0.0, 0.0, 0.0, 1.0],
                [1.0, -0.0, 1e-06, 0.0, -0.0, 0.777369, 0.629045, 0.37472, -1e-06, -0.629045, 0.777369, 0.0, 0.0, 0.0, 0.0, 1.0]
            ]
        },
        {
            "name": "Knee_L",
            "time": [0.0, 0.5, 0.7917, 1.125, 2.0],
            "transform": [
                [1.0, 0.0, -0.0, -0.0, -0.0, 1e-06, -1.0, 0.37472, -0.0, 1.0, 1e-06, -0.0, 0.0, 0.0, 0.0, 1.0],
                [1.0, 0.0, -0.0, -0.0, -0.0, 1e-06, -1.0, 0.37472, -0.0, 1.0, 1e-06, -0.0, 0.0, 0.0, 0.0, 1.0],
                [1.0, 0.0, -0.0, 0.0, -0.0, 0.251922, -0.967748, 0.37472, -0.0, 0.967748, 0.251922, 0.0, 0.0, 0.0, 0.0, 1.0],
                [1.0, 0.0, -0.0, 0.0, -0.0, 0.251922, -0.967748, 0.37472, -0.0, 0.967748, 0.251922, 0.0, 0.0, 0.0, 0.0, 1.0],
                [1.0, 0.0, -0.0, 0.0, -0.0, 0.251922, -0.967748, 0.37472, -0.0, 0.967748, 0.251922, 0.0, 0.0, 0.0, 0.0, 1.0]
            ]
        },
        {
            "name": "Torso",
            "time": [0.0, 0.5, 0.7917, 1.125, 2.0],
            "transform": [
                [1.0, 0.0, 0.0, 0.0, 0.0, 0.742947, 0.669351, 0.05, 0.0, -0.669351, 0.742947, 0.0, 0.0, 0.0, 0.0, 1.0],
                [1.0, 0.0, 0.0, 0.0, 0.0, 0.908428, 0.418042, 0.05, 0.0, -0.418042, 0.908428, 0.0, 0.0, 0.0, 0.0, 1.0],
                [1.0, 0.0, 0.0, 0.0, 0.0, 0.988301, 0.152517, 0.05, 0.0, -0.152517, 0.988301, -0.0, 0.0, 0.0, 0.0, 1.0],
                [1.0, 0.0, 0.0, 0.0, 0.0, 0.988301, 0.152517, 0.05, 0.0, -0.152517, 0.988301, -0.0, 0.0, 0.0, 0.0, 1.0],
                [1.0, 0.0, 0.0, 0.0, 0.0, 0.988301, 0.152517, 0.05, 0.0, -0.152517, 0.988301, -0.0, 0.0, 0.0, 0.0, 1.0]
            ]
        },
        {
            "name": "Chest",
            "time": [0.0, 0.5, 0.7917, 1.125, 2.0],
            "transform": [
                [1.0, 0.0, 0.0, 0.0, 0.0, 0.883231, 0.468938, 0.3, 0.0, -0.468938, 0.883231, 0.0, 0.0, 0.0, 0.0, 1.0],
                [1.0, 0.0, 0.0, 0.0, 0.0, 0.86242, 0.506193, 0.3, 0.0, -0.506193, 0.86242, -0.0, 0.0, 0.0, 0.0, 1.0],
                [1.0, 0.0, 0.0, -0.0, 0.0, 0.997984, 0.063465, 0.3, 0.0, -0.063465, 0.997984, 0.0, 0.0, 0.0, 0.0, 1.0],
                [1.0, 0.0, 0.0, -0.0, 0.0, 0.997984, 0.063465, 0.3, 0.0, -0.063465, 0.997984, 0.0, 0.0, 0.0, 0.0, 1.0],
                [1.0, 0.0, 0.0, 0.0, 0.0, 0.617861, 0.786287, 0.3, 0.0, -0.786287, 0.617861, 0.0, 0.0, 0.0, 0.0, 1.0]
            ]
        },
        {
            "name": "Head",
            "time": [0.0, 0.5, 0.7917, 1.125, 2.0],
            "transform": [
                [1.0, 0.0, 0.0, 0.0, 0.0, 0.993707, -0.112011, 0.4, 0.0, 0.112011, 0.993707, -0.0, 0.0, 0.0, 0.0, 1.0],
                [1.0, 0.0, 0.0, 0.0, 0.0, 0.993707, -0.112011, 0.4, 0.0, 0.112011, 0.993707, 0.0, 0.0, 0.0, 0.0, 1.0],
                [1.0, 0.0, 0.0, 0.0, 0.0, 0.937323, 0.348461, 0.4, 0.0, -0.348461, 0.937323, -0.0, 0.0, 0.0, 0.0, 1.0],
                [1.0, 0.0, 0.0, 0.0, 0.0, 0.937323, 0.348461, 0.4, 0.0, -0.348461, 0.937323, -0.0, 0.0, 0.0, 0.0, 1.0],
                [1.0, 0.0, 0.0, 0.0, 0.0, 0.799783, -0.600289, 0.4, 0.0, 0.600289, 0.799783, -0.0, 0.0, 0.0, 0.0, 1.0]
            ]
        },
        {
            "name": "Shoulder_R",
            "time": [0.0, 0.5, 0.7917, 1.125, 2.0],
            "transform": [
                [0.391838, 0.840555, 0.374072, 0.0, -0.111947, -0.360006, 0.926209, 0.4, 0.913198, -0.4048, -0.046967, -0.0, 0.0, 0.0, 0.0, 1.0],
                [0.391838, 0.840555, 0.374072, 0.0, -0.111946, -0.360006, 0.926209, 0.4, 0.913198, -0.4048, -0.046967, 0.0, 0.0, 0.0, 0.0, 1.0],
                [-0.224352, 0.93673, 0.268706, 0.0, 0.100989, -0.251902, 0.962469, 0.4, 0.969261, 0.243068, -0.038085, -0.0, 0.0, 0.0, 0.0, 1.0],
                [-0.224352, 0.93673, 0.268706, 0.0, 0.100989, -0.251902, 0.962469, 0.4, 0.969261, 0.243068, -0.038085, -0.0, 0.0, 0.0, 0.0, 1.0],
                [-0.224352, 0.93673, 0.268706, 0.0, 0.100989, -0.251902, 0.962469, 0.4, 0.969261, 0.243068, -0.038085, -0.0, 0.0, 0.0, 0.0, 1.0]
            ]
        },
        {
            "name": "Arm_R",
            "time": [0.0, 0.5, 0.7917, 1.125, 2.0],
            "transform": [
                [-0.104807, -0.908581, 0.404346, -0.0, -0.698248, -0.222285, -0.68047, 0.393861, 0.708142, -0.353652, -0.611118, -0.0, 0.0, 0.0, 0.0, 1.0],
                [-0.243224, -0.89364, 0.377161, -0.0, -0.617268, -0.157338, -0.77086, 0.393861, 0.748213, -0.420301, -0.513346, 0.0, 0.0, 0.0, 0.0, 1.0],
                [-0.017558, 0.183027, -0.982951, 0.0, -0.934922, 0.345479, 0.081028, 0.393861, 0.354419, 0.920405, 0.16505, 0.0, 0.0, 0.0, 0.0, 1.0],
                [-0.017558, 0.183027, -0.982951, 0.0, -0.934922, 0.345479, 0.081028, 0.393861, 0.354419, 0.920405, 0.16505, 0.0, 0.0, 0.0, 0.0, 1.0],
                [-0.114584, -0.433617, -0.893782, 0.0, 0.820017, 0.466573, -0.331484, 0.39386, 0.560752, -0.770899, 0.302112, 0.0, 0.0, 0.0, 0.0, 1.0]
            ]
        },
        {
            "name": "Hand_R",
            "time": [0.0, 0.5, 0.7917, 1.125, 2.0],
            "transform": [
                [1.0, 0.0, 0.0, 0.0, -0.0, 0.991703, -0.128554, 0.3, -0.0, 0.128554, 0.991702, 0.0, 0.0, 0.0, 0.0, 1.0],
                [1.0, -0.0, -0.0, 0.0, -0.0, 0.991702, -0.128554, 0.3, -0.0, 0.128554, 0.991702, -0.0, 0.0, 0.0, 0.0, 1.0],
                [1.0, -0.0, 0.0, -0.0, 0.0, 0.991703, -0.128554, 0.3, -0.0, 0.128554, 0.991703, 0.0, 0.0, 0.0, 0.0, 1.0],
                [1.0, -0.0, 0.0, -0.0, 0.0, 0.991703, -0.128554, 0.3, -0.0, 0.128554, 0.991703, 0.0, 0.0, 0.0, 0.0, 1.0],
                [1.0, 0.0, 0.0, 0.0, 0.0, 0.646715, -0.762732, 0.3, -0.0, 0.762732, 0.646715, -0.0, 0.0, 0.0, 0.0, 1.0]
            ]
        },
        {
            "name": "Tool_R",
            "time": [0.0, 0.5, 0.7917, 1.125, 2.0],
            "transform": [
                [0.878399, -0.378045, 0.2924, 0.0, 0.276147, -0.097877, -0.956119, 0.272858, 0.389847, 0.920053, 0.018399, -0.0, 0.0, 0.0, 0.0, 1.0],
                [0.76444, -0.594931, 0.248371, -0.0, 0.263673, -0.063046, -0.96255, 0.272858, 0.587964, 0.800825, 0.108598, 0.0, 0.0, 0.0, 0.0, 1.0],
                [1.0, -0.0, -0.0, 0.0, -0.0, 0.012502, -0.999922, 0.272858, 0.0, 0.99933, 0.012484, 0.0, 0.0, 0.0, 0.0, 1.0],
                [1.0, -0.0, -0.0, 0.0, -0.0, 0.012502, -0.999922, 0.272858, 0.0, 0.99933, 0.012484, 0.0, 0.0, 0.0, 0.0, 1.0],
                [1.0, -0.0, -0.0, -0.0, -0.0, -0.814845, -0.579679, 0.272858, 0.0, 0.579328, -0.814368, 0.0, 0.0, 0.0, 0.0, 1.0]
            ]
        },
        {
            "name": "Elbow_R",
            "time": [0.0, 0.5, 0.7917, 1.125, 2.0],
            "transform": [
                [-1.0, 0.0, -0.0, 0.0, 0.0, -0.0, -1.0, 0.3, -0.0, -1.0, 0.0, 0.0, 0.0, 0.0, 0.0, 1.0],
                [-1.0, 0.0, -0.0, 0.0, 0.0, -0.0, -1.0, 0.3, -0.0, -1.0, 0.0, -0.0, 0.0, 0.0, 0.0, 1.0],
                [-1.0, 0.0, 0.0, -0.0, -0.0, -0.0, -1.0, 0.3, -0.0, -1.0, 0.0, 0.0, 0.0, 0.0, 0.0, 1.0],
                [-1.0, 0.0, 0.0, -0.0, -0.0, -0.0, -1.0, 0.3, -0.0, -1.0, 0.0, 0.0, 0.0, 0.0, 0.0, 1.0],
                [-1.0, 0.0, -0.0, 0.0, 0.0, -0.0, -1.0, 0.3, -0.0, -1.0, 0.0, -0.0, 0.0, 0.0, 0.0, 1.0]
            ]
        },
        {
            "name": "Shoulder_L",
            "time": [0.0, 0.5, 0.7917, 1.125, 2.0],
            "transform": [
                [0.393373, -0.825087, -0.405572, 0.0, -0.181814, -0.502239, 0.845399, 0.4, -0.901222, -0.258819, -0.34758, -0.0, 0.0, 0.0, 0.0, 1.0],
                [0.393373, -0.825087, -0.405572, 0.0, -0.181814, -0.502239, 0.845399, 0.4, -0.901222, -0.258819, -0.34758, 0.0, 0.0, 0.0, 0.0, 1.0],
                [-0.196082, -0.952095, -0.234665, 0.0, 0.000739, -0.239454, 0.970907, 0.4, -0.980587, 0.190204, 0.047657, -0.0, 0.0, 0.0, 0.0, 1.0],
                [-0.196082, -0.952095, -0.234665, 0.0, 0.000739, -0.239454, 0.970907, 0.4, -0.980587, 0.190204, 0.047657, -0.0, 0.0, 0.0, 0.0, 1.0],
                [-0.196082, -0.952095, -0.234665, 0.0, 0.000739, -0.239454, 0.970907, 0.4, -0.980587, 0.190204, 0.047657, -0.0, 0.0, 0.0, 0.0, 1.0]
            ]
        },
        {
            "name": "Arm_L",
            "time": [0.0, 0.5, 0.7917, 1.125, 2.0],
            "transform": [
                [0.474707, 0.87685, 0.07607, -0.0, 0.851075, -0.435282, -0.2936, 0.39386, -0.224331, 0.204115, -0.952897, -0.0, 0.0, 0.0, 0.0, 1.0],
                [0.369002, 0.928097, -0.049731, -0.0, 0.857072, -0.360485, -0.368074, 0.39386, -0.359536, 0.093197, -0.928465, 0.0, 0.0, 0.0, 0.0, 1.0],
                [-0.167579, -0.174862, 0.970227, 0.0, 0.86007, 0.4551, 0.230574, 0.39386, -0.481869, 0.873102, 0.074128, -0.0, 0.0, 0.0, 0.0, 1.0],
                [-0.167579, -0.174862, 0.970227, 0.0, 0.86007, 0.4551, 0.230574, 0.39386, -0.481869, 0.873102, 0.074128, -0.0, 0.0, 0.0, 0.0, 1.0],
                [-0.223014, 0.402738, 0.887731, -0.0, -0.82209, 0.411689, -0.393294, 0.39386, -0.523864, -0.817505, 0.239275, 0.0, 0.0, 0.0, 0.0, 1.0]
            ]
        },
        {
            "name": "Hand_L",
            "time": [0.0, 0.5, 0.7917, 1.125, 2.0],
            "transform": [
                [1.0, 0.0, 0.0, 0.0, 0.0, 0.991703, -0.128554, 0.3, -0.0, 0.128554, 0.991703, -0.0, 0.0, 0.0, 0.0, 1.0],
                [1.0, 0.0, 0.0, -0.0, 0.0, 0.991703, -0.128554, 0.3, -0.0, 0.128554, 0.991703, 0.0, 0.0, 0.0, 0.0, 1.0],
                [1.0, -0.0, 0.0, -0.0, 0.0, 0.991702, -0.128554, 0.3, -0.0, 0.128554, 0.991703, 0.0, 0.0, 0.0, 0.0, 1.0],
                [1.0, -0.0, 0.0, -0.0, 0.0, 0.991702, -0.128554, 0.3, -0.0, 0.128554, 0.991703, 0.0, 0.0, 0.0, 0.0, 1.0],
                [1.0, 0.0, 0.0, -0.0, 0.0, 0.769847, -0.638229, 0.3, -0.0, 0.638228, 0.769847, -0.0, 0.0, 0.0, 0.0, 1.0]
            ]
        },
        {
            "name": "Tool_L",
            "time": [0.0, 0.5, 0.7917, 1.125, 2.0],
            "transform": [
                [0.94737, -8.3e-05, -0.320142, -0.0, -0.2659, -0.557118, -0.786713, 0.272858, -0.178189, 0.829939, -0.527516, -0.0, 0.0, 0.0, 0.0, 1.0],
                [0.894699, 0.083691, -0.43876, -0.0, -0.333612, -0.52797, -0.780993, 0.272858, -0.296843, 0.844627, -0.444201, 0.0, 0.0, 0.0, 0.0, 1.0],
                [1.0, -0.0, 0.0, 0.0, 0.0, 0.014923, -0.999889, 0.272858, 0.0, 0.999301, 0.014904, 0.0, 0.0, 0.0, 0.0, 1.0],
                [1.0, -0.0, 0.0, 0.0, 0.0, 0.014923, -0.999889, 0.272858, 0.0, 0.999301, 0.014904, 0.0, 0.0, 0.0, 0.0, 1.0],
                [1.0, 0.0, 0.0, 0.0, 0.0, -0.860232, -0.509903, 0.272858, 0.0, 0.509594, -0.859731, 0.0, 0.0, 0.0, 0.0, 1.0]
            ]
        },
        {
            "name": "Elbow_L",
            "time": [0.0, 0.5, 0.7917, 1.125, 2.0],
            "transform": [
                [-1.0, 0.0, -0.0, 0.0, 0.0, -0.0, -1.0, 0.3, -0.0, -1.0, -0.0, -0.0, 0.0, 0.0, 0.0, 1.0],
                [-1.0, 0.0, -0.0, -0.0, -0.0, -0.0, -1.0, 0.3, -0.0, -1.0, -0.0, 0.0, 0.0, 0.0, 0.0, 1.0],
                [-1.0, 0.0, -0.0, -0.0, -0.0, -0.0, -1.0, 0.3, -0.0, -1.0, -0.0, 0.0, 0.0, 0.0, 0.0, 1.0],
                [-1.0, 0.0, -0.0, -0.0, -0.0, -0.0, -1.0, 0.3, -0.0, -1.0, -0.0, 0.0, 0.0, 0.0, 0.0, 1.0],
                [-1.0, 0.0, -0.0, -0.0, -0.0, -0.0, -1.0, 0.3, -0.0, -1.0, 0.0, -0.0, 0.0, 0.0, 0.0, 1.0]
            ]
        }
    ]
}