{
    "animation": [
        {
            "name": "Root",
            "time": [0.0, 0.0417, 0.0833, 0.125, 0.2083, 0.2917],
            "transform": [
                [0.688243, 0.0, -0.725481, -5e-06, -0.725481, 0.0, -0.688243, -0.198856, 0.0, 1.0, 0.0, 0.700728, 0.0, 0.0, 0.0, 1.0],
                [0.688243, 0.0, -0.725481, -5e-06, -0.725481, 0.0, -0.688243, -0.198856, 0.0, 1.0, 0.0, 0.700728, 0.0, 0.0, 0.0, 1.0],
                [0.997431, -0.006701, -0.071318, -0.000372, -0.071252, 0.009713, -0.997411, 0.201536, 0.007376, 0.99993, 0.009211, 0.710881, 0.0, 0.0, 0.0, 1.0],
                [0.899425, -0.014672, 0.436829, -5e-06, 0.437007, 0.012487, -0.899372, 0.487021, 0.007741, 0.999814, 0.017643, 0.624202, 0.0, 0.0, 0.0, 1.0],
                [0.899425, -0.014672, 0.436829, -5e-06, 0.437007, 0.012487, -0.899372, 0.487021, 0.007741, 0.999814, 0.017643, 0.624202, 0.0, 0.0, 0.0, 1.0],
                [0.899425, -0.014672, 0.436829, -5e-06, 0.437007, 0.012487, -0.899372, 0.487021, 0.007741, 0.999814, 0.017643, 0.624202, 0.0, 0.0, 0.0, 1.0]
            ]
        },
        {
            "name": "Thigh_R",
            "time": [0.0, 0.0417, 0.0833, 0.125, 0.2083, 0.2917],
            "transform": [
                [0.836639, 0.300441, -0.458008, 0.124994, 0.075601, -0.891487, -0.446693, -0.002831, -0.542513, 0.339095, -0.768566, -1.2e-05, 0.0, 0.0, 0.0, 1.0],
                [0.836639, 0.300441, -0.458008, 0.124994, 0.075601, -0.891487, -0.446693, -0.002831, -0.542513, 0.339095, -0.768566, -1.2e-05, 0.0, 0.0, 0.0, 1.0],
                [0.992828, -0.046226, -0.110251, 0.124994, 0.03296, -0.780637, 0.624115, -0.002831, -0.114916, -0.623272, -0.773515, -1.2e-05, 0.0, 0.0, 0.0, 1.0],
                [0.949151, 0.283583, 0.136724, 0.124994, 0.073161, -0.621084, 0.780322, -0.002831, 0.306203, -0.73064, -0.61025, -1.2e-05, 0.0, 0.0, 0.0, 1.0],
                [0.949151, 0.283583, 0.136724, 0.124994, 0.073161, -0.621084, 0.780322, -0.002831, 0.306203, -0.73064, -0.61025, -1.2e-05, 0.0, 0.0, 0.0, 1.0],
                [0.949151, 0.283583, 0.136724, 0.124994, 0.073161, -0.621084, 0.780322, -0.002831, 0.306203, -0.73064, -0.61025, -1.2e-05, 0.0, 0.0, 0.0, 1.0]
            ]
        },
        {
            "name": "Leg_R",
            "time": [0.0, 0.0417, 0.0833, 0.125, 0.2083, 0.2917],
            "transform": [
                [1.0, 0.0, 1e-06, 0.0, -0.0, 0.966645, 0.256119, 0.37472, -1e-06, -0.256119, 0.966645, -0.0, 0.0, 0.0, 0.0, 1.0],
                [1.0, 0.0, 1e-06, 0.0, -0.0, 0.966645, 0.256119, 0.37472, -1e-06, -0.256119, 0.966645, -0.0, 0.0, 0.0, 0.0, 1.0],
                [0.999624, -0.012982, -0.024134, 0.0, 0.025965, 0.166979, 0.985619, 0.37472, -0.008765, -0.985875, 0.167254, 0.0, 0.0, 0.0, 0.0, 1.0],
                [0.998917, -0.043015, -0.017714, -0.0, 0.041972, 0.669179, 0.741915, 0.37472, -0.020059, -0.741855, 0.67026, -0.0, 0.0, 0.0, 0.0, 1.0],
                [0.998917, -0.043015, -0.017714, -0.0, 0.041972, 0.669179, 0.741915, 0.37472, -0.020059, -0.741855, 0.67026, -0.0, 0.0, 0.0, 0.0, 1.0],
                [0.998917, -0.043015, -0.017714, -0.0, 0.041972, 0.669179, 0.741915, 0.37472, -0.020059, -0.741855, 0.67026, -0.0, 0.0, 0.0, 0.0, 1.0]
            ]
        },
        {
            "name": "Knee_R",
            "time": [0.0, 0.0417, 0.0833, 0.125, 0.2083, 0.2917],
            "transform": [
                [1.0, 0.0, -0.0, 0.0, -0.0, 1e-06, -1.0, 0.37472, -0.0, 1.0, 1e-06, -0.0, 0.0, 0.0, 0.0, 1.0],
                [1.0, 0.0, -0.0, 0.0, -0.0, 1e-06, -1.0, 0.37472, -0.0, 1.0, 1e-06, -0.0, 0.0, 0.0, 0.0, 1.0],
                [1.0, 0.0, -0.0, 0.0, -0.0, 0.266426, -0.963855, 0.37472, -0.0, 0.963855, 0.266426, 0.0, 0.0, 0.0, 0.0, 1.0],
                [1.0, 0.0, -0.0, -0.0, -0.0, 0.446007, -0.895029, 0.37472, -0.0, 0.895029, 0.446007, -0.0, 0.0, 0.0, 0.0, 1.0],
                [1.0, 0.0, -0.0, -0.0, -0.0, 0.446007, -0.895029, 0.37472, -0.0, 0.895029, 0.446007, -0.0, 0.0, 0.0, 0.0, 1.0],
                [1.0, 0.0, -0.0, -0.0, -0.0, 0.446007, -0.895029, 0.37472, -0.0, 0.895029, 0.446007, -0.0, 0.0, 0.0, 0.0, 1.0]
            ]
        },
        {
            "name": "Thigh_L",
            "time": [0.0, 0.0417, 0.0833, 0.125, 0.2083, 0.2917],
            "transform": [
                [0.870916, -0.303526, -0.386493, -0.125006, -0.133005, -0.902696, 0.409205, -0.002831, -0.47309, -0.304978, -0.826544, -1.2e-05, 0.0, 0.0, 0.0, 1.0],
                [0.870916, -0.303526, -0.386493, -0.125006, -0.133005, -0.902696, 0.409205, -0.002831, -0.47309, -0.304978, -0.826544, -1.2e-05, 0.0, 0.0, 0.0, 1.0],
                [0.975754, -0.055, -0.211847, -0.125006, -0.071265, -0.995004, -0.069921, -0.002831, -0.206943, 0.083323, -0.974798, -1.2e-05, 0.0, 0.0, 0.0, 1.0],
                [0.942857, -0.236828, 0.234376, -0.125006, -0.141585, -0.921524, -0.361589, -0.002831, 0.301618, 0.307743, -0.902397, -1.2e-05, 0.0, 0.0, 0.0, 1.0],
                [0.942857, -0.236828, 0.234376, -0.125006, -0.141585, -0.921524, -0.361589, -0.002831, 0.301618, 0.307743, -0.902397, -1.2e-05, 0.0, 0.0, 0.0, 1.0],
                [0.942857, -0.236828, 0.234376, -0.125006, -0.141585, -0.921524, -0.361589, -0.002831, 0.301618, 0.307743, -0.902397, -1.2e-05, 0.0, 0.0, 0.0, 1.0]
            ]
        },
        {
            "name": "Leg_L",
            "time": [0.0, 0.0417, 0.0833, 0.125, 0.2083, 0.2917],
            "transform": [
                [1.0, -0.0, 1e-06, 0.0, -0.0, 0.946223, 0.323516, 0.37472, -1e-06, -0.323516, 0.946223, -0.0, 0.0, 0.0, 0.0, 1.0],
                [1.0, -0.0, 1e-06, 0.0, -0.0, 0.946223, 0.323516, 0.37472, -1e-06, -0.323516, 0.946223, -0.0, 0.0, 0.0, 0.0, 1.0],
                [1.0, -0.0, 1e-06, 0.0, -0.0, 0.946223, 0.323516, 0.37472, -1e-06, -0.323516, 0.946223, -0.0, 0.0, 0.0, 0.0, 1.0],
                [1.0, -0.0, 1e-06, 0.0, -0.0, 0.946223, 0.323516, 0.37472, -1e-06, -0.323516, 0.946223, 0.0, 0.0, 0.0, 0.0, 1.0],
                [1.0, -0.0, 1e-06, 0.0, -0.0, 0.946223, 0.323516, 0.37472, -1e-06, -0.323516, 0.946223, 0.0, 0.0, 0.0, 0.0, 1.0],
                [1.0, -0.0, 1e-06, 0.0, -0.0, 0.946223, 0.323516, 0.37472, -1e-06, -0.323516, 0.946223, 0.0, 0.0, 0.0, 0.0, 1.0]
            ]
        },
        {
            "name": "Knee_L",
            "time": [0.0, 0.0417, 0.0833, 0.125, 0.2083, 0.2917],
            "transform": [
                [1.0, 0.0, -0.0, 0.0, -0.0, 1e-06, -1.0, 0.37472, -0.0, 1.0, 1e-06, -0.0, 0.0, 0.0, 0.0, 1.0],
                [1.0, 0.0, -0.0, 0.0, -0.0, 1e-06, -1.0, 0.37472, -0.0, 1.0, 1e-06, -0.0, 0.0, 0.0, 0.0, 1.0],
                [1.0, 0.0, -0.0, 0.0, -0.0, 1e-06, -1.0, 0.37472, -0.0, 1.0, 1e-06, -0.0, 0.0, 0.0, 0.0, 1.0],
                [1.0, 0.0, -0.0, 0.0, -0.0, 1e-06, -1.0, 0.37472, -0.0, 1.0, 1e-06, 0.0, 0.0, 0.0, 0.0, 1.0],
                [1.0, 0.0, -0.0, 0.0, -0.0, 1e-06, -1.0, 0.37472, -0.0, 1.0, 1e-06, 0.0, 0.0, 0.0, 0.0, 1.0],
                [1.0, 0.0, -0.0, 0.0, -0.0, 1e-06, -1.0, 0.37472, -0.0, 1.0, 1e-06, 0.0, 0.0, 0.0, 0.0, 1.0]
            ]
        },
        {
            "name": "Torso",
            "time": [0.0, 0.0417, 0.0833, 0.125, 0.2083, 0.2917],
            "transform": [
                [0.985512, -0.012988, -0.169108, 0.0, 0.008806, 0.999637, -0.025455, 0.05, 0.169377, 0.023597, 0.985269, 0.0, 0.0, 0.0, 0.0, 1.0],
                [0.985512, -0.012988, -0.169108, 0.0, 0.008806, 0.999637, -0.025455, 0.05, 0.169377, 0.023597, 0.985269, 0.0, 0.0, 0.0, 0.0, 1.0],
                [0.998094, 0.061321, 0.006962, 0.0, -0.061691, 0.988194, 0.140237, 0.05, 0.00172, -0.140399, 0.990093, -0.0, 0.0, 0.0, 0.0, 1.0],
                [0.985673, 0.095465, 0.13905, 0.0, -0.127929, 0.960415, 0.247463, 0.05, -0.109922, -0.261706, 0.958868, -0.0, 0.0, 0.0, 0.0, 1.0],
                [0.985673, 0.095465, 0.13905, 0.0, -0.127929, 0.960415, 0.247463, 0.05, -0.109922, -0.261706, 0.958868, -0.0, 0.0, 0.0, 0.0, 1.0],
                [0.985673, 0.095465, 0.13905, 0.0, -0.127929, 0.960415, 0.247463, 0.05, -0.109922, -0.261706, 0.958868, -0.0, 0.0, 0.0, 0.0, 1.0]
            ]
        },
        {
            "name": "Chest",
            "time": [0.0, 0.0417, 0.0833, 0.125, 0.2083, 0.2917],
            "transform": [
                [0.863337, 0.04322, -0.502775, 0.0, 0.02085, 0.99242, 0.121113, 0.3, 0.504198, -0.115044, 0.855891, -0.0, 0.0, 0.0, 0.0, 1.0],
                [0.863337, 0.04322, -0.502775, 0.0, 0.02085, 0.99242, 0.121113, 0.3, 0.504198, -0.115044, 0.855891, -0.0, 0.0, 0.0, 0.0, 1.0],
                [0.987924, -0.043946, 0.148574, -0.0, 0.051714, 0.997468, -0.048828, 0.3, -0.146052, 0.055921, 0.987695, 0.0, 0.0, 0.0, 0.0, 1.0],
                [0.80623, -0.028783, 0.590902, -0.0, 0.135984, 0.981088, -0.137748, 0.3, -0.575762, 0.19141, 0.794896, 0.0, 0.0, 0.0, 0.0, 1.0],
                [0.80623, -0.028783, 0.590902, -0.0, 0.135984, 0.981088, -0.137748, 0.3, -0.575762, 0.19141, 0.794896, 0.0, 0.0, 0.0, 0.0, 1.0],
                [0.80623, -0.028783, 0.590902, -0.0, 0.135984, 0.981088, -0.137748, 0.3, -0.575762, 0.19141, 0.794896, 0.0, 0.0, 0.0, 0.0, 1.0]
            ]
        },
        {
            "name": "Head",
            "time": [0.0, 0.0417, 0.0833, 0.125, 0.2083, 0.2917],
            "transform": [
                [0.063701, -0.043665, 0.997013, -0.0, 0.098693, 0.994421, 0.037246, 0.4, -0.993077, 0.096026, 0.067655, 0.0, 0.0, 0.0, 0.0, 1.0],
                [0.063701, -0.043665, 0.997013, -0.0, 0.098693, 0.994421, 0.037246, 0.4, -0.993077, 0.096026, 0.067655, 0.0, 0.0, 0.0, 0.0, 1.0],
                [0.988309, -0.085491, -0.126239, 0.0, 0.082978, 0.996237, -0.025043, 0.4, 0.127905, 0.014276, 0.991684, 0.0, 0.0, 0.0, 0.0, 1.0],
                [0.340498, -0.034454, -0.939614, 0.0, 0.037132, 0.999042, -0.023177, 0.4, 0.939512, -0.026998, 0.341451, -0.0, 0.0, 0.0, 0.0, 1.0],
                [0.340498, -0.034454, -0.939614, 0.0, 0.037132, 0.999042, -0.023177, 0.4, 0.939512, -0.026998, 0.341451, -0.0, 0.0, 0.0, 0.0, 1.0],
                [0.340498, -0.034454, -0.939614, 0.0, 0.037132, 0.999042, -0.023177, 0.4, 0.939512, -0.026998, 0.341451, -0.0, 0.0, 0.0, 0.0, 1.0]
            ]
        },
        {
            "name": "Shoulder_R",
            "time": [0.0, 0.0417, 0.0833, 0.125, 0.2083, 0.2917],
            "transform": [
                [0.082671, 0.965236, 0.247961, -0.0, 0.343028, -0.261169, 0.902287, 0.4, 0.93568, 0.010465, -0.352694, 0.0, 0.0, 0.0, 0.0, 1.0],
                [0.082671, 0.965236, 0.247961, -0.0, 0.343028, -0.261169, 0.902287, 0.4, 0.93568, 0.010465, -0.352694, 0.0, 0.0, 0.0, 0.0, 1.0],
                [0.18785, 0.981423, -0.039009, 0.0, 0.392015, -0.0385, 0.919153, 0.4, 0.900576, -0.187955, -0.391965, 0.0, 0.0, 0.0, 0.0, 1.0],
                [0.139918, 0.987923, 0.066558, 0.0, 0.512493, -0.12977, 0.848829, 0.4, 0.847215, -0.084656, -0.524461, -0.0, 0.0, 0.0, 0.0, 1.0],
                [0.139918, 0.987923, 0.066558, 0.0, 0.512493, -0.12977, 0.848829, 0.4, 0.847215, -0.084656, -0.524461, -0.0, 0.0, 0.0, 0.0, 1.0],
                [0.139918, 0.987923, 0.066558, 0.0, 0.512493, -0.12977, 0.848829, 0.4, 0.847215, -0.084656, -0.524461, -0.0, 0.0, 0.0, 0.0, 1.0]
            ]
        },
        {
            "name": "Arm_R",
            "time": [0.0, 0.0417, 0.0833, 0.125, 0.2083, 0.2917],
            "transform": [
                [0.035516, -0.375346, -0.926204, 0.0, -0.252852, 0.893259, -0.371691, 0.393861, 0.966853, 0.247394, -0.063182, -0.0, 0.0, 0.0, 0.0, 1.0],
                [0.035516, -0.375346, -0.926204, 0.0, -0.252852, 0.893259, -0.371691, 0.393861, 0.966853, 0.247394, -0.063182, -0.0, 0.0, 0.0, 0.0, 1.0],
                [0.484849, -0.222796, -0.845744, -0.0, -0.093745, 0.948199, -0.303529, 0.39386, 0.869559, 0.22645, 0.438848, 0.0, 0.0, 0.0, 0.0, 1.0],
                [0.676611, -0.082446, -0.731711, -0.0, -0.254688, 0.906174, -0.337613, 0.39386, 0.690892, 0.414791, 0.592129, -0.0, 0.0, 0.0, 0.0, 1.0],
                [0.676611, -0.082446, -0.731711, -0.0, -0.254688, 0.906174, -0.337613, 0.39386, 0.690892, 0.414791, 0.592129, -0.0, 0.0, 0.0, 0.0, 1.0],
                [0.676611, -0.082446, -0.731711, -0.0, -0.254688, 0.906174, -0.337613, 0.39386, 0.690892, 0.414791, 0.592129, -0.0, 0.0, 0.0, 0.0, 1.0]
            ]
        },
        {
            "name": "Hand_R",
            "time": [0.0, 0.0417, 0.0833, 0.125, 0.2083, 0.2917],
            "transform": [
                [1.0, 0.0, -0.0, 0.0, -0.0, -0.333408, -0.942783, 0.3, -0.0, 0.942783, -0.333408, 0.0, 0.0, 0.0, 0.0, 1.0],
                [1.0, 0.0, -0.0, 0.0, -0.0, -0.333408, -0.942783, 0.3, -0.0, 0.942783, -0.333408, 0.0, 0.0, 0.0, 0.0, 1.0],
                [1.0, 0.0, -0.0, -0.0, -0.0, 0.699956, -0.714186, 0.3, -0.0, 0.714186, 0.699956, -0.0, 0.0, 0.0, 0.0, 1.0],
                [1.0, 0.0, 0.0, 0.0, -0.0, 0.998991, 0.044903, 0.3, -0.0, -0.044903, 0.998991, 0.0, 0.0, 0.0, 0.0, 1.0],
                [1.0, 0.0, 0.0, 0.0, -0.0, 0.998991, 0.044903, 0.3, -0.0, -0.044903, 0.998991, 0.0, 0.0, 0.0, 0.0, 1.0],
                [1.0, 0.0, 0.0, 0.0, -0.0, 0.998991, 0.044903, 0.3, -0.0, -0.044903, 0.998991, 0.0, 0.0, 0.0, 0.0, 1.0]
            ]
        },
        {
            "name": "Tool_R",
            "time": [0.0, 0.0417, 0.0833, 0.125, 0.2083, 0.2917],
            "transform": [
                [0.992985, 0.118187, 0.003627, -0.0, 0.05359, -0.422482, -0.904786, 0.272858, -0.105338, 0.898096, -0.425609, 0.0, 0.0, 0.0, 0.0, 1.0],
                [0.992985, 0.118187, 0.003627, -0.0, 0.05359, -0.422482, -0.904786, 0.272858, -0.105338, 0.898096, -0.425609, 0.0, 0.0, 0.0, 0.0, 1.0],
                [0.99974, 0.022765, -0.001485, 0.0, 0.004467, -0.259206, -0.965812, 0.272858, -0.022358, 0.964979, -0.259097, -0.0, 0.0, 0.0, 0.0, 1.0],
                [1.0, -0.0, -0.0, 0.0, -0.0, -0.044695, -0.999001, 0.272858, 0.0, 0.998409, -0.044679, 0.0, 0.0, 0.0, 0.0, 1.0],
                [1.0, -0.0, -0.0, 0.0, -0.0, -0.044695, -0.999001, 0.272858, 0.0, 0.998409, -0.044679, 0.0, 0.0, 0.0, 0.0, 1.0],
                [1.0, -0.0, -0.0, 0.0, -0.0, -0.044695, -0.999001, 0.272858, 0.0, 0.998409, -0.044679, 0.0, 0.0, 0.0, 0.0, 1.0]
            ]
        },
        {
            "name": "Elbow_R",
            "time": [0.0, 0.0417, 0.0833, 0.125, 0.2083, 0.2917],
            "transform": [
                [-1.0, 0.0, 0.0, 0.0, 0.0, 0.821399, -0.570354, 0.3, -0.0, -0.570354, -0.821399, 0.0, 0.0, 0.0, 0.0, 1.0],
                [-1.0, 0.0, 0.0, 0.0, 0.0, 0.821399, -0.570354, 0.3, -0.0, -0.570354, -0.821399, 0.0, 0.0, 0.0, 0.0, 1.0],
                [-1.0, 0.0, 0.0, -0.0, 0.0, 0.389786, -0.920905, 0.3, -0.0, -0.920906, -0.389786, -0.0, 0.0, 0.0, 0.0, 1.0],
                [-1.0, 0.0, -0.0, 0.0, 0.0, -0.0, -1.0, 0.3, -0.0, -1.0, 0.0, 0.0, 0.0, 0.0, 0.0, 1.0],
                [-1.0, 0.0, -0.0, 0.0, 0.0, -0.0, -1.0, 0.3, -0.0, -1.0, 0.0, 0.0, 0.0, 0.0, 0.0, 1.0],
                [-1.0, 0.0, -0.0, 0.0, 0.0, -0.0, -1.0, 0.3, -0.0, -1.0, 0.0, 0.0, 0.0, 0.0, 0.0, 1.0]
            ]
        },
        {
            "name": "Shoulder_L",
            "time": [0.0, 0.0417, 0.0833, 0.125, 0.2083, 0.2917],
            "transform": [
                [-0.092038, -0.96849, -0.231423, -0.0, -0.065362, -0.226032, 0.971924, 0.4, -0.993608, 0.10458, -0.042499, 0.0, 0.0, 0.0, 0.0, 1.0],
                [-0.092038, -0.96849, -0.231423, -0.0, -0.065362, -0.226032, 0.971924, 0.4, -0.993608, 0.10458, -0.042499, 0.0, 0.0, 0.0, 0.0, 1.0],
                [-0.050564, -0.970282, -0.236636, 0.0, 0.200955, -0.241977, 0.949244, 0.4, -0.978295, 0.000444, 0.207218, 0.0, 0.0, 0.0, 0.0, 1.0],
                [0.023518, -0.998607, -0.04723, 0.0, 0.372021, -0.035109, 0.92756, 0.4, -0.927927, -0.039385, 0.370677, -0.0, 0.0, 0.0, 0.0, 1.0],
                [0.023518, -0.998607, -0.04723, 0.0, 0.372021, -0.035109, 0.92756, 0.4, -0.927927, -0.039385, 0.370677, -0.0, 0.0, 0.0, 0.0, 1.0],
                [0.023518, -0.998607, -0.04723, 0.0, 0.372021, -0.035109, 0.92756, 0.4, -0.927927, -0.039385, 0.370677, -0.0, 0.0, 0.0, 0.0, 1.0]
            ]
        },
        {
            "name": "Arm_L",
            "time": [0.0, 0.0417, 0.0833, 0.125, 0.2083, 0.2917],
            "transform": [
                [0.256235, 0.031963, 0.966086, -0.0, 0.135315, 0.988426, -0.068591, 0.39386, -0.957096, 0.148302, 0.248944, 0.0, 0.0, 0.0, 0.0, 1.0],
                [0.256235, 0.031963, 0.966086, -0.0, 0.135315, 0.988426, -0.068591, 0.39386, -0.957096, 0.148302, 0.248944, 0.0, 0.0, 0.0, 0.0, 1.0],
                [0.070135, 0.087587, 0.993685, -0.0, -0.047933, 0.995283, -0.084345, 0.39386, -0.996385, -0.041715, 0.074003, 0.0, 0.0, 0.0, 0.0, 1.0],
                [-0.600928, -0.020681, 0.799036, -0.0, -0.316942, 0.923883, -0.214449, 0.39386, -0.73378, -0.382117, -0.561741, 0.0, 0.0, 0.0, 0.0, 1.0],
                [-0.600928, -0.020681, 0.799036, -0.0, -0.316942, 0.923883, -0.214449, 0.39386, -0.73378, -0.382117, -0.561741, 0.0, 0.0, 0.0, 0.0, 1.0],
                [-0.600928, -0.020681, 0.799036, -0.0, -0.316942, 0.923883, -0.214449, 0.39386, -0.73378, -0.382117, -0.561741, 0.0, 0.0, 0.0, 0.0, 1.0]
            ]
        },
        {
            "name": "Hand_L",
            "time": [0.0, 0.0417, 0.0833, 0.125, 0.2083, 0.2917],
            "transform": [
                [1.0, 0.0, 0.0, -0.0, -0.0, 0.98649, -0.16382, 0.3, -0.0, 0.16382, 0.98649, -0.0, 0.0, 0.0, 0.0, 1.0],
                [1.0, 0.0, 0.0, -0.0, -0.0, 0.98649, -0.16382, 0.3, -0.0, 0.16382, 0.98649, -0.0, 0.0, 0.0, 0.0, 1.0],
                [1.0, 0.0, -0.0, -0.0, -0.0, 0.306293, -0.951937, 0.3, -0.0, 0.951937, 0.306293, 0.0, 0.0, 0.0, 0.0, 1.0],
                [1.0, -0.0, -0.0, -0.0, -0.0, -0.436534, -0.899689, 0.3, 0.0, 0.899688, -0.436534, 0.0, 0.0, 0.0, 0.0, 1.0],
                [1.0, -0.0, -0.0, -0.0, -0.0, -0.436534, -0.899689, 0.3, 0.0, 0.899688, -0.436534, 0.0, 0.0, 0.0, 0.0, 1.0],
                [1.0, -0.0, -0.0, -0.0, -0.0, -0.436534, -0.899689, 0.3, 0.0, 0.899688, -0.436534, 0.0, 0.0, 0.0, 0.0, 1.0]
            ]
        },
        {
            "name": "Tool_L",
            "time": [0.0, 0.0417, 0.0833, 0.125, 0.2083, 0.2917],
            "transform": [
                [1.0, -0.0, -0.0, -0.0, -0.0, -0.119747, -0.992804, 0.272858, 0.0, 0.992219, -0.119688, 0.0, 0.0, 0.0, 0.0, 1.0],
                [1.0, -0.0, -0.0, -0.0, -0.0, -0.119747, -0.992804, 0.272858, 0.0, 0.992219, -0.119688, 0.0, 0.0, 0.0, 0.0, 1.0],
                [1.0, -0.0, 0.0, -0.0, -0.0, -0.119747, -0.992804, 0.272858, 0.0, 0.992219, -0.119688, 0.0, 0.0, 0.0, 0.0, 1.0],
                [1.0, -0.0, -0.0, 0.0, -0.0, -0.119747, -0.992804, 0.272858, 0.0, 0.992219, -0.119688, -0.0, 0.0, 0.0, 0.0, 1.0],
                [1.0, -0.0, -0.0, 0.0, -0.0, -0.119747, -0.992804, 0.272858, 0.0, 0.992219, -0.119688, -0.0, 0.0, 0.0, 0.0, 1.0],
                [1.0, -0.0, -0.0, 0.0, -0.0, -0.119747, -0.992804, 0.272858, 0.0, 0.992219, -0.119688, -0.0, 0.0, 0.0, 0.0, 1.0]
            ]
        },
        {
            "name": "Elbow_L",
            "time": [0.0, 0.0417, 0.0833, 0.125, 0.2083, 0.2917],
            "transform": [
                [-1.0, 0.0, -0.0, -0.0, 0.0, -0.0, -1.0, 0.3, -0.0, -1.0, -0.0, -0.0, 0.0, 0.0, 0.0, 1.0],
                [-1.0, 0.0, -0.0, -0.0, 0.0, -0.0, -1.0, 0.3, -0.0, -1.0, -0.0, -0.0, 0.0, 0.0, 0.0, 1.0],
                [-1.0, 0.0, 0.0, -0.0, 0.0, 0.523692, -0.851908, 0.3, -0.0, -0.851908, -0.523692, 0.0, 0.0, 0.0, 0.0, 1.0],
                [-1.0, 0.0, 0.0, -0.0, 0.0, 0.809302, -0.587392, 0.3, -0.0, -0.587392, -0.809302, 0.0, 0.0, 0.0, 0.0, 1.0],
                [-1.0, 0.0, 0.0, -0.0, 0.0, 0.809302, -0.587392, 0.3, -0.0, -0.587392, -0.809302, 0.0, 0.0, 0.0, 0.0, 1.0],
                [-1.0, 0.0, 0.0, -0.0, 0.0, 0.809302, -0.587392, 0.3, -0.0, -0.587392, -0.809302, 0.0, 0.0, 0.0, 0.0, 1.0]
            ]
        }
    ]
}