{
    "animation": [
        {
            "name": "Root",
            "time": [0.0, 0.25, 0.375, 0.4167],
            "transform": [
                [0.996086, 0.0, -0.088388, -5e-06, -0.088388, 0.0, -0.996086, 0.000946, 0.0, 1.0, 0.0, 0.595174, 0.0, 0.0, 0.0, 1.0],
                [0.996086, 0.0, -0.088388, -5e-06, -0.088388, 0.0, -0.996086, 0.000946, 0.0, 1.0, 0.0, 0.595174, 0.0, 0.0, 0.0, 1.0],
                [0.940673, 0.0, 0.339313, -5e-06, 0.339313, 0.0, -0.940673, 0.992306, 0.0, 1.0, 0.0, 0.595174, 0.0, 0.0, 0.0, 1.0],
                [0.940673, 0.0, 0.339313, -5e-06, 0.339313, 0.0, -0.940673, 0.992306, 0.0, 1.0, 0.0, 0.595174, 0.0, 0.0, 0.0, 1.0]
            ]
        },
        {
            "name": "Thigh_R",
            "time": [0.0, 0.25, 0.375, 0.4167],
            "transform": [
                [0.844994, 0.532078, 0.053649, 0.124994, 0.404075, -0.700966, 0.587681, -0.002831, 0.350298, -0.474908, -0.807312, -1.2e-05, 0.0, 0.0, 0.0, 1.0],
                [0.844994, 0.532078, 0.053649, 0.124994, 0.404075, -0.700966, 0.587681, -0.002831, 0.350298, -0.474908, -0.807312, -1.2e-05, 0.0, 0.0, 0.0, 1.0],
                [0.890253, 0.451131, 0.062689, 0.124994, 0.226923, -0.558661, 0.797749, -0.002831, 0.394911, -0.695973, -0.599722, -1.2e-05, 0.0, 0.0, 0.0, 1.0],
                [0.890253, 0.451131, 0.062689, 0.124994, 0.226923, -0.558661, 0.797749, -0.002831, 0.394911, -0.695973, -0.599722, -1.2e-05, 0.0, 0.0, 0.0, 1.0]
            ]
        },
        {
            "name": "Leg_R",
            "time": [0.0, 0.25, 0.375, 0.4167],
            "transform": [
                [1.0, -0.0, 1e-06, 0.0, -0.0, 0.673754, 0.738955, 0.37472, -1e-06, -0.738955, 0.673754, -0.0, 0.0, 0.0, 0.0, 1.0],
                [1.0, -0.0, 1e-06, 0.0, -0.0, 0.673754, 0.738955, 0.37472, -1e-06, -0.738955, 0.673754, -0.0, 0.0, 0.0, 0.0, 1.0],
                [1.0, -0.0, 0.0, 0.0, -0.0, 0.497544, 0.867439, 0.37472, -1e-06, -0.867439, 0.497544, -0.0, 0.0, 0.0, 0.0, 1.0],
                [1.0, -0.0, 0.0, 0.0, -0.0, 0.497544, 0.867439, 0.37472, -1e-06, -0.867439, 0.497544, -0.0, 0.0, 0.0, 0.0, 1.0]
            ]
        },
        {
            "name": "Knee_R",
            "time": [0.0, 0.25, 0.375, 0.4167],
            "transform": [
                [1.0, 0.0, -0.0, 0.0, -0.0, 0.409458, -0.912329, 0.37472, -0.0, 0.912329, 0.409458, -0.0, 0.0, 0.0, 0.0, 1.0],
                [1.0, 0.0, -0.0, 0.0, -0.0, 0.409458, -0.912329, 0.37472, -0.0, 0.912329, 0.409458, -0.0, 0.0, 0.0, 0.0, 1.0],
                [1.0, 0.0, -0.0, 0.0, -0.0, 0.409458, -0.912329, 0.37472, -0.0, 0.912329, 0.409458, -0.0, 0.0, 0.0, 0.0, 1.0],
                [1.0, 0.0, -0.0, 0.0, -0.0, 0.409458, -0.912329, 0.37472, -0.0, 0.912329, 0.409458, -0.0, 0.0, 0.0, 0.0, 1.0]
            ]
        },
        {
            "name": "Thigh_L",
            "time": [0.0, 0.25, 0.375, 0.4167],
            "transform": [
                [0.941254, -0.33456, 0.045944, -0.125006, -0.279425, -0.695186, 0.662297, -0.002831, -0.189638, -0.636227, -0.747832, -1.2e-05, 0.0, 0.0, 0.0, 1.0],
                [0.941254, -0.33456, 0.045944, -0.125006, -0.279425, -0.695186, 0.662297, -0.002831, -0.189638, -0.636227, -0.747832, -1.2e-05, 0.0, 0.0, 0.0, 1.0],
                [0.846674, -0.530848, -0.036655, -0.125006, -0.532084, -0.843929, -0.068334, -0.002831, 0.005341, 0.07736, -0.996989, -1.2e-05, 0.0, 0.0, 0.0, 1.0],
                [0.846674, -0.530848, -0.036655, -0.125006, -0.532084, -0.843929, -0.068334, -0.002831, 0.005341, 0.07736, -0.996989, -1.2e-05, 0.0, 0.0, 0.0, 1.0]
            ]
        },
        {
            "name": "Leg_L",
            "time": [0.0, 0.25, 0.375, 0.4167],
            "transform": [
                [1.0, -1e-06, 0.0, -0.0, 0.0, 0.352183, 0.935931, 0.37472, -1e-06, -0.935931, 0.352183, 0.0, 0.0, 0.0, 0.0, 1.0],
                [1.0, -1e-06, 0.0, -0.0, 0.0, 0.352183, 0.935931, 0.37472, -1e-06, -0.935931, 0.352183, 0.0, 0.0, 0.0, 0.0, 1.0],
                [1.0, -0.0, 1e-06, -0.0, -0.0, 0.782123, 0.623125, 0.37472, -1e-06, -0.623125, 0.782123, 0.0, 0.0, 0.0, 0.0, 1.0],
                [1.0, -0.0, 1e-06, -0.0, -0.0, 0.782123, 0.623125, 0.37472, -1e-06, -0.623125, 0.782123, 0.0, 0.0, 0.0, 0.0, 1.0]
            ]
        },
        {
            "name": "Knee_L",
            "time": [0.0, 0.25, 0.375, 0.4167],
            "transform": [
                [1.0, 0.0, -0.0, -0.0, -0.0, 0.521492, -0.853256, 0.37472, -0.0, 0.853256, 0.521492, 0.0, 0.0, 0.0, 0.0, 1.0],
                [1.0, 0.0, -0.0, -0.0, -0.0, 0.521492, -0.853256, 0.37472, -0.0, 0.853256, 0.521492, 0.0, 0.0, 0.0, 0.0, 1.0],
                [1.0, 0.0, -0.0, -0.0, -0.0, 0.374983, -0.927032, 0.37472, -0.0, 0.927032, 0.374983, 0.0, 0.0, 0.0, 0.0, 1.0],
                [1.0, 0.0, -0.0, -0.0, -0.0, 0.374983, -0.927032, 0.37472, -0.0, 0.927032, 0.374983, 0.0, 0.0, 0.0, 0.0, 1.0]
            ]
        },
        {
            "name": "Torso",
            "time": [0.0, 0.25, 0.375, 0.4167],
            "transform": [
                [0.971194, 0.052084, -0.23253, -0.0, -0.092853, 0.981406, -0.167991, 0.05, 0.219457, 0.184743, 0.957971, -0.0, 0.0, 0.0, 0.0, 1.0],
                [0.971194, 0.052084, -0.23253, -0.0, -0.092853, 0.981406, -0.167991, 0.05, 0.219457, 0.184743, 0.957971, -0.0, 0.0, 0.0, 0.0, 1.0],
                [0.988353, 0.032672, 0.148629, -0.0, -0.07562, 0.953004, 0.293368, 0.05, -0.132059, -0.301191, 0.944375, -0.0, 0.0, 0.0, 0.0, 1.0],
                [0.988353, 0.032672, 0.148629, -0.0, -0.07562, 0.953004, 0.293368, 0.05, -0.132059, -0.301191, 0.944375, -0.0, 0.0, 0.0, 0.0, 1.0]
            ]
        },
        {
            "name": "Chest",
            "time": [0.0, 0.25, 0.375, 0.4167],
            "transform": [
                [0.769097, 0.032375, -0.638311, -0.0, 0.08305, 0.985186, 0.150035, 0.3, 0.633713, -0.168403, 0.755016, 0.0, 0.0, 0.0, 0.0, 1.0],
                [0.769097, 0.032375, -0.638311, -0.0, 0.08305, 0.985186, 0.150035, 0.3, 0.633713, -0.168403, 0.755016, 0.0, 0.0, 0.0, 0.0, 1.0],
                [0.87978, -0.010789, 0.475258, -0.0, 0.086155, 0.986805, -0.137084, 0.3, -0.467508, 0.16155, 0.869102, 0.0, 0.0, 0.0, 0.0, 1.0],
                [0.87978, -0.010789, 0.475258, -0.0, 0.086155, 0.986805, -0.137084, 0.3, -0.467508, 0.16155, 0.869102, 0.0, 0.0, 0.0, 0.0, 1.0]
            ]
        },
        {
            "name": "Head",
            "time": [0.0, 0.25, 0.375, 0.4167],
            "transform": [
                [0.648629, -0.315489, 0.692638, 0.0, 0.178373, 0.947709, 0.264632, 0.4, -0.739908, -0.0481, 0.670986, 0.0, 0.0, 0.0, 0.0, 1.0],
                [0.648629, -0.315489, 0.692638, 0.0, 0.178373, 0.947709, 0.264632, 0.4, -0.739908, -0.0481, 0.670986, 0.0, 0.0, 0.0, 0.0, 1.0],
                [0.513554, -0.118102, -0.849891, 0.0, -0.002004, 0.990315, -0.138826, 0.4, 0.858055, 0.072998, 0.508343, 0.0, 0.0, 0.0, 0.0, 1.0],
                [0.513554, -0.118102, -0.849891, 0.0, -0.002004, 0.990315, -0.138826, 0.4, 0.858055, 0.072998, 0.508343, 0.0, 0.0, 0.0, 0.0, 1.0]
            ]
        },
        {
            "name": "Shoulder_R",
            "time": [0.0, 0.25, 0.375, 0.4167],
            "transform": [
                [-0.218155, 0.933684, 0.283975, 0.0, -0.226589, -0.331492, 0.915844, 0.4, 0.949244, 0.135451, 0.28388, 0.0, 0.0, 0.0, 0.0, 1.0],
                [-0.218155, 0.933684, 0.283975, 0.0, -0.226589, -0.331492, 0.915844, 0.4, 0.949244, 0.135451, 0.28388, 0.0, 0.0, 0.0, 0.0, 1.0],
                [-0.05304, 0.976475, 0.209005, 0.0, 0.023127, -0.208042, 0.977846, 0.4, 0.998324, 0.056698, -0.011548, 0.0, 0.0, 0.0, 0.0, 1.0],
                [-0.05304, 0.976475, 0.209005, 0.0, 0.023127, -0.208042, 0.977846, 0.4, 0.998324, 0.056698, -0.011548, 0.0, 0.0, 0.0, 0.0, 1.0]
            ]
        },
        {
            "name": "Arm_R",
            "time": [0.0, 0.25, 0.375, 0.4167],
            "transform": [
                [-0.259544, -0.221315, -0.94003, 0.0, -0.228844, 0.959758, -0.162775, 0.39386, 0.938226, 0.172873, -0.299746, 0.0, 0.0, 0.0, 0.0, 1.0],
                [-0.259544, -0.221315, -0.94003, 0.0, -0.228844, 0.959758, -0.162775, 0.39386, 0.938226, 0.172873, -0.299746, 0.0, 0.0, 0.0, 0.0, 1.0],
                [0.101073, -0.63304, -0.767492, -0.0, -0.382091, 0.687581, -0.617446, 0.393861, 0.918581, 0.355659, -0.172383, 0.0, 0.0, 0.0, 0.0, 1.0],
                [0.101073, -0.63304, -0.767492, -0.0, -0.382091, 0.687581, -0.617446, 0.393861, 0.918581, 0.355659, -0.172383, 0.0, 0.0, 0.0, 0.0, 1.0]
            ]
        },
        {
            "name": "Hand_R",
            "time": [0.0, 0.25, 0.375, 0.4167],
            "transform": [
                [1.0, -0.0, -0.0, 0.0, -0.0, -0.404449, -0.914561, 0.3, 0.0, 0.914561, -0.404449, -0.0, 0.0, 0.0, 0.0, 1.0],
                [1.0, -0.0, -0.0, 0.0, -0.0, -0.404449, -0.914561, 0.3, 0.0, 0.914561, -0.404449, -0.0, 0.0, 0.0, 0.0, 1.0],
                [1.0, 0.0, 0.0, 0.0, -0.0, 0.999937, 0.011237, 0.3, -0.0, -0.011237, 0.999937, -0.0, 0.0, 0.0, 0.0, 1.0],
                [1.0, 0.0, 0.0, 0.0, -0.0, 0.999937, 0.011237, 0.3, -0.0, -0.011237, 0.999937, -0.0, 0.0, 0.0, 0.0, 1.0]
            ]
        },
        {
            "name": "Tool_R",
            "time": [0.0, 0.25, 0.375, 0.4167],
            "transform": [
                [0.369769, 0.91384, 0.16783, 0.0, 0.495045, -0.040918, -0.867903, 0.272858, -0.785787, 0.403768, -0.467255, -0.0, 0.0, 0.0, 0.0, 1.0],
                [0.369769, 0.91384, 0.16783, 0.0, 0.495045, -0.040918, -0.867903, 0.272858, -0.785787, 0.403768, -0.467255, -0.0, 0.0, 0.0, 0.0, 1.0],
                [-0.036529, 0.995339, 0.089255, -0.0, 0.029913, 0.090364, -0.995459, 0.272858, -0.998293, -0.033672, -0.033066, -0.0, 0.0, 0.0, 0.0, 1.0],
                [-0.036529, 0.995339, 0.089255, -0.0, 0.029913, 0.090364, -0.995459, 0.272858, -0.998293, -0.033672, -0.033066, -0.0, 0.0, 0.0, 0.0, 1.0]
            ]
        },
        {
            "name": "Elbow_R",
            "time": [0.0, 0.25, 0.375, 0.4167],
            "transform": [
                [-1.0, 0.0, 0.0, 0.0, 0.0, 0.775169, -0.631754, 0.3, -0.0, -0.631754, -0.775169, -0.0, 0.0, 0.0, 0.0, 1.0],
                [-1.0, 0.0, 0.0, 0.0, 0.0, 0.775169, -0.631754, 0.3, -0.0, -0.631754, -0.775169, -0.0, 0.0, 0.0, 0.0, 1.0],
                [-1.0, 0.0, -0.0, 0.0, 0.0, -0.0, -1.0, 0.3, -0.0, -1.0, 0.0, -0.0, 0.0, 0.0, 0.0, 1.0],
                [-1.0, 0.0, -0.0, 0.0, 0.0, -0.0, -1.0, 0.3, -0.0, -1.0, 0.0, -0.0, 0.0, 0.0, 0.0, 1.0]
            ]
        },
        {
            "name": "Shoulder_L",
            "time": [0.0, 0.25, 0.375, 0.4167],
            "transform": [
                [-0.108761, -0.921521, -0.372787, 0.0, 0.040206, -0.378782, 0.924612, 0.4, -0.993254, 0.085573, 0.078247, 0.0, 0.0, 0.0, 0.0, 1.0],
                [-0.108761, -0.921521, -0.372787, 0.0, 0.040206, -0.378782, 0.924612, 0.4, -0.993254, 0.085573, 0.078247, 0.0, 0.0, 0.0, 0.0, 1.0],
                [-0.108761, -0.921521, -0.372787, 0.0, 0.040206, -0.378782, 0.924612, 0.4, -0.993254, 0.085573, 0.078247, 0.0, 0.0, 0.0, 0.0, 1.0],
                [-0.108761, -0.921521, -0.372787, 0.0, 0.040206, -0.378782, 0.924612, 0.4, -0.993254, 0.085573, 0.078247, 0.0, 0.0, 0.0, 0.0, 1.0]
            ]
        },
        {
            "name": "Arm_L",
            "time": [0.0, 0.25, 0.375, 0.4167],
            "transform": [
                [0.137775, 0.007734, 0.990433, -0.0, -0.710765, 0.697197, 0.093428, 0.39386, -0.689805, -0.716838, 0.101554, -0.0, 0.0, 0.0, 0.0, 1.0],
                [0.137775, 0.007734, 0.990433, -0.0, -0.710765, 0.697197, 0.093428, 0.39386, -0.689805, -0.716838, 0.101554, -0.0, 0.0, 0.0, 0.0, 1.0],
                [-0.369777, 0.054102, 0.927544, -0.0, -0.429934, 0.875031, -0.222438, 0.39386, -0.823664, -0.481035, -0.300305, 0.0, 0.0, 0.0, 0.0, 1.0],
                [-0.369777, 0.054102, 0.927544, -0.0, -0.429934, 0.875031, -0.222438, 0.39386, -0.823664, -0.481035, -0.300305, 0.0, 0.0, 0.0, 0.0, 1.0]
            ]
        },
        {
            "name": "Hand_L",
            "time": [0.0, 0.25, 0.375, 0.4167],
            "transform": [
                [1.0, 0.0, 0.0, -0.0, -0.0, 0.79607, -0.605205, 0.3, 0.0, 0.605205, 0.796069, -0.0, 0.0, 0.0, 0.0, 1.0],
                [1.0, 0.0, 0.0, -0.0, -0.0, 0.79607, -0.605205, 0.3, 0.0, 0.605205, 0.796069, -0.0, 0.0, 0.0, 0.0, 1.0],
                [1.0, 0.0, 0.0, 0.0, -0.0, 0.536867, -0.843667, 0.3, -0.0, 0.843667, 0.536867, 0.0, 0.0, 0.0, 0.0, 1.0],
                [1.0, 0.0, 0.0, 0.0, -0.0, 0.536867, -0.843667, 0.3, -0.0, 0.843667, 0.536867, 0.0, 0.0, 0.0, 0.0, 1.0]
            ]
        },
        {
            "name": "Tool_L",
            "time": [0.0, 0.25, 0.375, 0.4167],
            "transform": [
                [1.0, -0.0, 0.0, 0.0, 0.0, -0.825575, -0.564292, 0.272858, 0.0, 0.563951, -0.825096, -0.0, 0.0, 0.0, 0.0, 1.0],
                [1.0, -0.0, 0.0, 0.0, 0.0, -0.825575, -0.564292, 0.272858, 0.0, 0.563951, -0.825096, -0.0, 0.0, 0.0, 0.0, 1.0],
                [1.0, -0.0, 0.0, 0.0, -0.0, -0.825575, -0.564292, 0.272858, 0.0, 0.563951, -0.825096, -0.0, 0.0, 0.0, 0.0, 1.0],
                [1.0, -0.0, 0.0, 0.0, -0.0, -0.825575, -0.564292, 0.272858, 0.0, 0.563951, -0.825096, -0.0, 0.0, 0.0, 0.0, 1.0]
            ]
        },
        {
            "name": "Elbow_L",
            "time": [0.0, 0.25, 0.375, 0.4167],
            "transform": [
                [-1.0, 0.0, -0.0, -0.0, 0.0, -0.0, -1.0, 0.3, -0.0, -1.0, -0.0, -0.0, 0.0, 0.0, 0.0, 1.0],
                [-1.0, 0.0, -0.0, -0.0, 0.0, -0.0, -1.0, 0.3, -0.0, -1.0, -0.0, -0.0, 0.0, 0.0, 0.0, 1.0],
                [-1.0, 0.0, -0.0, 0.0, 0.0, -0.0, -1.0, 0.3, -0.0, -1.0, -0.0, 0.0, 0.0, 0.0, 0.0, 1.0],
                [-1.0, 0.0, -0.0, 0.0, 0.0, -0.0, -1.0, 0.3, -0.0, -1.0, -0.0, 0.0, 0.0, 0.0, 0.0, 1.0]
            ]
        }
    ]
}