{
  "animation": [
    {
      "name": "Root",
      "time": [0.0, 0.125, 0.2917, 1.0],
      "transform": [
        [0.853277, 0.066157, -0.517244, -5e-06, -0.518167, 0.218828, -0.826811, 0.000946, 0.058488, 0.973518, 0.221001, 0.553866, 0.0, 0.0, 0.0, 1.0],
        [0.647331, -0.20995, -0.732724, -5e-06, -0.745519, 0.025667, -0.66599, 0.174914, 0.158631, 0.977375, -0.139907, 0.664681, 0.0, 0.0, 0.0, 1.0],
        [0.647331, -0.20995, -0.732724, -5e-06, -0.745519, 0.025667, -0.66599, 0.34991, 0.158631, 0.977375, -0.139907, 1.324156, 0.0, 0.0, 0.0, 1.0],
        [0.647331, -0.20995, -0.732724, -5e-06, -0.745519, 0.025667, -0.66599, 0.34991, 0.158631, 0.977375, -0.139907, 1.324156, 0.0, 0.0, 0.0, 1.0]
      ]
    },
    {
      "name": "Thigh_R",
      "time": [0.0, 0.125, 0.2917, 1.0],
      "transform": [
        [0.967837, 0.230432, -0.100959, 0.124994, 0.190959, -0.934144, -0.301512, -0.002831, -0.163789, 0.272536, -0.948102, -1.2e-05, 0.0, 0.0, 0.0, 1.0],
        [0.78736, 0.288922, 0.544599, 0.124994, 0.263673, -0.956328, 0.126147, -0.002831, 0.557262, 0.044274, -0.829156, -1.2e-05, 0.0, 0.0, 0.0, 1.0],
        [0.718854, 0.606551, 0.339625, 0.124994, 0.388287, -0.75558, 0.527572, -0.002831, 0.576613, -0.247376, -0.778667, -1.2e-05, 0.0, 0.0, 0.0, 1.0],
        [0.718854, 0.606551, 0.339625, 0.124994, 0.388287, -0.75558, 0.527572, -0.002831, 0.576613, -0.247376, -0.778667, -1.2e-05, 0.0, 0.0, 0.0, 1.0]
      ]
    },
    {
      "name": "Leg_R",
      "time": [0.0, 0.125, 0.2917, 1.0],
      "transform": [
        [0.975734, 0.035372, -0.216082, -0.0, 0.124866, 0.720778, 0.681827, 0.37472, 0.179865, -0.692263, 0.698871, -0.0, 0.0, 0.0, 0.0, 1.0],
        [0.975047, -0.212683, 0.063633, 0.0, 0.055197, 0.509899, 0.858462, 0.37472, -0.215027, -0.833528, 0.508915, 0.0, 0.0, 0.0, 0.0, 1.0],
        [0.975047, -0.191449, -0.112386, 0.0, 0.055197, -0.281274, 0.958039, 0.37472, -0.215027, -0.940336, -0.263688, -0.0, 0.0, 0.0, 0.0, 1.0],
        [0.975047, -0.191449, -0.112386, 0.0, 0.055197, -0.281274, 0.958039, 0.37472, -0.215027, -0.940336, -0.263688, -0.0, 0.0, 0.0, 0.0, 1.0]
      ]
    },
    {
      "name": "Knee_R",
      "time": [0.0, 0.125, 0.2917, 1.0],
      "transform": [
        [0.995354, -0.095791, 0.009697, -0.0, 0.032232, 0.236618, -0.971068, 0.37472, 0.090725, 0.966869, 0.238606, -0.0, 0.0, 0.0, 0.0, 1.0],
        [0.995354, -0.095791, 0.009697, 0.0, 0.032232, 0.236618, -0.971068, 0.37472, 0.090725, 0.966869, 0.238606, 0.0, 0.0, 0.0, 0.0, 1.0],
        [0.998485, -0.020778, 0.05095, 0.0, 0.052581, 0.633156, -0.772237, 0.37472, -0.016213, 0.773746, 0.633289, -0.0, 0.0, 0.0, 0.0, 1.0],
        [0.998485, -0.020778, 0.05095, 0.0, 0.052581, 0.633156, -0.772237, 0.37472, -0.016213, 0.773746, 0.633289, -0.0, 0.0, 0.0, 0.0, 1.0]
      ]
    },
    {
      "name": "Thigh_L",
      "time": [0.0, 0.125, 0.2917, 1.0],
      "transform": [
        [0.750185, -0.635275, -0.183436, -0.125006, 0.009822, -0.266681, 0.963735, -0.002831, -0.661156, -0.72478, -0.193821, -1.2e-05, 0.0, 0.0, 0.0, 1.0],
        [0.960703, 0.169978, 0.219449, -0.125006, -0.049439, -0.67316, 0.737842, -0.002831, 0.273141, -0.719696, -0.638304, -1.2e-05, 0.0, 0.0, 0.0, 1.0],
        [0.98986, -0.130292, 0.056569, -0.125006, -0.128433, -0.991088, -0.035347, -0.002831, 0.06067, 0.027724, -0.997773, -1.2e-05, 0.0, 0.0, 0.0, 1.0],
        [0.98986, -0.130292, 0.056569, -0.125006, -0.128433, -0.991088, -0.035347, -0.002831, 0.06067, 0.027724, -0.997773, -1.2e-05, 0.0, 0.0, 0.0, 1.0]
      ]
    },
    {
      "name": "Leg_L",
      "time": [0.0, 0.125, 0.2917, 1.0],
      "transform": [
        [0.999969, -0.004141, 0.006704, -0.0, -0.007569, -0.267951, 0.963403, 0.37472, -0.002193, -0.963423, -0.267974, 0.0, 0.0, 0.0, 0.0, 1.0],
        [0.999969, -0.002046, 0.00761, -0.0, -0.007569, 0.019448, 0.999782, 0.37472, -0.002193, -0.999809, 0.019432, 0.0, 0.0, 0.0, 0.0, 1.0],
        [0.999925, 0.011532, -0.004173, -0.0, -0.010782, 0.988784, 0.148965, 0.37472, 0.005844, -0.148909, 0.988834, 0.0, 0.0, 0.0, 0.0, 1.0],
        [0.999925, 0.011532, -0.004173, -0.0, -0.010782, 0.988784, 0.148965, 0.37472, 0.005844, -0.148909, 0.988834, 0.0, 0.0, 0.0, 0.0, 1.0]
      ]
    },
    {
      "name": "Knee_L",
      "time": [0.0, 0.125, 0.2917, 1.0],
      "transform": [
        [1.0, 0.0, 0.0, -0.0, -0.0, 0.683909, -0.729567, 0.37472, -0.0, 0.729567, 0.683909, 0.0, 0.0, 0.0, 0.0, 1.0],
        [1.0, 0.0, 0.0, -0.0, -0.0, 0.683909, -0.729567, 0.37472, -0.0, 0.729567, 0.683909, 0.0, 0.0, 0.0, 0.0, 1.0],
        [1.0, 0.0, -0.0, -0.0, -0.0, 1e-06, -1.0, 0.37472, -0.0, 1.0, 1e-06, 0.0, 0.0, 0.0, 0.0, 1.0],
        [1.0, 0.0, -0.0, -0.0, -0.0, 1e-06, -1.0, 0.37472, -0.0, 1.0, 1e-06, 0.0, 0.0, 0.0, 0.0, 1.0]
      ]
    },
    {
      "name": "Torso",
      "time": [0.0, 0.125, 0.2917, 1.0],
      "transform": [
        [0.95549, -0.0, -0.295025, -0.0, -0.03331, 0.993606, -0.107879, 0.05, 0.293138, 0.112905, 0.94938, -0.0, 0.0, 0.0, 0.0, 1.0],
        [0.970372, 0.021825, -0.240626, -0.0, -0.027279, 0.99944, -0.019359, 0.05, 0.240069, 0.02535, 0.970425, -0.0, 0.0, 0.0, 0.0, 1.0],
        [0.970372, 0.021825, -0.240626, -0.0, -0.027279, 0.99944, -0.019359, 0.05, 0.240069, 0.02535, 0.970425, -0.0, 0.0, 0.0, 0.0, 1.0],
        [0.970372, 0.021825, -0.240626, -0.0, -0.027279, 0.99944, -0.019359, 0.05, 0.240069, 0.02535, 0.970425, -0.0, 0.0, 0.0, 0.0, 1.0]
      ]
    },
    {
      "name": "Chest",
      "time": [0.0, 0.125, 0.2917, 1.0],
      "transform": [
        [0.965223, 0.151492, -0.213059, -0.0, -0.126903, 0.984036, 0.124774, 0.3, 0.22856, -0.093397, 0.969039, 0.0, 0.0, 0.0, 0.0, 1.0],
        [0.965223, 0.179002, -0.190532, 0.0, -0.126903, 0.958004, 0.257147, 0.3, 0.22856, -0.224025, 0.947403, 0.0, 0.0, 0.0, 0.0, 1.0],
        [0.925986, 0.179002, -0.332429, 0.0, -0.087111, 0.958004, 0.273204, 0.3, 0.367372, -0.224025, 0.90269, 0.0, 0.0, 0.0, 0.0, 1.0],
        [0.925986, 0.179002, -0.332429, 0.0, -0.087111, 0.958004, 0.273204, 0.3, 0.367372, -0.224025, 0.90269, 0.0, 0.0, 0.0, 0.0, 1.0]
      ]
    },
    {
      "name": "Head",
      "time": [0.0, 0.125, 0.2917, 1.0],
      "transform": [
        [0.434138, -0.048473, 0.899541, -0.0, 0.140627, 0.989956, -0.014525, 0.4, -0.889803, 0.132805, 0.436594, 0.0, 0.0, 0.0, 0.0, 1.0],
        [0.445874, -0.003303, 0.89509, -0.0, -0.02191, 0.999653, 0.014603, 0.4, -0.894827, -0.026123, 0.445647, -0.0, 0.0, 0.0, 0.0, 1.0],
        [0.938615, -0.0, 0.344966, -0.0, 0.0, 1.0, 0.0, 0.4, -0.344966, 0.0, 0.938615, 0.0, 0.0, 0.0, 0.0, 1.0],
        [0.938615, -0.0, 0.344966, -0.0, 0.0, 1.0, 0.0, 0.4, -0.344966, 0.0, 0.938615, 0.0, 0.0, 0.0, 0.0, 1.0]
      ]
    },
    {
      "name": "Shoulder_R",
      "time": [0.0, 0.125, 0.2917, 1.0],
      "transform": [
        [-0.307117, 0.901481, 0.304978, -0.0, 0.079646, -0.294993, 0.952174, 0.4, 0.948333, 0.316719, 0.018798, 0.0, 0.0, 0.0, 0.0, 1.0],
        [-0.307117, 0.901481, 0.304978, -0.0, 0.079646, -0.294993, 0.952174, 0.4, 0.948333, 0.316719, 0.018798, -0.0, 0.0, 0.0, 0.0, 1.0],
        [-0.307117, 0.901481, 0.304978, -0.0, 0.079646, -0.294993, 0.952174, 0.4, 0.948333, 0.316719, 0.018798, 0.0, 0.0, 0.0, 0.0, 1.0],
        [-0.307117, 0.901481, 0.304978, -0.0, 0.079646, -0.294993, 0.952174, 0.4, 0.948333, 0.316719, 0.018798, 0.0, 0.0, 0.0, 0.0, 1.0]
      ]
    },
    {
      "name": "Arm_R",
      "time": [0.0, 0.2917, 1.0],
      "transform": [
        [0.403579, 0.387503, -0.828834, 0.0, -0.156841, 0.921775, 0.354586, 0.39386, 0.901402, -0.013108, 0.432785, 0.0, 0.0, 0.0, 0.0, 1.0],
        [0.432333, -0.08348, -0.897841, 0.0, 0.105574, 0.993543, -0.041542, 0.39386, 0.895512, -0.076828, 0.438355, 0.0, 0.0, 0.0, 0.0, 1.0],
        [0.432333, -0.08348, -0.897841, 0.0, 0.105574, 0.993543, -0.041542, 0.39386, 0.895512, -0.076828, 0.438355, 0.0, 0.0, 0.0, 0.0, 1.0]
      ]
    },
    {
      "name": "Hand_R",
      "time": [0.0, 0.2917, 1.0],
      "transform": [
        [0.998071, 0.001469, -0.062072, -0.0, -0.017304, 0.966694, -0.255352, 0.3, 0.059629, 0.255933, 0.964854, -0.0, 0.0, 0.0, 0.0, 1.0],
        [0.998071, -0.022325, -0.057937, 0.0, -0.017304, 0.796142, -0.604863, 0.3, 0.059629, 0.604699, 0.794219, 0.0, 0.0, 0.0, 0.0, 1.0],
        [0.998071, -0.022325, -0.057937, 0.0, -0.017304, 0.796142, -0.604863, 0.3, 0.059629, 0.604699, 0.794219, 0.0, 0.0, 0.0, 0.0, 1.0]
      ]
    },
    {
      "name": "Tool_R",
      "time": [0.0, 0.2917, 1.0],
      "transform": [
        [0.998601, -0.039806, -0.034791, -0.0, -0.048707, -0.94862, -0.312645, 0.272858, -0.020547, 0.313706, -0.948674, 0.0, 0.0, 0.0, 0.0, 1.0],
        [0.998602, -0.035652, -0.039036, 0.0, -0.048705, -0.907572, -0.417062, 0.272858, -0.020547, 0.418122, -0.907506, 0.0, 0.0, 0.0, 0.0, 1.0],
        [0.998602, -0.035652, -0.039036, 0.0, -0.048705, -0.907572, -0.417062, 0.272858, -0.020547, 0.418122, -0.907506, 0.0, 0.0, 0.0, 0.0, 1.0]
      ]
    },
    {
      "name": "Elbow_R",
      "time": [0.0, 0.125, 0.2917, 1.0],
      "transform": [
        [-1.0, 0.0, -0.0, -0.0, 0.0, -0.0, -1.0, 0.3, -0.0, -1.0, 0.0, -0.0, 0.0, 0.0, 0.0, 1.0],
        [-1.0, 0.0, -0.0, -0.0, 0.0, -0.0, -1.0, 0.3, -0.0, -1.0, 0.0, 0.0, 0.0, 0.0, 0.0, 1.0],
        [-1.0, 0.0, 0.0, 0.0, 0.0, 0.179194, -0.983814, 0.3, -0.0, -0.983814, -0.179194, 0.0, 0.0, 0.0, 0.0, 1.0],
        [-1.0, 0.0, 0.0, 0.0, 0.0, 0.179194, -0.983814, 0.3, -0.0, -0.983814, -0.179194, 0.0, 0.0, 0.0, 0.0, 1.0]
      ]
    },
    {
      "name": "Shoulder_L",
      "time": [0.0, 0.125, 0.2917, 1.0],
      "transform": [
        [0.017822, -0.949813, -0.312309, -0.0, 0.20457, -0.302287, 0.931007, 0.4, -0.978689, -0.080482, 0.188916, 0.0, 0.0, 0.0, 0.0, 1.0],
        [0.017822, -0.949813, -0.312309, -0.0, 0.20457, -0.302286, 0.931007, 0.4, -0.97869, -0.080482, 0.188916, -0.0, 0.0, 0.0, 0.0, 1.0],
        [-0.118784, -0.992242, 0.036678, -0.0, 0.208055, 0.011247, 0.978052, 0.4, -0.970878, 0.123808, 0.205105, 0.0, 0.0, 0.0, 0.0, 1.0],
        [-0.118784, -0.992242, 0.036678, -0.0, 0.208055, 0.011247, 0.978052, 0.4, -0.970878, 0.123808, 0.205105, 0.0, 0.0, 0.0, 0.0, 1.0]
      ]
    },
    {
      "name": "Arm_L",
      "time": [0.0, 0.0833, 0.2917, 1.0],
      "transform": [
        [0.92689, 0.209837, 0.311197, 0.0, -0.352878, 0.769671, 0.532055, 0.39386, -0.127875, -0.602971, 0.787448, 0.0, 0.0, 0.0, 0.0, 1.0],
        [0.92689, 0.37183, 0.051162, 0.0, -0.352878, 0.909744, -0.218731, 0.39386, -0.127875, 0.184686, 0.974443, 0.0, 0.0, 0.0, 0.0, 1.0],
        [0.92689, 0.231123, -0.295732, -0.0, -0.352879, 0.268174, -0.896415, 0.39386, -0.127875, 0.935235, 0.330126, -0.0, 0.0, 0.0, 0.0, 1.0],
        [0.92689, 0.231123, -0.295732, -0.0, -0.352879, 0.268174, -0.896415, 0.39386, -0.127875, 0.935235, 0.330126, -0.0, 0.0, 0.0, 0.0, 1.0]
      ]
    },
    {
      "name": "Hand_L",
      "time": [0.0, 0.125, 0.2917, 1.0],
      "transform": [
        [0.977968, 0.198618, 0.064258, 0.0, -0.15293, 0.891182, -0.427092, 0.3, -0.142094, 0.407856, 0.901922, 0.0, 0.0, 0.0, 0.0, 1.0],
        [0.991459, 0.130241, -0.006863, 0.0, -0.097305, 0.703641, -0.703862, 0.3, -0.086843, 0.698517, 0.710304, 0.0, 0.0, 0.0, 0.0, 1.0],
        [1.0, 0.0, 0.0, 0.0, -0.0, 0.990538, -0.137241, 0.3, -0.0, 0.137241, 0.990538, 0.0, 0.0, 0.0, 0.0, 1.0],
        [1.0, 0.0, 0.0, 0.0, -0.0, 0.990538, -0.137241, 0.3, -0.0, 0.137241, 0.990538, 0.0, 0.0, 0.0, 0.0, 1.0]
      ]
    },
    {
      "name": "Tool_L",
      "time": [0.0, 0.125, 0.2917, 1.0],
      "transform": [
        [0.99564, 0.016096, 0.091879, -0.0, 0.092194, -0.020102, -0.995538, 0.272858, -0.014168, 0.99908, -0.021496, -0.0, 0.0, 0.0, 0.0, 1.0],
        [0.999403, 0.020269, 0.027984, -0.0, 0.032359, -0.264961, -0.963716, 0.272858, -0.012111, 0.963476, -0.265313, 0.0, 0.0, 0.0, 0.0, 1.0],
        [1.0, -0.0, -0.0, 0.0, -0.0, -0.045288, -0.998974, 0.272858, 0.0, 0.998386, -0.045272, 0.0, 0.0, 0.0, 0.0, 1.0],
        [1.0, -0.0, -0.0, 0.0, -0.0, -0.045288, -0.998974, 0.272858, 0.0, 0.998386, -0.045272, 0.0, 0.0, 0.0, 0.0, 1.0]
      ]
    },
    {
      "name": "Elbow_L",
      "time": [0.0, 0.125, 0.2917, 1.0],
      "transform": [
        [-1.0, 0.0, -0.0, 0.0, 0.0, 0.149896, -0.988702, 0.3, -0.0, -0.988702, -0.149896, 0.0, 0.0, 0.0, 0.0, 1.0],
        [-1.0, 0.0, -0.0, 0.0, 0.0, 0.149896, -0.988702, 0.3, -0.0, -0.988702, -0.149896, 0.0, 0.0, 0.0, 0.0, 1.0],
        [-0.999191, 0.020001, -0.034886, 0.0, 0.037335, 0.139115, -0.989572, 0.3, -0.014939, -0.990074, -0.13975, 0.0, 0.0, 0.0, 0.0, 1.0],
        [-0.999191, 0.020001, -0.034886, 0.0, 0.037335, 0.139115, -0.989572, 0.3, -0.014939, -0.990074, -0.13975, 0.0, 0.0, 0.0, 0.0, 1.0]
      ]
    }
  ]
}