{
  "animation": [
    {
      "name": "Root",
      "time": [0.0, 0.125, 0.1667, 0.25, 0.375, 0.4167, 0.455],
      "transform": [
        [0.511417, -0.18549, -0.839074, -5e-06, -0.849981, 0.034467, -0.525684, 0.000946, 0.126429, 0.982042, -0.140036, 1.408905, 0.0, 0.0, 0.0, 1.0],
        [0.511417, -0.108924, -0.852401, -0.021984, -0.849981, 0.081819, -0.52042, -0.006112, 0.126429, 0.990677, -0.05074, 1.45036, 0.0, 0.0, 0.0, 1.0],
        [-0.640249, 0.042425, -0.766995, -0.021984, -0.757692, 0.129457, 0.639644, -0.006112, 0.126429, 0.990677, -0.05074, 1.45036, 0.0, 0.0, 0.0, 1.0],
        [-0.640249, 0.042425, -0.766995, -0.021984, -0.757692, 0.129457, 0.639644, -0.006112, 0.126429, 0.990677, -0.05074, 1.431865, 0.0, 0.0, 0.0, 1.0],
        [-0.697686, -0.062226, 0.713697, -0.021984, 0.715541, -0.011622, 0.698475, -0.006112, -0.035169, 0.997994, 0.052633, 1.390596, 0.0, 0.0, 0.0, 1.0],
        [-0.630676, -0.067569, 0.773099, -0.021984, 0.775672, -0.085804, 0.625276, -0.006112, 0.024085, 0.994018, 0.106526, 1.390596, 0.0, 0.0, 0.0, 1.0],
        [-0.630676, -0.067569, 0.773099, -0.021984, 0.775672, -0.085804, 0.625276, -0.006112, 0.024085, 0.994018, 0.106526, 1.390596, 0.0, 0.0, 0.0, 1.0]
      ]
    },
    {
      "name": "Thigh_R",
      "time": [0.0, 0.125, 0.1667, 0.25, 0.375, 0.4167, 0.455],
      "transform": [
        [0.718854, 0.606551, 0.339625, 0.124994, 0.388287, -0.75558, 0.527572, -0.002831, 0.576613, -0.247375, -0.778667, -1.2e-05, 0.0, 0.0, 0.0, 1.0],
        [0.963604, 0.231233, -0.134161, 0.124994, 0.26457, -0.896845, 0.354502, -0.002831, -0.038349, -0.377094, -0.925381, -1.2e-05, 0.0, 0.0, 0.0, 1.0],
        [0.963604, 0.231233, -0.134161, 0.124994, 0.26457, -0.896845, 0.354502, -0.002831, -0.038349, -0.377094, -0.92538, -1.2e-05, 0.0, 0.0, 0.0, 1.0],
        [0.896995, 0.231233, 0.376737, 0.124994, 0.046437, -0.896845, 0.439901, -0.002831, 0.439595, -0.377094, -0.815203, -1.2e-05, 0.0, 0.0, 0.0, 1.0],
        [0.896995, 0.231233, 0.376737, 0.124994, 0.046437, -0.896845, 0.439901, -0.002831, 0.439595, -0.377094, -0.815203, -1.2e-05, 0.0, 0.0, 0.0, 1.0],
        [0.896995, 0.231233, 0.376737, 0.124994, 0.046437, -0.896845, 0.439901, -0.002831, 0.439595, -0.377094, -0.815203, -1.2e-05, 0.0, 0.0, 0.0, 1.0],
        [0.896995, 0.231233, 0.376737, 0.124994, 0.046437, -0.896845, 0.439901, -0.002831, 0.439595, -0.377094, -0.815203, -1.2e-05, 0.0, 0.0, 0.0, 1.0]
      ]
    },
    {
      "name": "Leg_R",
      "time": [0.0, 0.125, 0.1667, 0.25, 0.375, 0.4167, 0.455],
      "transform": [
        [0.975047, -0.191449, -0.112386, 0.0, 0.055198, -0.281274, 0.958039, 0.37472, -0.215027, -0.940336, -0.263688, -0.0, 0.0, 0.0, 0.0, 1.0],
        [0.975047, -0.191449, -0.112386, 0.0, 0.055197, -0.281274, 0.958039, 0.37472, -0.215027, -0.940336, -0.263688, 0.0, 0.0, 0.0, 0.0, 1.0],
        [0.975047, -0.191449, -0.112386, -0.0, 0.055198, -0.281274, 0.958039, 0.37472, -0.215027, -0.940336, -0.263688, -0.0, 0.0, 0.0, 0.0, 1.0],
        [0.975047, -0.172271, -0.140021, 0.0, 0.055198, -0.422794, 0.904544, 0.37472, -0.215027, -0.889701, -0.402735, 0.0, 0.0, 0.0, 0.0, 1.0],
        [0.975047, -0.172271, -0.140021, -0.0, 0.055198, -0.422794, 0.904544, 0.37472, -0.215027, -0.889701, -0.402735, -0.0, 0.0, 0.0, 0.0, 1.0],
        [0.975047, -0.172271, -0.140021, -0.0, 0.055198, -0.422794, 0.904544, 0.37472, -0.215027, -0.889701, -0.402735, -0.0, 0.0, 0.0, 0.0, 1.0],
        [0.975047, -0.172271, -0.140021, -0.0, 0.055198, -0.422794, 0.904544, 0.37472, -0.215027, -0.889701, -0.402735, -0.0, 0.0, 0.0, 0.0, 1.0]
      ]
    },
    {
      "name": "Knee_R",
      "time": [0.0, 0.125, 0.1667, 0.25, 0.375, 0.4167, 0.455],
      "transform": [
        [0.998485, -0.033076, 0.043973, 0.0, 0.052581, 0.809043, -0.585392, 0.37472, -0.016213, 0.586818, 0.809557, -0.0, 0.0, 0.0, 0.0, 1.0],
        [0.998485, -0.033076, 0.043973, 0.0, 0.052581, 0.809043, -0.585392, 0.37472, -0.016214, 0.586818, 0.809557, 0.0, 0.0, 0.0, 0.0, 1.0],
        [0.998485, -0.033076, 0.043973, 0.0, 0.052581, 0.809044, -0.585392, 0.37472, -0.016213, 0.586818, 0.809557, 0.0, 0.0, 0.0, 0.0, 1.0],
        [0.998485, -0.033076, 0.043973, 0.0, 0.052581, 0.809043, -0.585392, 0.37472, -0.016213, 0.586818, 0.809557, 0.0, 0.0, 0.0, 0.0, 1.0],
        [0.998485, -0.033076, 0.043973, -0.0, 0.052581, 0.809043, -0.585392, 0.37472, -0.016213, 0.586818, 0.809557, -0.0, 0.0, 0.0, 0.0, 1.0],
        [0.998485, -0.033076, 0.043973, -0.0, 0.052581, 0.809043, -0.585392, 0.37472, -0.016213, 0.586818, 0.809557, 0.0, 0.0, 0.0, 0.0, 1.0],
        [0.998485, -0.033076, 0.043973, -0.0, 0.052581, 0.809043, -0.585392, 0.37472, -0.016213, 0.586818, 0.809557, 0.0, 0.0, 0.0, 0.0, 1.0]
      ]
    },
    {
      "name": "Thigh_L",
      "time": [0.0, 0.125, 0.1667, 0.25, 0.375, 0.4167, 0.455],
      "transform": [
        [0.98986, -0.120452, 0.075283, -0.125006, -0.128434, -0.985355, 0.112162, -0.002831, 0.06067, -0.120694, -0.990834, -1.2e-05, 0.0, 0.0, 0.0, 1.0],
        [0.98986, -0.082297, 0.115773, -0.125006, -0.128434, -0.866695, 0.482021, -0.002831, 0.06067, -0.492003, -0.868477, -1.2e-05, 0.0, 0.0, 0.0, 1.0],
        [0.98986, -0.082298, 0.115773, -0.125006, -0.128434, -0.866695, 0.482021, -0.002831, 0.06067, -0.492003, -0.868477, -1.2e-05, 0.0, 0.0, 0.0, 1.0],
        [0.991878, -0.082297, -0.096975, -0.125006, -0.023192, -0.866695, 0.498299, -0.002831, -0.125056, -0.492003, -0.861565, -1.2e-05, 0.0, 0.0, 0.0, 1.0],
        [0.991878, -0.082297, -0.096975, -0.125006, -0.023192, -0.866695, 0.498299, -0.002831, -0.125056, -0.492003, -0.861565, -1.2e-05, 0.0, 0.0, 0.0, 1.0],
        [0.991878, -0.082297, -0.096975, -0.125006, -0.023192, -0.866695, 0.498299, -0.002831, -0.125056, -0.492003, -0.861565, -1.2e-05, 0.0, 0.0, 0.0, 1.0],
        [0.991878, -0.082297, -0.096975, -0.125006, -0.023192, -0.866695, 0.498299, -0.002831, -0.125056, -0.492003, -0.861565, -1.2e-05, 0.0, 0.0, 0.0, 1.0]
      ]
    },
    {
      "name": "Leg_L",
      "time": [0.0, 0.125, 0.1667, 0.25, 0.375, 0.4167, 0.455],
      "transform": [
        [0.999925, 0.01203, -0.00238, -0.0, -0.010782, 0.954862, 0.296855, 0.37472, 0.005844, -0.296807, 0.95492, 0.0, 0.0, 0.0, 0.0, 1.0],
        [0.999925, 0.0066, 0.010336, -0.0, -0.010781, 0.071446, 0.997386, 0.37472, 0.005844, -0.997423, 0.071512, 0.0, 0.0, 0.0, 0.0, 1.0],
        [0.999925, 0.0066, 0.010336, -0.0, -0.010781, 0.071446, 0.997386, 0.37472, 0.005844, -0.997423, 0.071512, 0.0, 0.0, 0.0, 0.0, 1.0],
        [0.999925, 0.0066, 0.010336, 0.0, -0.010781, 0.071446, 0.997386, 0.37472, 0.005844, -0.997423, 0.071512, -0.0, 0.0, 0.0, 0.0, 1.0],
        [0.999925, 0.0066, 0.010336, 0.0, -0.010781, 0.071446, 0.997386, 0.37472, 0.005844, -0.997423, 0.071512, -0.0, 0.0, 0.0, 0.0, 1.0],
        [0.999925, 0.0066, 0.010336, 0.0, -0.010781, 0.071446, 0.997386, 0.37472, 0.005844, -0.997423, 0.071512, 0.0, 0.0, 0.0, 0.0, 1.0],
        [0.999925, 0.0066, 0.010336, 0.0, -0.010781, 0.071446, 0.997386, 0.37472, 0.005844, -0.997423, 0.071512, 0.0, 0.0, 0.0, 0.0, 1.0]
      ]
    },
    {
      "name": "Knee_L",
      "time": [0.0, 0.125, 0.1667, 0.25, 0.375, 0.4167, 0.455],
      "transform": [
        [1.0, 0.0, -0.0, -0.0, -0.0, 0.131988, -0.991251, 0.37472, -0.0, 0.991251, 0.131988, 0.0, 0.0, 0.0, 0.0, 1.0],
        [1.0, 0.0, -0.0, -0.0, -0.0, 0.131988, -0.991251, 0.37472, 0.0, 0.991251, 0.131988, 0.0, 0.0, 0.0, 0.0, 1.0],
        [1.0, 0.0, -0.0, -0.0, -0.0, 0.131988, -0.991251, 0.37472, -0.0, 0.991251, 0.131988, 0.0, 0.0, 0.0, 0.0, 1.0],
        [1.0, 0.0, -0.0, 0.0, -0.0, 0.131988, -0.991251, 0.37472, -0.0, 0.991251, 0.131988, -0.0, 0.0, 0.0, 0.0, 1.0],
        [1.0, -0.0, -0.0, 0.0, -0.0, 0.131988, -0.991251, 0.37472, -0.0, 0.991251, 0.131988, -0.0, 0.0, 0.0, 0.0, 1.0],
        [1.0, 0.0, -0.0, 0.0, -0.0, 0.131988, -0.991251, 0.37472, -0.0, 0.991251, 0.131988, 0.0, 0.0, 0.0, 0.0, 1.0],
        [1.0, 0.0, -0.0, 0.0, -0.0, 0.131988, -0.991251, 0.37472, -0.0, 0.991251, 0.131988, 0.0, 0.0, 0.0, 0.0, 1.0]
      ]
    },
    {
      "name": "Torso",
      "time": [0.0, 0.125, 0.1667, 0.25, 0.375, 0.4167, 0.455],
      "transform": [
        [0.970372, 0.046321, -0.237132, 0.0, -0.027279, 0.996179, 0.082963, 0.05, 0.240069, -0.074036, 0.967929, -0.0, 0.0, 0.0, 0.0, 1.0],
        [0.970372, 0.046321, -0.237132, -0.0, -0.027279, 0.996179, 0.082963, 0.05, 0.240069, -0.074036, 0.967928, -0.0, 0.0, 0.0, 0.0, 1.0],
        [0.970373, 0.073126, -0.230282, -0.0, -0.027279, 0.980165, 0.196299, 0.05, 0.240069, -0.184201, 0.953119, -0.0, 0.0, 0.0, 0.0, 1.0],
        [0.970373, 0.073126, -0.230282, -0.0, -0.027279, 0.980165, 0.196299, 0.05, 0.240069, -0.184201, 0.953119, -0.0, 0.0, 0.0, 0.0, 1.0],
        [0.970373, 0.073126, -0.230282, -0.0, -0.027279, 0.980164, 0.196299, 0.05, 0.240069, -0.184201, 0.95312, -0.0, 0.0, 0.0, 0.0, 1.0],
        [0.970372, 0.073126, -0.230282, 0.0, -0.027279, 0.980164, 0.196299, 0.05, 0.240069, -0.184201, 0.953119, -0.0, 0.0, 0.0, 0.0, 1.0],
        [0.970372, 0.073126, -0.230282, 0.0, -0.027279, 0.980164, 0.196299, 0.05, 0.240069, -0.184201, 0.953119, -0.0, 0.0, 0.0, 0.0, 1.0]
      ]
    },
    {
      "name": "Chest",
      "time": [0.0, 0.125, 0.1667, 0.25, 0.375, 0.4167, 0.455],
      "transform": [
        [0.925986, 0.179002, -0.332429, -0.0, -0.087111, 0.958004, 0.273204, 0.3, 0.367372, -0.224025, 0.90269, -0.0, 0.0, 0.0, 0.0, 1.0],
        [0.972961, 0.201401, -0.113068, -0.0, -0.138589, 0.900689, 0.411768, 0.3, 0.184769, -0.384964, 0.904247, -0.0, 0.0, 0.0, 0.0, 1.0],
        [0.972961, 0.228472, -0.033871, 0.0, -0.138589, 0.694811, 0.705713, 0.3, 0.184769, -0.681937, 0.707688, -0.0, 0.0, 0.0, 0.0, 1.0],
        [0.972961, 0.230711, -0.010899, -0.0, -0.138589, 0.620909, 0.771534, 0.3, 0.184769, -0.749162, 0.636095, 0.0, 0.0, 0.0, 0.0, 1.0],
        [0.814357, 0.176284, -0.552944, -0.0, 0.29817, 0.690313, 0.659214, 0.3, 0.497913, -0.701707, 0.509598, 0.0, 0.0, 0.0, 0.0, 1.0],
        [0.814357, 0.176284, -0.552944, 0.0, 0.29817, 0.690313, 0.659214, 0.3, 0.497913, -0.701706, 0.509598, 0.0, 0.0, 0.0, 0.0, 1.0],
        [0.814357, 0.176284, -0.552944, 0.0, 0.29817, 0.690313, 0.659214, 0.3, 0.497913, -0.701706, 0.509598, 0.0, 0.0, 0.0, 0.0, 1.0]
      ]
    },
    {
      "name": "Head",
      "time": [0.0, 0.125, 0.1667, 0.25, 0.375, 0.4167, 0.455],
      "transform": [
        [0.938615, -0.0, 0.344966, -0.0, -0.0, 1.0, 0.0, 0.4, -0.344966, -0.0, 0.938615, -0.0, 0.0, 0.0, 0.0, 1.0],
        [0.938615, -0.0, 0.344966, 0.0, 0.0, 1.0, -0.0, 0.4, -0.344966, 0.0, 0.938615, 0.0, 0.0, 0.0, 0.0, 1.0],
        [0.999497, 0.029531, 0.011532, 0.0, -0.016302, 0.790705, -0.61198, 0.4, -0.02719, 0.611485, 0.790789, -0.0, 0.0, 0.0, 0.0, 1.0],
        [0.997427, 0.034976, -0.062573, -0.0, -0.040474, 0.995219, -0.088882, 0.4, 0.059165, 0.091186, 0.994075, -0.0, 0.0, 0.0, 0.0, 1.0],
        [0.833554, -0.135828, -0.535479, 0.0, -0.323663, 0.665445, -0.672626, 0.4, 0.447694, 0.733985, 0.510722, 0.0, 0.0, 0.0, 0.0, 1.0],
        [0.833554, -0.135829, -0.535479, -0.0, -0.323663, 0.665445, -0.672626, 0.4, 0.447694, 0.733985, 0.510722, -0.0, 0.0, 0.0, 0.0, 1.0],
        [0.833554, -0.135829, -0.535479, -0.0, -0.323663, 0.665445, -0.672626, 0.4, 0.447694, 0.733985, 0.510722, -0.0, 0.0, 0.0, 0.0, 1.0]
      ]
    },
    {
      "name": "Shoulder_R",
      "time": [0.0, 0.125, 0.1667, 0.25, 0.375, 0.4167, 0.455],
      "transform": [
        [-0.307117, 0.901481, 0.304978, -0.0, 0.079646, -0.294993, 0.952174, 0.4, 0.948333, 0.316719, 0.018798, -0.0, 0.0, 0.0, 0.0, 1.0],
        [-0.307117, 0.90148, 0.304978, 0.0, 0.079646, -0.294993, 0.952174, 0.4, 0.948333, 0.316719, 0.018798, 0.0, 0.0, 0.0, 0.0, 1.0],
        [0.09669, 0.995036, 0.023552, 0.0, 0.024776, -0.026061, 0.999353, 0.4, 0.995006, -0.096044, -0.027172, -0.0, 0.0, 0.0, 0.0, 1.0],
        [0.09669, 0.955015, 0.280352, -0.0, 0.024775, -0.283894, 0.958535, 0.4, 0.995006, -0.085735, -0.051111, -0.0, 0.0, 0.0, 0.0, 1.0],
        [-0.287359, 0.942491, 0.170692, 0.0, -0.412742, -0.282659, 0.86588, 0.4, 0.864331, 0.178366, 0.47023, 0.0, 0.0, 0.0, 0.0, 1.0],
        [-0.287359, 0.942491, 0.170692, -0.0, -0.412742, -0.282659, 0.86588, 0.4, 0.864331, 0.178366, 0.47023, -0.0, 0.0, 0.0, 0.0, 1.0],
        [-0.287359, 0.942491, 0.170692, -0.0, -0.412742, -0.282659, 0.86588, 0.4, 0.864331, 0.178366, 0.47023, -0.0, 0.0, 0.0, 0.0, 1.0]
      ]
    },
    {
      "name": "Arm_R",
      "time": [0.0, 0.125, 0.1667, 0.25, 0.375, 0.4167, 0.455],
      "transform": [
        [0.065962, -0.168979, -0.98341, 0.0, 0.861059, 0.50765, -0.029474, 0.393861, 0.504209, -0.84483, 0.178986, -0.0, 0.0, 0.0, 0.0, 1.0],
        [0.065962, -0.168979, -0.98341, -0.0, 0.861059, 0.50765, -0.029474, 0.39386, 0.504209, -0.844829, 0.178986, -0.0, 0.0, 0.0, 0.0, 1.0],
        [0.266759, -0.924221, -0.27323, -0.0, 0.185838, 0.327511, -0.926391, 0.39386, 0.945676, 0.196346, 0.259122, -0.0, 0.0, 0.0, 0.0, 1.0],
        [0.011454, -0.960604, -0.277683, -0.0, 0.001054, 0.277713, -0.960664, 0.39386, 0.999934, 0.010711, 0.004194, -0.0, 0.0, 0.0, 0.0, 1.0],
        [-0.034295, 0.191814, -0.980832, -0.0, -0.228075, 0.95401, 0.194543, 0.393861, 0.97304, 0.230375, 0.01103, 0.0, 0.0, 0.0, 0.0, 1.0],
        [-0.034295, 0.191814, -0.980832, -0.0, -0.228075, 0.95401, 0.194543, 0.39386, 0.97304, 0.230375, 0.01103, 0.0, 0.0, 0.0, 0.0, 1.0],
        [-0.034295, 0.191814, -0.980832, -0.0, -0.228075, 0.95401, 0.194543, 0.39386, 0.97304, 0.230375, 0.01103, 0.0, 0.0, 0.0, 0.0, 1.0]
      ]
    },
    {
      "name": "Hand_R",
      "time": [0.0, 0.125, 0.1667, 0.25, 0.375, 0.4167, 0.455],
      "transform": [
        [0.998071, -0.06033, -0.014675, -0.0, -0.017304, -0.043289, -0.998913, 0.3, 0.059629, 0.997239, -0.044249, -0.0, 0.0, 0.0, 0.0, 1.0],
        [0.998071, -0.06033, -0.014674, 0.0, -0.017304, -0.043289, -0.998913, 0.3, 0.059629, 0.997239, -0.044249, 0.0, 0.0, 0.0, 0.0, 1.0],
        [0.845276, -0.032114, 0.533363, -0.0, 0.410474, 0.678075, -0.609694, 0.3, -0.342081, 0.734291, 0.586342, 0.0, 0.0, 0.0, 0.0, 1.0],
        [0.950142, -0.032114, 0.31016, -0.0, 0.248694, 0.678075, -0.69164, 0.3, -0.1881, 0.734291, 0.652254, -0.0, 0.0, 0.0, 0.0, 1.0],
        [1.0, 0.0, 0.0, 0.0, 0.0, 0.993938, 0.109947, 0.3, -0.0, -0.109947, 0.993937, -0.0, 0.0, 0.0, 0.0, 1.0],
        [1.0, -0.0, 0.0, -0.0, -0.0, 0.993937, 0.109947, 0.3, -0.0, -0.109947, 0.993937, -0.0, 0.0, 0.0, 0.0, 1.0],
        [1.0, -0.0, 0.0, -0.0, -0.0, 0.993937, 0.109947, 0.3, -0.0, -0.109947, 0.993937, -0.0, 0.0, 0.0, 0.0, 1.0]
      ]
    },
    {
      "name": "Tool_R",
      "time": [0.0, 0.125, 0.1667, 0.25, 0.375, 0.4167, 0.455],
      "transform": [
        [0.998602, -0.035652, -0.039036, 0.0, -0.048705, -0.907572, -0.417062, 0.272858, -0.020547, 0.418122, -0.907506, 0.0, 0.0, 0.0, 0.0, 1.0],
        [0.998602, -0.035652, -0.039036, 0.0, -0.048705, -0.907572, -0.417062, 0.272858, -0.020547, 0.418122, -0.907507, 0.0, 0.0, 0.0, 0.0, 1.0],
        [1.0, -0.0, 0.0, 0.0, -0.0, -0.906879, -0.42139, 0.272858, 0.0, 0.421131, -0.906347, -0.0, 0.0, 0.0, 0.0, 1.0],
        [1.0, -0.0, 0.0, -0.0, -0.0, -0.801822, -0.597563, 0.272858, 0.0, 0.597201, -0.801354, 0.0, 0.0, 0.0, 0.0, 1.0],
        [1.0, -0.0, 0.0, -0.0, 0.0, 0.052525, -0.99862, 0.272858, 0.0, 0.998029, 0.052483, -0.0, 0.0, 0.0, 0.0, 1.0],
        [1.0, -0.0, -0.0, -0.0, -0.0, 0.052525, -0.99862, 0.272858, 0.0, 0.998029, 0.052483, -0.0, 0.0, 0.0, 0.0, 1.0],
        [1.0, -0.0, -0.0, -0.0, -0.0, 0.052525, -0.99862, 0.272858, 0.0, 0.998029, 0.052483, -0.0, 0.0, 0.0, 0.0, 1.0]
      ]
    },
    {
      "name": "Elbow_R",
      "time": [0.0, 0.125, 0.1667, 0.25, 0.375, 0.4167, 0.455],
      "transform": [
        [-1.0, 0.0, -0.0, -0.0, 0.0, 0.829777, -0.558095, 0.3, -0.0, -0.558095, -0.829777, -0.0, 0.0, 0.0, 0.0, 1.0],
        [-1.0, 0.0, 0.0, 0.0, 0.0, 0.829777, -0.558095, 0.3, -0.0, -0.558095, -0.829777, 0.0, 0.0, 0.0, 0.0, 1.0],
        [-0.965209, -0.261481, 0.0, -0.0, -0.127041, 0.468948, -0.874042, 0.3, 0.228545, -0.843632, -0.485851, 0.0, 0.0, 0.0, 0.0, 1.0],
        [-0.965209, -0.261481, 0.0, -0.0, -0.127041, 0.468948, -0.874042, 0.3, 0.228545, -0.843632, -0.485851, -0.0, 0.0, 0.0, 0.0, 1.0],
        [-1.0, 0.0, 0.0, 0.0, 0.0, -0.0, -1.0, 0.3, -0.0, -1.0, 0.0, -0.0, 0.0, 0.0, 0.0, 1.0],
        [-1.0, 0.0, 0.0, -0.0, 0.0, 0.0, -1.0, 0.3, -0.0, -1.0, 0.0, -0.0, 0.0, 0.0, 0.0, 1.0],
        [-1.0, 0.0, 0.0, -0.0, 0.0, 0.0, -1.0, 0.3, -0.0, -1.0, 0.0, -0.0, 0.0, 0.0, 0.0, 1.0]
      ]
    },
    {
      "name": "Shoulder_L",
      "time": [0.0, 0.125, 0.1667, 0.25, 0.375, 0.4167, 0.455],
      "transform": [
        [-0.118784, -0.992242, 0.036678, -0.0, 0.208055, 0.011247, 0.978052, 0.4, -0.970878, 0.123808, 0.205105, -0.0, 0.0, 0.0, 0.0, 1.0],
        [-0.197013, -0.961217, -0.192997, 0.0, 0.208292, -0.233398, 0.94981, 0.4, -0.958019, 0.146925, 0.246196, 0.0, 0.0, 0.0, 0.0, 1.0],
        [-0.197013, -0.961217, -0.192997, 0.0, 0.208292, -0.233398, 0.94981, 0.4, -0.958019, 0.146925, 0.246196, -0.0, 0.0, 0.0, 0.0, 1.0],
        [-0.197013, -0.961217, -0.192997, -0.0, 0.208292, -0.233398, 0.94981, 0.4, -0.958019, 0.146925, 0.246196, -0.0, 0.0, 0.0, 0.0, 1.0],
        [-0.197013, -0.961217, -0.192997, 0.0, 0.208292, -0.233398, 0.94981, 0.4, -0.958019, 0.146925, 0.246196, 0.0, 0.0, 0.0, 0.0, 1.0],
        [-0.197013, -0.961217, -0.192997, -0.0, 0.208292, -0.233398, 0.94981, 0.4, -0.958019, 0.146925, 0.246196, -0.0, 0.0, 0.0, 0.0, 1.0],
        [-0.197013, -0.961217, -0.192997, -0.0, 0.208292, -0.233398, 0.94981, 0.4, -0.958019, 0.146925, 0.246196, -0.0, 0.0, 0.0, 0.0, 1.0]
      ]
    },
    {
      "name": "Arm_L",
      "time": [0.0, 0.125, 0.1667, 0.25, 0.375, 0.4167, 0.455],
      "transform": [
        [0.907267, 0.382471, -0.174879, 0.0, -0.268657, 0.20717, -0.940693, 0.39386, -0.323558, 0.900442, 0.290712, -0.0, 0.0, 0.0, 0.0, 1.0],
        [0.174174, 0.224441, 0.958796, -0.0, 0.298552, 0.915813, -0.268614, 0.39386, -0.938366, 0.333036, 0.092504, -0.0, 0.0, 0.0, 0.0, 1.0],
        [0.174174, -0.007925, 0.984683, 0.0, 0.298551, 0.953326, -0.045136, 0.39386, -0.938366, 0.30184, 0.168411, 0.0, 0.0, 0.0, 0.0, 1.0],
        [0.174174, -0.007925, 0.984683, 0.0, 0.298551, 0.953326, -0.045136, 0.39386, -0.938366, 0.30184, 0.168411, -0.0, 0.0, 0.0, 0.0, 1.0],
        [0.174174, -0.007925, 0.984683, 0.0, 0.298551, 0.953326, -0.045136, 0.39386, -0.938366, 0.30184, 0.168411, 0.0, 0.0, 0.0, 0.0, 1.0],
        [0.174174, -0.007925, 0.984683, -0.0, 0.298551, 0.953326, -0.045136, 0.39386, -0.938366, 0.30184, 0.168411, -0.0, 0.0, 0.0, 0.0, 1.0],
        [0.174174, -0.007925, 0.984683, -0.0, 0.298551, 0.953326, -0.045136, 0.39386, -0.938366, 0.30184, 0.168411, -0.0, 0.0, 0.0, 0.0, 1.0]
      ]
    },
    {
      "name": "Hand_L",
      "time": [0.0, 0.125, 0.1667, 0.25, 0.375, 0.4167, 0.455],
      "transform": [
        [1.0, 0.0, 0.0, -0.0, -0.0, 0.990538, -0.137241, 0.3, -0.0, 0.137241, 0.990538, -0.0, 0.0, 0.0, 0.0, 1.0],
        [1.0, -0.0, -0.0, 0.0, 0.0, 0.957934, -0.286988, 0.3, 0.0, 0.286988, 0.957934, 0.0, 0.0, 0.0, 0.0, 1.0],
        [1.0, -0.0, -0.0, -0.0, 0.0, 0.957934, -0.286988, 0.3, 0.0, 0.286988, 0.957934, 0.0, 0.0, 0.0, 0.0, 1.0],
        [1.0, -0.0, -0.0, 0.0, 0.0, 0.957934, -0.286988, 0.3, 0.0, 0.286988, 0.957934, -0.0, 0.0, 0.0, 0.0, 1.0],
        [1.0, -0.0, -0.0, 0.0, 0.0, 0.957934, -0.286988, 0.3, 0.0, 0.286988, 0.957934, 0.0, 0.0, 0.0, 0.0, 1.0],
        [1.0, -0.0, -0.0, -0.0, 0.0, 0.957934, -0.286988, 0.3, 0.0, 0.286988, 0.957934, 0.0, 0.0, 0.0, 0.0, 1.0],
        [1.0, -0.0, -0.0, -0.0, 0.0, 0.957934, -0.286988, 0.3, 0.0, 0.286988, 0.957934, 0.0, 0.0, 0.0, 0.0, 1.0]
      ]
    },
    {
      "name": "Tool_L",
      "time": [0.0, 0.125, 0.1667, 0.25, 0.375, 0.4167, 0.455],
      "transform": [
        [1.0, -0.0, -0.0, 0.0, -0.0, -0.045288, -0.998974, 0.272858, 0.0, 0.998386, -0.045272, -0.0, 0.0, 0.0, 0.0, 1.0],
        [1.0, -0.0, -0.0, -0.0, -0.0, -0.93371, -0.358029, 0.272858, 0.0, 0.357808, -0.933165, -0.0, 0.0, 0.0, 0.0, 1.0],
        [1.0, -0.0, -0.0, 0.0, -0.0, -0.93371, -0.358029, 0.272858, -0.0, 0.357808, -0.933165, 0.0, 0.0, 0.0, 0.0, 1.0],
        [1.0, -0.0, 0.0, 0.0, -0.0, -0.93371, -0.358029, 0.272858, -0.0, 0.357808, -0.933165, 0.0, 0.0, 0.0, 0.0, 1.0],
        [1.0, -0.0, -0.0, -0.0, -0.0, -0.432788, -0.901496, 0.272858, 0.0, 0.900961, -0.432543, -0.0, 0.0, 0.0, 0.0, 1.0],
        [1.0, -0.0, -0.0, -0.0, -0.0, -0.432788, -0.901496, 0.272858, 0.0, 0.900961, -0.432543, -0.0, 0.0, 0.0, 0.0, 1.0],
        [1.0, -0.0, -0.0, -0.0, -0.0, -0.432788, -0.901496, 0.272858, 0.0, 0.900961, -0.432543, -0.0, 0.0, 0.0, 0.0, 1.0]
      ]
    },
    {
      "name": "Elbow_L",
      "time": [0.0, 0.125, 0.1667, 0.25, 0.375, 0.4167, 0.455],
      "transform": [
        [-0.999191, 0.020001, -0.034886, -0.0, 0.037335, 0.139115, -0.989572, 0.3, -0.014939, -0.990074, -0.13975, -0.0, 0.0, 0.0, 0.0, 1.0],
        [-1.0, 0.0, -0.0, 0.0, 0.0, -0.0, -1.0, 0.3, -0.0, -1.0, -0.0, 0.0, 0.0, 0.0, 0.0, 1.0],
        [-1.0, 0.0, -0.0, -0.0, 0.0, -0.0, -1.0, 0.3, -0.0, -1.0, 0.0, 0.0, 0.0, 0.0, 0.0, 1.0],
        [-1.0, 0.0, -0.0, 0.0, 0.0, -0.0, -1.0, 0.3, -0.0, -1.0, -0.0, -0.0, 0.0, 0.0, 0.0, 1.0],
        [-1.0, 0.0, -0.0, 0.0, 0.0, -0.0, -1.0, 0.3, -0.0, -1.0, -0.0, 0.0, 0.0, 0.0, 0.0, 1.0],
        [-1.0, 0.0, -0.0, -0.0, 0.0, -0.0, -1.0, 0.3, -0.0, -1.0, -0.0, 0.0, 0.0, 0.0, 0.0, 1.0],
        [-1.0, 0.0, -0.0, -0.0, 0.0, -0.0, -1.0, 0.3, -0.0, -1.0, -0.0, 0.0, 0.0, 0.0, 0.0, 1.0]
      ]
    }
  ]
}