{
    "animation": [
        {
            "name": "Root",
            "time": [0.0, 0.125, 0.2917, 0.875, 1.0, 1.1667, 1.2917, 1.8167],
            "transform": [
                [1.0, 0.0, 0.0, -5e-06, 0.0, 0.109135, -0.994027, -0.028621, 0.0, 0.994027, 0.109135, 0.494668, 0.0, 0.0, 0.0, 1.0],
                [1.0, 0.0, 0.0, -5e-06, 0.0, 0.109135, -0.994027, 0.361554, 0.0, 0.994027, 0.109135, 1.150757, 0.0, 0.0, 0.0, 1.0],
                [1.0, 0.0, 0.0, -5e-06, 0.0, 0.162282, -0.986744, 0.613022, 0.0, 0.986744, 0.162282, 1.480197, 0.0, 0.0, 0.0, 1.0],
                [1.0, 0.0, 0.0, -5e-06, 0.0, 0.311169, -0.950355, 0.718903, 0.0, 0.950355, 0.311169, 1.618908, 0.0, 0.0, 0.0, 1.0],
                [1.0, 0.0, 0.0, -5e-06, 0.0, 0.311169, -0.950355, 0.718903, 0.0, 0.950355, 0.311169, 1.618908, 0.0, 0.0, 0.0, 1.0],
                [1.0, 0.0, 0.0, -5e-06, 0.0, 0.311169, -0.950355, 1.010788, 0.0, 0.950355, 0.311169, 1.175153, 0.0, 0.0, 0.0, 1.0],
                [1.0, 0.0, 0.0, -5e-06, 0.0, 0.523964, -0.85174, 1.259281, 0.0, 0.85174, 0.523964, 0.648139, 0.0, 0.0, 0.0, 1.0],
                [1.0, 0.0, 0.0, -5e-06, 0.0, 0.523964, -0.85174, 1.259281, 0.0, 0.85174, 0.523964, 0.648139, 0.0, 0.0, 0.0, 1.0]
            ]
        },
        {
            "name": "Thigh_R",
            "time": [0.0, 0.125, 0.2917, 0.875, 1.0, 1.1667, 1.2917, 1.8167],
            "transform": [
                [0.984337, 0.107279, -0.139899, 0.124994, 0.175987, -0.644936, 0.743697, -0.002831, -0.010443, -0.756669, -0.653715, -1.2e-05, 0.0, 0.0, 0.0, 1.0],
                [0.986121, 0.142055, -0.08594, 0.124994, 0.127318, -0.314788, 0.940584, -0.002831, 0.106561, -0.938472, -0.328505, -1.2e-05, 0.0, 0.0, 0.0, 1.0],
                [0.986121, 0.142055, -0.08594, 0.124994, 0.127318, -0.314788, 0.940584, -0.002831, 0.106561, -0.938472, -0.328505, -1.2e-05, 0.0, 0.0, 0.0, 1.0],
                [0.986121, 0.142055, -0.08594, 0.124994, 0.127318, -0.314788, 0.940584, -0.002831, 0.106561, -0.938472, -0.328505, -1.2e-05, 0.0, 0.0, 0.0, 1.0],
                [0.986121, 0.142055, -0.08594, 0.124994, 0.127318, -0.314788, 0.940584, -0.002831, 0.106561, -0.938472, -0.328505, -1.2e-05, 0.0, 0.0, 0.0, 1.0],
                [0.992223, 0.124097, -0.009664, 0.124994, 0.076024, -0.542707, 0.836474, -0.002831, 0.098559, -0.830703, -0.547921, -1.2e-05, 0.0, 0.0, 0.0, 1.0],
                [0.992223, 0.124097, -0.009664, 0.124994, 0.076024, -0.542707, 0.836474, -0.002831, 0.098559, -0.830703, -0.547921, -1.2e-05, 0.0, 0.0, 0.0, 1.0],
                [0.992223, 0.124097, -0.009664, 0.124994, 0.076024, -0.542707, 0.836474, -0.002831, 0.098559, -0.830703, -0.547921, -1.2e-05, 0.0, 0.0, 0.0, 1.0]
            ]
        },
        {
            "name": "Leg_R",
            "time": [0.0, 0.125, 0.2917, 0.875, 1.0, 1.1667, 1.2917, 1.8167],
            "transform": [
                [1.0, -1e-06, 0.0, -0.0, -0.0, -0.153779, 0.988105, 0.37472, -1e-06, -0.988105, -0.153779, -0.0, 0.0, 0.0, 0.0, 1.0],
                [1.0, -1e-06, -0.0, -0.0, -0.0, -0.856819, 0.515618, 0.37472, -1e-06, -0.515618, -0.856819, 0.0, 0.0, 0.0, 0.0, 1.0],
                [1.0, -1e-06, -0.0, -0.0, -0.0, -0.856819, 0.515618, 0.37472, -1e-06, -0.515618, -0.856819, 0.0, 0.0, 0.0, 0.0, 1.0],
                [1.0, -1e-06, -0.0, 0.0, -0.0, -0.856819, 0.515618, 0.37472, -1e-06, -0.515618, -0.856819, -0.0, 0.0, 0.0, 0.0, 1.0],
                [1.0, -1e-06, -0.0, 0.0, -0.0, -0.856819, 0.515618, 0.37472, -1e-06, -0.515618, -0.856819, -0.0, 0.0, 0.0, 0.0, 1.0],
                [1.0, -1e-06, 0.0, 0.0, -1e-06, -0.360536, 0.932745, 0.37472, -1e-06, -0.932745, -0.360536, -0.0, 0.0, 0.0, 0.0, 1.0],
                [1.0, -1e-06, 0.0, 0.0, -1e-06, -0.360536, 0.932745, 0.37472, -1e-06, -0.932745, -0.360536, -0.0, 0.0, 0.0, 0.0, 1.0],
                [1.0, -1e-06, 0.0, 0.0, -1e-06, -0.360536, 0.932745, 0.37472, -1e-06, -0.932745, -0.360536, -0.0, 0.0, 0.0, 0.0, 1.0]
            ]
        },
        {
            "name": "Knee_R",
            "time": [0.0, 0.125, 0.2917, 0.875, 1.0, 1.1667, 1.2917, 1.8167],
            "transform": [
                [1.0, 0.0, -0.0, -0.0, -0.0, 0.728184, -0.685382, 0.37472, -0.0, 0.685382, 0.728183, -0.0, 0.0, 0.0, 0.0, 1.0],
                [1.0, 0.0, 0.0, -0.0, -0.0, 0.974933, -0.222498, 0.37472, -0.0, 0.222498, 0.974933, 0.0, 0.0, 0.0, 0.0, 1.0],
                [1.0, 0.0, 0.0, -0.0, -0.0, 0.974933, -0.222498, 0.37472, -0.0, 0.222498, 0.974933, 0.0, 0.0, 0.0, 0.0, 1.0],
                [1.0, 0.0, 0.0, 0.0, -0.0, 0.974933, -0.222498, 0.37472, -0.0, 0.222498, 0.974933, -0.0, 0.0, 0.0, 0.0, 1.0],
                [1.0, 0.0, 0.0, 0.0, -0.0, 0.974933, -0.222498, 0.37472, -0.0, 0.222498, 0.974933, -0.0, 0.0, 0.0, 0.0, 1.0],
                [1.0, 0.0, -0.0, 0.0, -0.0, 0.761637, -0.648004, 0.37472, -0.0, 0.648004, 0.761637, -0.0, 0.0, 0.0, 0.0, 1.0],
                [1.0, 0.0, -0.0, 0.0, -0.0, 0.761637, -0.648003, 0.37472, -0.0, 0.648003, 0.761637, -0.0, 0.0, 0.0, 0.0, 1.0],
                [1.0, 0.0, -0.0, 0.0, -0.0, 0.761637, -0.648003, 0.37472, -0.0, 0.648003, 0.761637, -0.0, 0.0, 0.0, 0.0, 1.0]
            ]
        },
        {
            "name": "Thigh_L",
            "time": [0.0, 0.125, 0.2917, 0.875, 1.0, 1.1667, 1.2917, 1.8167],
            "transform": [
                [0.984337, -0.107279, 0.139899, -0.125006, -0.175987, -0.644936, 0.743697, -0.002831, 0.010443, -0.756669, -0.653715, -1.2e-05, 0.0, 0.0, 0.0, 1.0],
                [0.994357, -0.050553, -0.093269, -0.125006, -0.024013, -0.9636, 0.266267, -0.002831, -0.103335, -0.262524, -0.959376, -1.2e-05, 0.0, 0.0, 0.0, 1.0],
                [0.994357, -0.050553, -0.093269, -0.125006, -0.024013, -0.9636, 0.266267, -0.002831, -0.103335, -0.262524, -0.959376, -1.2e-05, 0.0, 0.0, 0.0, 1.0],
                [0.994357, -0.050553, -0.093269, -0.125006, -0.024013, -0.9636, 0.266267, -0.002831, -0.103335, -0.262524, -0.959376, -1.2e-05, 0.0, 0.0, 0.0, 1.0],
                [0.994357, -0.050553, -0.093269, -0.125006, -0.024013, -0.9636, 0.266267, -0.002831, -0.103335, -0.262524, -0.959376, -1.2e-05, 0.0, 0.0, 0.0, 1.0],
                [0.994357, -0.071046, -0.078786, -0.125006, -0.024013, -0.874101, 0.48515, -0.002831, -0.103334, -0.48052, -0.870875, -1.2e-05, 0.0, 0.0, 0.0, 1.0],
                [0.994357, -0.071046, -0.078786, -0.125006, -0.024013, -0.874101, 0.48515, -0.002831, -0.103334, -0.48052, -0.870875, -1.2e-05, 0.0, 0.0, 0.0, 1.0],
                [0.994357, -0.071046, -0.078786, -0.125006, -0.024013, -0.874101, 0.48515, -0.002831, -0.103334, -0.48052, -0.870875, -1.2e-05, 0.0, 0.0, 0.0, 1.0]
            ]
        },
        {
            "name": "Leg_L",
            "time": [0.0, 0.125, 0.2917, 0.875, 1.0, 1.1667, 1.2917, 1.8167],
            "transform": [
                [1.0, -1e-06, -0.0, -0.0, 0.0, -0.153779, 0.988105, 0.37472, -1e-06, -0.988105, -0.153779, -0.0, 0.0, 0.0, 0.0, 1.0],
                [1.0, -1e-06, 1e-06, -0.0, 0.0, 0.919048, 0.394146, 0.37472, -1e-06, -0.394146, 0.919048, -0.0, 0.0, 0.0, 0.0, 1.0],
                [1.0, -1e-06, 1e-06, -0.0, 0.0, 0.919048, 0.394146, 0.37472, -1e-06, -0.394146, 0.919048, -0.0, 0.0, 0.0, 0.0, 1.0],
                [1.0, -1e-06, 1e-06, -0.0, 0.0, 0.919048, 0.394146, 0.37472, -1e-06, -0.394146, 0.919048, 0.0, 0.0, 0.0, 0.0, 1.0],
                [1.0, -1e-06, 1e-06, -0.0, 0.0, 0.919048, 0.394146, 0.37472, -1e-06, -0.394146, 0.919048, 0.0, 0.0, 0.0, 0.0, 1.0],
                [1.0, -1e-06, 0.0, 0.0, 0.0, 0.486875, 0.873472, 0.37472, -1e-06, -0.873472, 0.486875, 0.0, 0.0, 0.0, 0.0, 1.0],
                [1.0, -1e-06, 0.0, 0.0, 0.0, 0.486875, 0.873472, 0.37472, -1e-06, -0.873472, 0.486875, -0.0, 0.0, 0.0, 0.0, 1.0],
                [1.0, -1e-06, 0.0, 0.0, 0.0, 0.486875, 0.873472, 0.37472, -1e-06, -0.873472, 0.486875, -0.0, 0.0, 0.0, 0.0, 1.0]
            ]
        },
        {
            "name": "Knee_L",
            "time": [0.0, 0.125, 0.2917, 0.875, 1.0, 1.1667, 1.2917, 1.8167],
            "transform": [
                [1.0, 0.0, -0.0, -0.0, -0.0, 0.728183, -0.685382, 0.37472, -0.0, 0.685382, 0.728183, -0.0, 0.0, 0.0, 0.0, 1.0],
                [1.0, 0.0, -0.0, -0.0, -0.0, 0.184566, -0.98282, 0.37472, -0.0, 0.98282, 0.184566, -0.0, 0.0, 0.0, 0.0, 1.0],
                [1.0, 0.0, -0.0, -0.0, -0.0, 0.184566, -0.98282, 0.37472, -0.0, 0.98282, 0.184566, -0.0, 0.0, 0.0, 0.0, 1.0],
                [1.0, 0.0, -0.0, -0.0, -0.0, 0.184566, -0.98282, 0.37472, -0.0, 0.98282, 0.184566, 0.0, 0.0, 0.0, 0.0, 1.0],
                [1.0, 0.0, -0.0, -0.0, -0.0, 0.184566, -0.98282, 0.37472, -0.0, 0.98282, 0.184566, 0.0, 0.0, 0.0, 0.0, 1.0],
                [1.0, 0.0, -0.0, 0.0, -0.0, 0.281581, -0.959538, 0.37472, -0.0, 0.959538, 0.281581, 0.0, 0.0, 0.0, 0.0, 1.0],
                [1.0, 0.0, -0.0, 0.0, -0.0, 0.281581, -0.959538, 0.37472, -0.0, 0.959538, 0.281581, -0.0, 0.0, 0.0, 0.0, 1.0],
                [1.0, 0.0, -0.0, 0.0, -0.0, 0.281581, -0.959538, 0.37472, -0.0, 0.959538, 0.281581, -0.0, 0.0, 0.0, 0.0, 1.0]
            ]
        },
        {
            "name": "Torso",
            "time": [0.0, 0.125, 0.2917, 0.875, 1.0, 1.1667, 1.2917, 1.8167],
            "transform": [
                [1.0, 0.0, 0.0, 0.0, 0.0, 0.998311, 0.05809, 0.05, 0.0, -0.05809, 0.998311, 0.0, 0.0, 0.0, 0.0, 1.0],
                [1.0, 0.0, 0.0, 0.0, 0.0, 0.998311, 0.05809, 0.05, 0.0, -0.05809, 0.998311, 0.0, 0.0, 0.0, 0.0, 1.0],
                [1.0, 0.0, 0.0, -0.0, 0.0, 0.998311, 0.05809, 0.05, 0.0, -0.05809, 0.998311, -0.0, 0.0, 0.0, 0.0, 1.0],
                [1.0, 0.0, 0.0, 0.0, 0.0, 0.998311, 0.05809, 0.05, 0.0, -0.05809, 0.998311, 0.0, 0.0, 0.0, 0.0, 1.0],
                [1.0, 0.0, 0.0, 0.0, 0.0, 0.998311, 0.05809, 0.05, 0.0, -0.05809, 0.998311, 0.0, 0.0, 0.0, 0.0, 1.0],
                [1.0, 0.0, 0.0, 0.0, 0.0, 0.985946, 0.167063, 0.05, 0.0, -0.167063, 0.985946, 0.0, 0.0, 0.0, 0.0, 1.0],
                [1.0, 0.0, 0.0, 0.0, 0.0, 0.985946, 0.167063, 0.05, 0.0, -0.167063, 0.985946, -0.0, 0.0, 0.0, 0.0, 1.0],
                [1.0, 0.0, 0.0, 0.0, 0.0, 0.985946, 0.167063, 0.05, 0.0, -0.167063, 0.985946, -0.0, 0.0, 0.0, 0.0, 1.0]
            ]
        },
        {
            "name": "Chest",
            "time": [0.0, 0.125, 0.2917, 0.875, 1.0, 1.1667, 1.2917, 1.8167],
            "transform": [
                [1.0, 0.0, 0.0, 0.0, 0.0, 0.77616, 0.630536, 0.3, 0.0, -0.630536, 0.77616, -0.0, 0.0, 0.0, 0.0, 1.0],
                [1.0, 0.0, 0.0, 0.0, 0.0, 0.977365, 0.211561, 0.3, 0.0, -0.211561, 0.977365, -0.0, 0.0, 0.0, 0.0, 1.0],
                [1.0, 0.0, 0.0, 0.0, 0.0, 0.977365, 0.211561, 0.3, 0.0, -0.211561, 0.977365, 0.0, 0.0, 0.0, 0.0, 1.0],
                [1.0, 0.0, 0.0, 0.0, 0.0, 0.977365, 0.211561, 0.3, 0.0, -0.211561, 0.977365, -0.0, 0.0, 0.0, 0.0, 1.0],
                [1.0, 0.0, 0.0, 0.0, 0.0, 0.977365, 0.211561, 0.3, 0.0, -0.211561, 0.977365, -0.0, 0.0, 0.0, 0.0, 1.0],
                [1.0, 0.0, 0.0, 0.0, 0.0, 0.929077, 0.369886, 0.3, 0.0, -0.369886, 0.929077, -0.0, 0.0, 0.0, 0.0, 1.0],
                [1.0, 0.0, 0.0, 0.0, 0.0, 0.929077, 0.369886, 0.3, 0.0, -0.369886, 0.929077, 0.0, 0.0, 0.0, 0.0, 1.0],
                [1.0, 0.0, 0.0, 0.0, 0.0, 0.929077, 0.369886, 0.3, 0.0, -0.369886, 0.929077, 0.0, 0.0, 0.0, 0.0, 1.0]
            ]
        },
        {
            "name": "Head",
            "time": [0.0, 0.125, 0.2917, 0.875, 1.0, 1.1667, 1.2917, 1.8167],
            "transform": [
                [1.0, 0.0, 0.0, 0.0, 0.0, 1.0, 0.0, 0.4, 0.0, -0.0, 1.0, 0.0, 0.0, 0.0, 0.0, 1.0],
                [1.0, 0.0, 0.0, -0.0, 0.0, 0.99288, -0.119119, 0.4, 0.0, 0.119119, 0.99288, 0.0, 0.0, 0.0, 0.0, 1.0],
                [1.0, 0.0, 0.0, 0.0, 0.0, 0.925221, -0.379429, 0.4, 0.0, 0.379429, 0.925221, 0.0, 0.0, 0.0, 0.0, 1.0],
                [1.0, 0.0, 0.0, 0.0, 0.0, 0.835224, -0.54991, 0.4, 0.0, 0.54991, 0.835224, 0.0, 0.0, 0.0, 0.0, 1.0],
                [1.0, 0.0, 0.0, 0.0, 0.0, 0.835224, -0.54991, 0.4, 0.0, 0.54991, 0.835224, 0.0, 0.0, 0.0, 0.0, 1.0],
                [1.0, 0.0, 0.0, 0.0, 0.0, 1.0, 0.0, 0.4, 0.0, 0.0, 1.0, -0.0, 0.0, 0.0, 0.0, 1.0],
                [1.0, 0.0, 0.0, 0.0, 0.0, 1.0, 0.0, 0.4, 0.0, 0.0, 1.0, 0.0, 0.0, 0.0, 0.0, 1.0],
                [1.0, 0.0, 0.0, 0.0, 0.0, 1.0, 0.0, 0.4, 0.0, 0.0, 1.0, 0.0, 0.0, 0.0, 0.0, 1.0]
            ]
        },
        {
            "name": "Shoulder_R",
            "time": [0.0, 0.125, 0.2917, 0.875, 1.0, 1.1667, 1.2917, 1.8167],
            "transform": [
                [0.153206, 0.939707, 0.305743, 0.0, -0.049197, -0.301759, 0.952114, 0.4, 0.986969, -0.160911, -0.0, 0.0, 0.0, 0.0, 0.0, 1.0],
                [-0.263665, 0.946319, 0.186976, -0.0, -0.217696, -0.24721, 0.944191, 0.4, 0.939728, 0.208246, 0.271191, 0.0, 0.0, 0.0, 0.0, 1.0],
                [-0.532365, 0.846512, 0.002233, 0.0, -0.163471, -0.105393, 0.980902, 0.4, 0.830581, 0.521833, 0.194488, 0.0, 0.0, 0.0, 0.0, 1.0],
                [-0.636356, 0.769015, -0.060551, 0.0, -0.128206, -0.028033, 0.991351, 0.4, 0.760666, 0.638616, 0.116431, 0.0, 0.0, 0.0, 0.0, 1.0],
                [-0.636356, 0.769015, -0.060551, 0.0, -0.128206, -0.028033, 0.991351, 0.4, 0.760666, 0.638616, 0.116431, 0.0, 0.0, 0.0, 0.0, 1.0],
                [0.191684, 0.971173, 0.141706, 0.0, -0.140681, -0.115704, 0.983271, 0.4, 0.971322, -0.208412, 0.114447, -0.0, 0.0, 0.0, 0.0, 1.0],
                [0.353364, 0.860047, 0.36804, 0.0, -0.158241, -0.332798, 0.929626, 0.4, 0.922005, -0.386736, 0.018496, 0.0, 0.0, 0.0, 0.0, 1.0],
                [0.353364, 0.860047, 0.36804, 0.0, -0.158241, -0.332798, 0.929626, 0.4, 0.922005, -0.386736, 0.018496, 0.0, 0.0, 0.0, 0.0, 1.0]
            ]
        },
        {
            "name": "Arm_R",
            "time": [0.0, 0.125, 0.2917, 0.875, 1.0, 1.1667, 1.2917, 1.8167],
            "transform": [
                [0.051887, 0.11528, -0.991977, 0.0, 0.794766, 0.596695, 0.110915, 0.39386, 0.604694, -0.794144, -0.06066, 0.0, 0.0, 0.0, 0.0, 1.0],
                [0.208145, -0.805654, 0.554615, 0.0, 0.932099, 0.33523, 0.137155, 0.393861, -0.296423, 0.488408, 0.820726, 0.0, 0.0, 0.0, 0.0, 1.0],
                [0.119243, -0.44507, 0.887521, -0.0, 0.575323, 0.759503, 0.303575, 0.393861, -0.809187, 0.474412, 0.346625, -0.0, 0.0, 0.0, 0.0, 1.0],
                [0.025157, -0.314804, 0.948824, -0.0, 0.272842, 0.915252, 0.296432, 0.393861, -0.96173, 0.251422, 0.108917, 0.0, 0.0, 0.0, 0.0, 1.0],
                [0.025157, -0.314804, 0.948824, -0.0, 0.272842, 0.915252, 0.296432, 0.393861, -0.96173, 0.251422, 0.108917, 0.0, 0.0, 0.0, 0.0, 1.0],
                [-0.097543, -0.619868, 0.77862, -0.0, 0.704052, 0.509978, 0.4942, 0.393861, -0.703417, 0.596395, 0.386674, -0.0, 0.0, 0.0, 0.0, 1.0],
                [-0.513031, -0.532349, -0.673352, 0.0, 0.838676, -0.143804, -0.525302, 0.393861, 0.182813, -0.834221, 0.520245, 0.0, 0.0, 0.0, 0.0, 1.0],
                [-0.513031, -0.532349, -0.673352, 0.0, 0.838676, -0.143804, -0.525302, 0.393861, 0.182813, -0.834221, 0.520245, 0.0, 0.0, 0.0, 0.0, 1.0]
            ]
        },
        {
            "name": "Hand_R",
            "time": [0.0, 0.125, 0.2917, 0.875, 1.0, 1.1667, 1.2917, 1.8167],
            "transform": [
                [1.0, 0.0, 0.0, -0.0, -0.0, 0.808506, -0.588488, 0.3, -0.0, 0.588488, 0.808506, -0.0, 0.0, 0.0, 0.0, 1.0],
                [1.0, -0.0, 0.0, 0.0, 0.0, 0.808506, -0.588488, 0.3, -0.0, 0.588488, 0.808506, -0.0, 0.0, 0.0, 0.0, 1.0],
                [1.0, 0.0, 0.0, -0.0, -0.0, 0.808506, -0.588488, 0.3, -0.0, 0.588488, 0.808506, -0.0, 0.0, 0.0, 0.0, 1.0],
                [1.0, 0.0, 0.0, 0.0, -0.0, 0.808506, -0.588488, 0.3, 0.0, 0.588487, 0.808506, 0.0, 0.0, 0.0, 0.0, 1.0],
                [1.0, 0.0, 0.0, 0.0, -0.0, 0.808506, -0.588488, 0.3, 0.0, 0.588487, 0.808506, 0.0, 0.0, 0.0, 0.0, 1.0],
                [1.0, 0.0, 0.0, -0.0, 0.0, 0.853792, -0.520614, 0.3, -0.0, 0.520614, 0.853792, 0.0, 0.0, 0.0, 0.0, 1.0],
                [0.976899, 0.207601, 0.050695, 0.0, -0.113561, 0.705262, -0.699793, 0.3, -0.181031, 0.67787, 0.712545, -0.0, 0.0, 0.0, 0.0, 1.0],
                [0.976899, 0.207601, 0.050695, 0.0, -0.113561, 0.705262, -0.699793, 0.3, -0.181031, 0.67787, 0.712545, -0.0, 0.0, 0.0, 0.0, 1.0]
            ]
        },
        {
            "name": "Tool_R",
            "time": [0.0, 0.125, 0.2917, 0.875, 1.0, 1.1667, 1.2917, 1.8167],
            "transform": [
                [1.0, 0.0, 0.0, 0.0, 0.0, -0.999836, 0.018122, 0.272858, 0.0, -0.018122, -0.999244, 0.0, 0.0, 0.0, 0.0, 1.0],
                [1.0, -0.0, 0.0, 0.0, 0.0, -0.843303, -0.537439, 0.272858, 0.0, 0.537112, -0.842809, 0.0, 0.0, 0.0, 0.0, 1.0],
                [1.0, -0.0, 0.0, -0.0, 0.0, -0.508801, -0.860884, 0.272858, 0.0, 0.860369, -0.508509, 0.0, 0.0, 0.0, 0.0, 1.0],
                [1.0, -0.0, 0.0, -0.0, 0.0, -0.311382, -0.950285, 0.272858, 0.0, 0.949719, -0.311208, 0.0, 0.0, 0.0, 0.0, 1.0],
                [1.0, -0.0, 0.0, -0.0, 0.0, -0.311382, -0.950285, 0.272858, 0.0, 0.949719, -0.311208, 0.0, 0.0, 0.0, 0.0, 1.0],
                [1.0, -0.0, 0.0, -0.0, 0.0, -0.317162, -0.948371, 0.272858, 0.0, 0.947806, -0.316984, -0.0, 0.0, 0.0, 0.0, 1.0],
                [1.0, 0.0, 0.0, -0.0, 0.0, -0.744623, -0.667485, 0.272858, 0.0, 0.667082, -0.744189, 0.0, 0.0, 0.0, 0.0, 1.0],
                [1.0, 0.0, 0.0, -0.0, 0.0, -0.744623, -0.667485, 0.272858, 0.0, 0.667082, -0.744189, 0.0, 0.0, 0.0, 0.0, 1.0]
            ]
        },
        {
            "name": "Elbow_R",
            "time": [0.0, 0.125, 0.2917, 0.875, 1.0, 1.1667, 1.2917, 1.8167],
            "transform": [
                [-1.0, 0.0, 0.0, -0.0, 0.0, 0.259402, -0.96577, 0.3, -0.0, -0.965769, -0.259402, -0.0, 0.0, 0.0, 0.0, 1.0],
                [-1.0, 0.0, 0.0, 0.0, -0.0, 0.259402, -0.965769, 0.3, -0.0, -0.965769, -0.259402, -0.0, 0.0, 0.0, 0.0, 1.0],
                [-1.0, 0.0, -0.0, -0.0, 0.0, 0.259402, -0.965769, 0.3, -0.0, -0.96577, -0.259402, -0.0, 0.0, 0.0, 0.0, 1.0],
                [-1.0, 0.0, 0.0, 0.0, 0.0, 0.259402, -0.965769, 0.3, -0.0, -0.965769, -0.259402, 0.0, 0.0, 0.0, 0.0, 1.0],
                [-1.0, 0.0, 0.0, 0.0, 0.0, 0.259402, -0.965769, 0.3, -0.0, -0.965769, -0.259402, 0.0, 0.0, 0.0, 0.0, 1.0],
                [-1.0, 0.0, 0.0, -0.0, 0.0, 0.259402, -0.965769, 0.3, -0.0, -0.965769, -0.259402, 0.0, 0.0, 0.0, 0.0, 1.0],
                [-1.0, 0.0, 0.0, 0.0, 0.0, 0.259402, -0.96577, 0.3, -0.0, -0.965769, -0.259402, -0.0, 0.0, 0.0, 0.0, 1.0],
                [-1.0, 0.0, 0.0, 0.0, 0.0, 0.259402, -0.96577, 0.3, -0.0, -0.965769, -0.259402, -0.0, 0.0, 0.0, 0.0, 1.0]
            ]
        },
        {
            "name": "Shoulder_L",
            "time": [0.0, 0.125, 0.2917, 0.875, 1.0, 1.1667, 1.2917, 1.8167],
            "transform": [
                [0.153206, -0.939707, -0.305743, 0.0, 0.049198, -0.301759, 0.952114, 0.4, -0.986969, -0.160911, 0.0, 0.0, 0.0, 0.0, 0.0, 1.0],
                [-0.263665, -0.94632, -0.186976, -0.0, 0.217696, -0.24721, 0.94419, 0.4, -0.939728, 0.208246, 0.271191, 0.0, 0.0, 0.0, 0.0, 1.0],
                [-0.515455, -0.856241, -0.034016, 0.0, 0.156426, -0.133048, 0.978687, 0.4, -0.842518, 0.499149, 0.202519, 0.0, 0.0, 0.0, 0.0, 1.0],
                [-0.610778, -0.791708, 0.012158, 0.0, 0.104482, -0.065365, 0.992376, 0.4, -0.784878, 0.607392, 0.122643, 0.0, 0.0, 0.0, 0.0, 1.0],
                [-0.610778, -0.791708, 0.012158, 0.0, 0.104482, -0.065365, 0.992376, 0.4, -0.784878, 0.607392, 0.122643, 0.0, 0.0, 0.0, 0.0, 1.0],
                [0.283673, -0.943854, -0.169319, 0.0, 0.162713, -0.126634, 0.978513, 0.4, -0.945016, -0.305128, 0.117654, -0.0, 0.0, 0.0, 0.0, 1.0],
                [0.432915, -0.800901, -0.413693, 0.0, 0.181087, -0.372303, 0.910273, 0.4, -0.883058, -0.468986, -0.016143, 0.0, 0.0, 0.0, 0.0, 1.0],
                [0.432915, -0.800901, -0.413693, 0.0, 0.181087, -0.372303, 0.910273, 0.4, -0.883058, -0.468986, -0.016143, 0.0, 0.0, 0.0, 0.0, 1.0]
            ]
        },
        {
            "name": "Arm_L",
            "time": [0.0, 0.125, 0.2917, 0.875, 1.0, 1.1667, 1.2917, 1.8167],
            "transform": [
                [0.051887, -0.11528, 0.991977, -0.0, -0.794766, 0.596695, 0.110915, 0.39386, -0.604694, -0.794144, -0.06066, 0.0, 0.0, 0.0, 0.0, 1.0],
                [0.118572, 0.808639, -0.576233, 0.0, -0.905071, 0.326704, 0.272233, 0.39386, 0.408395, 0.489253, 0.770613, 0.0, 0.0, 0.0, 0.0, 1.0],
                [-0.010456, 0.369995, -0.928975, -0.0, -0.588785, 0.748622, 0.304791, 0.39386, 0.808222, 0.550153, 0.21002, 0.0, 0.0, 0.0, 0.0, 1.0],
                [-0.132269, 0.188301, -0.973164, 0.0, -0.372052, 0.900573, 0.224824, 0.39386, 0.918739, 0.391805, -0.04906, -0.0, 0.0, 0.0, 0.0, 1.0],
                [-0.132269, 0.188301, -0.973164, 0.0, -0.372052, 0.900573, 0.224824, 0.39386, 0.918739, 0.391805, -0.04906, -0.0, 0.0, 0.0, 0.0, 1.0],
                [-0.103751, 0.434606, -0.894625, 0.0, -0.680453, 0.625016, 0.382544, 0.39386, 0.72541, 0.648439, 0.230883, 0.0, 0.0, 0.0, 0.0, 1.0],
                [-0.455781, 0.80804, 0.373276, -0.0, -0.866328, -0.306462, -0.394406, 0.39386, -0.2043, -0.503143, 0.839707, -0.0, 0.0, 0.0, 0.0, 1.0],
                [-0.455781, 0.80804, 0.373276, -0.0, -0.866328, -0.306462, -0.394406, 0.39386, -0.2043, -0.503143, 0.839707, -0.0, 0.0, 0.0, 0.0, 1.0]
            ]
        },
        {
            "name": "Hand_L",
            "time": [0.0, 0.125, 0.2917, 0.875, 1.0, 1.1667, 1.2917, 1.8167],
            "transform": [
                [1.0, 0.0, 0.0, 0.0, -0.0, 0.808506, -0.588488, 0.3, -0.0, 0.588488, 0.808506, -0.0, 0.0, 0.0, 0.0, 1.0],
                [1.0, 0.0, 0.0, 0.0, -0.0, 0.808506, -0.588488, 0.3, -0.0, 0.588488, 0.808506, 0.0, 0.0, 0.0, 0.0, 1.0],
                [1.0, 0.0, 0.0, 0.0, -0.0, 0.808506, -0.588488, 0.3, -0.0, 0.588488, 0.808506, -0.0, 0.0, 0.0, 0.0, 1.0],
                [1.0, -0.0, 0.0, -0.0, -0.0, 0.808506, -0.588488, 0.3, -0.0, 0.588487, 0.808506, -0.0, 0.0, 0.0, 0.0, 1.0],
                [1.0, -0.0, 0.0, -0.0, -0.0, 0.808506, -0.588488, 0.3, -0.0, 0.588487, 0.808506, -0.0, 0.0, 0.0, 0.0, 1.0],
                [1.0, 0.0, 0.0, 0.0, -0.0, 0.928852, -0.370452, 0.3, -0.0, 0.370452, 0.928852, 0.0, 0.0, 0.0, 0.0, 1.0],
                [1.0, -0.0, 0.0, 0.0, -0.0, 0.808506, -0.588488, 0.3, -0.0, 0.588487, 0.808506, -0.0, 0.0, 0.0, 0.0, 1.0],
                [1.0, -0.0, 0.0, 0.0, -0.0, 0.808506, -0.588488, 0.3, -0.0, 0.588487, 0.808506, -0.0, 0.0, 0.0, 0.0, 1.0]
            ]
        },
        {
            "name": "Tool_L",
            "time": [0.0, 0.125, 0.2917, 0.875, 1.0, 1.1667, 1.2917, 1.8167],
            "transform": [
                [1.0, 0.0, 0.0, -0.0, 0.0, -0.999836, 0.018122, 0.272858, 0.0, -0.018122, -0.999247, -0.0, 0.0, 0.0, 0.0, 1.0],
                [1.0, -0.0, 0.0, 0.0, -0.0, -0.837616, -0.546259, 0.272858, 0.0, 0.545929, -0.83713, 0.0, 0.0, 0.0, 0.0, 1.0],
                [1.0, -0.0, 0.0, 0.0, -0.0, -0.504123, -0.863632, 0.272858, 0.0, 0.863119, -0.503835, 0.0, 0.0, 0.0, 0.0, 1.0],
                [1.0, -0.0, -0.0, -0.0, -0.0, -0.311382, -0.950285, 0.272858, 0.0, 0.949723, -0.311209, -0.0, 0.0, 0.0, 0.0, 1.0],
                [1.0, -0.0, -0.0, -0.0, -0.0, -0.311382, -0.950285, 0.272858, 0.0, 0.949723, -0.311209, -0.0, 0.0, 0.0, 0.0, 1.0],
                [1.0, -0.0, -0.0, -0.0, -0.0, -0.258992, -0.965879, 0.272858, 0.0, 0.965308, -0.25885, 0.0, 0.0, 0.0, 0.0, 1.0],
                [1.0, -0.0, 0.0, -0.0, -0.0, -0.604121, -0.796892, 0.272858, 0.0, 0.796417, -0.603774, 0.0, 0.0, 0.0, 0.0, 1.0],
                [1.0, -0.0, 0.0, -0.0, -0.0, -0.604121, -0.796892, 0.272858, 0.0, 0.796417, -0.603774, 0.0, 0.0, 0.0, 0.0, 1.0]
            ]
        },
        {
            "name": "Elbow_L",
            "time": [0.0, 0.125, 0.2917, 0.875, 1.0, 1.1667, 1.2917, 1.8167],
            "transform": [
                [-1.0, 0.0, 0.0, 0.0, 0.0, 0.259402, -0.965769, 0.3, -0.0, -0.96577, -0.259402, -0.0, 0.0, 0.0, 0.0, 1.0],
                [-1.0, 0.0, -0.0, 0.0, 0.0, 0.259402, -0.965769, 0.3, -0.0, -0.965769, -0.259402, 0.0, 0.0, 0.0, 0.0, 1.0],
                [-1.0, 0.0, -0.0, 0.0, 0.0, 0.259402, -0.96577, 0.3, -0.0, -0.965769, -0.259402, -0.0, 0.0, 0.0, 0.0, 1.0],
                [-1.0, 0.0, -0.0, -0.0, 0.0, 0.259402, -0.965769, 0.3, -0.0, -0.965769, -0.259402, -0.0, 0.0, 0.0, 0.0, 1.0],
                [-1.0, 0.0, -0.0, -0.0, 0.0, 0.259402, -0.965769, 0.3, -0.0, -0.965769, -0.259402, -0.0, 0.0, 0.0, 0.0, 1.0],
                [-1.0, 0.0, 0.0, 0.0, 0.0, 0.259402, -0.965769, 0.3, -0.0, -0.965769, -0.259402, 0.0, 0.0, 0.0, 0.0, 1.0],
                [-1.0, 0.0, -0.0, 0.0, 0.0, 0.259402, -0.965769, 0.3, -0.0, -0.965769, -0.259402, -0.0, 0.0, 0.0, 0.0, 1.0],
                [-1.0, 0.0, -0.0, 0.0, 0.0, 0.259402, -0.965769, 0.3, -0.0, -0.965769, -0.259402, -0.0, 0.0, 0.0, 0.0, 1.0]
            ]
        }
    ]
}