{
    "animation": [
        {
            "name": "Root",
            "time": [0.0, 0.125, 0.25, 0.2917, 0.3333],
            "transform": [
                [1.0, 0.0, 0.0, -5e-06, 0.0, 0.0, -1.0, 0.400545, 0.0, 1.0, 0.0, 0.660531, 0.0, 0.0, 0.0, 1.0],
                [1.0, 0.0, 0.0, -5e-06, 0.0, 0.0, -1.0, 0.400545, 0.0, 1.0, 0.0, 0.660531, 0.0, 0.0, 0.0, 1.0],
                [1.0, 0.0, 0.0, -5e-06, 0.0, 0.0, -1.0, 0.712665, 0.0, 1.0, 0.0, 0.727533, 0.0, 0.0, 0.0, 1.0],
                [1.0, 0.0, 0.0, -5e-06, 0.0, 0.0, -1.0, 1.304711, 0.0, 1.0, 0.0, 0.584793, 0.0, 0.0, 0.0, 1.0],
                [1.0, 0.0, 0.0, -5e-06, 0.0, 0.0, -1.0, 1.304711, 0.0, 1.0, 0.0, 0.584793, 0.0, 0.0, 0.0, 1.0]
            ]
        },
        {
            "name": "Thigh_R",
            "time": [0.0, 0.125, 0.25, 0.2917, 0.3333],
            "transform": [
                [0.976885, 0.195499, 0.086459, 0.124994, 0.213765, -0.893416, -0.39511, -0.002831, -0.0, 0.404459, -0.914556, -1.2e-05, 0.0, 0.0, 0.0, 1.0],
                [0.976885, 0.195499, 0.086459, 0.124994, 0.213765, -0.893416, -0.39511, -0.002831, -0.0, 0.404459, -0.914556, -1.2e-05, 0.0, 0.0, 0.0, 1.0],
                [0.998529, 0.053648, 0.007794, 0.124994, 0.033098, -0.717177, 0.696104, -0.002831, 0.042935, -0.694822, -0.717899, -1.2e-05, 0.0, 0.0, 0.0, 1.0],
                [0.999187, 0.03364, -0.0222, 0.124994, 0.039275, -0.68887, 0.72382, -0.002831, 0.009056, -0.724103, -0.689632, -1.2e-05, 0.0, 0.0, 0.0, 1.0],
                [0.999187, 0.03364, -0.0222, 0.124994, 0.039275, -0.68887, 0.72382, -0.002831, 0.009056, -0.724103, -0.689632, -1.2e-05, 0.0, 0.0, 0.0, 1.0]
            ]
        },
        {
            "name": "Leg_R",
            "time": [0.0, 0.125, 0.25, 0.2917, 0.3333],
            "transform": [
                [1.0, -0.0, 1e-06, -0.0, -0.0, 0.934892, 0.354932, 0.37472, -1e-06, -0.354932, 0.934892, -0.0, 0.0, 0.0, 0.0, 1.0],
                [1.0, -0.0, 1e-06, -0.0, -0.0, 0.934892, 0.354932, 0.37472, -1e-06, -0.354932, 0.934892, -0.0, 0.0, 0.0, 0.0, 1.0],
                [1.0, -1e-06, -0.0, 0.0, -0.0, -0.241717, 0.970347, 0.37472, -1e-06, -0.970347, -0.241716, 0.0, 0.0, 0.0, 0.0, 1.0],
                [1.0, -0.0, 0.0, 0.0, -0.0, 0.599674, 0.800245, 0.37472, -1e-06, -0.800245, 0.599674, 0.0, 0.0, 0.0, 0.0, 1.0],
                [1.0, -0.0, 0.0, 0.0, -0.0, 0.599674, 0.800245, 0.37472, -1e-06, -0.800245, 0.599674, 0.0, 0.0, 0.0, 0.0, 1.0]
            ]
        },
        {
            "name": "Knee_R",
            "time": [0.0, 0.125, 0.25, 0.2917, 0.3333],
            "transform": [
                [1.0, 0.0, -0.0, -0.0, -0.0, 1e-06, -1.0, 0.37472, -0.0, 1.0, 1e-06, -0.0, 0.0, 0.0, 0.0, 1.0],
                [1.0, 0.0, -0.0, -0.0, -0.0, 1e-06, -1.0, 0.37472, -0.0, 1.0, 1e-06, -0.0, 0.0, 0.0, 0.0, 1.0],
                [1.0, 0.0, 0.0, 0.0, -0.0, 0.779759, -0.626079, 0.37472, -0.0, 0.626079, 0.779759, 0.0, 0.0, 0.0, 0.0, 1.0],
                [1.0, 0.0, -0.0, 0.0, -0.0, 1e-06, -1.0, 0.37472, -0.0, 1.0, 1e-06, 0.0, 0.0, 0.0, 0.0, 1.0],
                [1.0, 0.0, -0.0, 0.0, -0.0, 1e-06, -1.0, 0.37472, -0.0, 1.0, 1e-06, 0.0, 0.0, 0.0, 0.0, 1.0]
            ]
        },
        {
            "name": "Thigh_L",
            "time": [0.0, 0.125, 0.25, 0.2917, 0.3333],
            "transform": [
                [0.994423, -0.097378, 0.040493, -0.125006, -0.100257, -0.753766, 0.64945, -0.002831, -0.032719, -0.649888, -0.759325, -1.2e-05, 0.0, 0.0, 0.0, 1.0],
                [0.994423, -0.097378, 0.040493, -0.125006, -0.100257, -0.753766, 0.64945, -0.002831, -0.032719, -0.649888, -0.759325, -1.2e-05, 0.0, 0.0, 0.0, 1.0],
                [0.994423, -0.103593, -0.019762, -0.125006, -0.100257, -0.986744, 0.12761, -0.002831, -0.03272, -0.124917, -0.991628, -1.2e-05, 0.0, 0.0, 0.0, 1.0],
                [0.994423, -0.074243, -0.074901, -0.125006, -0.100257, -0.885857, -0.452996, -0.002831, -0.03272, 0.457979, -0.88836, -1.2e-05, 0.0, 0.0, 0.0, 1.0],
                [0.994423, -0.074243, -0.074901, -0.125006, -0.100257, -0.885857, -0.452996, -0.002831, -0.03272, 0.457979, -0.88836, -1.2e-05, 0.0, 0.0, 0.0, 1.0]
            ]
        },
        {
            "name": "Leg_L",
            "time": [0.0, 0.125, 0.25, 0.2917, 0.3333],
            "transform": [
                [1.0, -0.0, 1e-06, 0.0, -0.0, 0.740222, 0.672362, 0.37472, -1e-06, -0.672362, 0.740222, 0.0, 0.0, 0.0, 0.0, 1.0],
                [1.0, -0.0, 1e-06, 0.0, -0.0, 0.740222, 0.672362, 0.37472, -1e-06, -0.672362, 0.740222, 0.0, 0.0, 0.0, 0.0, 1.0],
                [1.0, -0.0, 1e-06, -0.0, -0.0, 0.944755, 0.327777, 0.37472, -1e-06, -0.327777, 0.944755, 0.0, 0.0, 0.0, 0.0, 1.0],
                [1.0, -0.0, 1e-06, 0.0, -0.0, 0.926971, 0.375132, 0.37472, -1e-06, -0.375132, 0.926971, -0.0, 0.0, 0.0, 0.0, 1.0],
                [1.0, -0.0, 1e-06, 0.0, -0.0, 0.926971, 0.375132, 0.37472, -1e-06, -0.375132, 0.926971, -0.0, 0.0, 0.0, 0.0, 1.0]
            ]
        },
        {
            "name": "Knee_L",
            "time": [0.0, 0.125, 0.25, 0.2917, 0.3333],
            "transform": [
                [1.0, 0.0, -0.0, 0.0, -0.0, 1e-06, -1.0, 0.37472, -0.0, 1.0, 1e-06, 0.0, 0.0, 0.0, 0.0, 1.0],
                [1.0, 0.0, -0.0, 0.0, -0.0, 1e-06, -1.0, 0.37472, -0.0, 1.0, 1e-06, 0.0, 0.0, 0.0, 0.0, 1.0],
                [1.0, 0.0, -0.0, -0.0, -0.0, 1e-06, -1.0, 0.37472, -0.0, 1.0, 1e-06, 0.0, 0.0, 0.0, 0.0, 1.0],
                [1.0, 0.0, -0.0, 0.0, -0.0, 1e-06, -1.0, 0.37472, -0.0, 1.0, 1e-06, -0.0, 0.0, 0.0, 0.0, 1.0],
                [1.0, 0.0, -0.0, 0.0, -0.0, 1e-06, -1.0, 0.37472, -0.0, 1.0, 1e-06, -0.0, 0.0, 0.0, 0.0, 1.0]
            ]
        },
        {
            "name": "Torso",
            "time": [0.0, 0.125, 0.25, 0.2917, 0.3333],
            "transform": [
                [0.997598, -0.053042, 0.04456, 0.0, 0.042837, 0.977837, 0.20494, 0.05, -0.054442, -0.202539, 0.97776, 0.0, 0.0, 0.0, 0.0, 1.0],
                [0.997598, -0.053042, 0.04456, 0.0, 0.042837, 0.977837, 0.20494, 0.05, -0.054442, -0.202539, 0.97776, 0.0, 0.0, 0.0, 0.0, 1.0],
                [0.997598, -0.053042, 0.04456, 0.0, 0.042837, 0.977837, 0.20494, 0.05, -0.054442, -0.202539, 0.97776, 0.0, 0.0, 0.0, 0.0, 1.0],
                [0.993695, -0.075403, 0.082973, 0.0, 0.031623, 0.898509, 0.437814, 0.05, -0.107564, -0.43243, 0.895229, 0.0, 0.0, 0.0, 0.0, 1.0],
                [0.993695, -0.075403, 0.082973, 0.0, 0.031623, 0.898509, 0.437814, 0.05, -0.107564, -0.43243, 0.895229, 0.0, 0.0, 0.0, 0.0, 1.0]
            ]
        },
        {
            "name": "Chest",
            "time": [0.0, 0.125, 0.25, 0.2917, 0.3333],
            "transform": [
                [0.931577, 0.002561, 0.363535, -0.0, -0.144901, 0.919728, 0.364835, 0.3, -0.333419, -0.392549, 0.857168, 0.0, 0.0, 0.0, 0.0, 1.0],
                [0.931577, 0.002561, 0.363535, -0.0, -0.144901, 0.919728, 0.364835, 0.3, -0.333419, -0.392549, 0.857168, 0.0, 0.0, 0.0, 0.0, 1.0],
                [0.931577, 0.002561, 0.363535, 0.0, -0.144901, 0.919728, 0.364835, 0.3, -0.333419, -0.392549, 0.857168, 0.0, 0.0, 0.0, 0.0, 1.0],
                [0.537369, -0.044067, 0.842195, 0.0, 0.006848, 0.998829, 0.047893, 0.3, -0.84332, -0.019969, 0.537041, 0.0, 0.0, 0.0, 0.0, 1.0],
                [0.537369, -0.044067, 0.842195, 0.0, 0.006848, 0.998829, 0.047893, 0.3, -0.84332, -0.019969, 0.537041, 0.0, 0.0, 0.0, 0.0, 1.0]
            ]
        },
        {
            "name": "Head",
            "time": [0.0, 0.125, 0.25, 0.2917, 0.3333],
            "transform": [
                [0.931574, -0.162041, -0.325443, 0.0, -0.088121, 0.767837, -0.634556, 0.4, 0.352711, 0.619815, 0.701017, -0.0, 0.0, 0.0, 0.0, 1.0],
                [0.931574, -0.162041, -0.325443, 0.0, -0.088121, 0.767837, -0.634556, 0.4, 0.352711, 0.619815, 0.701017, -0.0, 0.0, 0.0, 0.0, 1.0],
                [0.918098, -0.193981, -0.34564, -0.0, -0.042106, 0.819383, -0.571698, 0.4, 0.39411, 0.539428, 0.744106, 0.0, 0.0, 0.0, 0.0, 1.0],
                [0.456224, -0.308271, -0.834763, 0.0, -0.157745, 0.895204, -0.416804, 0.4, 0.875772, 0.321836, 0.359785, 0.0, 0.0, 0.0, 0.0, 1.0],
                [0.456224, -0.308271, -0.834763, 0.0, -0.157745, 0.895204, -0.416804, 0.4, 0.875772, 0.321836, 0.359785, 0.0, 0.0, 0.0, 0.0, 1.0]
            ]
        },
        {
            "name": "Shoulder_R",
            "time": [0.0, 0.125, 0.25, 0.2917, 0.3333],
            "transform": [
                [0.052618, 0.83796, 0.543189, 0.0, -0.929772, -0.157354, 0.332811, 0.4, 0.364355, -0.522554, 0.770832, -0.0, 0.0, 0.0, 0.0, 1.0],
                [0.052618, 0.83796, 0.543189, 0.0, -0.929772, -0.157354, 0.332811, 0.4, 0.364355, -0.522554, 0.770832, -0.0, 0.0, 0.0, 0.0, 1.0],
                [0.100668, 0.905773, 0.411633, -0.0, -0.981322, 0.022225, 0.191087, 0.4, 0.163933, -0.42318, 0.891092, 0.0, 0.0, 0.0, 0.0, 1.0],
                [0.316712, 0.913905, 0.253912, 0.0, -0.948428, 0.301364, 0.098305, 0.4, 0.013321, -0.271951, 0.962219, 0.0, 0.0, 0.0, 0.0, 1.0],
                [0.316712, 0.913905, 0.253912, 0.0, -0.948428, 0.301364, 0.098305, 0.4, 0.013321, -0.271951, 0.962219, 0.0, 0.0, 0.0, 0.0, 1.0]
            ]
        },
        {
            "name": "Arm_R",
            "time": [0.0, 0.125, 0.25, 0.2917, 0.3333],
            "transform": [
                [-0.776526, 0.412929, -0.475916, -0.0, 0.461785, -0.140908, -0.875728, 0.393861, -0.428674, -0.899797, -0.081266, 0.0, 0.0, 0.0, 0.0, 1.0],
                [-0.776526, 0.412929, -0.475916, -0.0, 0.461785, -0.140908, -0.875728, 0.393861, -0.428674, -0.899797, -0.081266, 0.0, 0.0, 0.0, 0.0, 1.0],
                [-0.833282, -0.21894, -0.507648, -0.0, 0.483015, 0.158406, -0.861165, 0.393861, 0.268958, -0.962794, -0.026245, 0.0, 0.0, 0.0, 0.0, 1.0],
                [-0.290231, -0.068405, -0.954509, -0.0, 0.084082, 0.991762, -0.096641, 0.39386, 0.953256, -0.108305, -0.282088, 0.0, 0.0, 0.0, 0.0, 1.0],
                [-0.290231, -0.068405, -0.954509, -0.0, 0.084082, 0.991762, -0.096641, 0.39386, 0.953256, -0.108305, -0.282088, 0.0, 0.0, 0.0, 0.0, 1.0]
            ]
        },
        {
            "name": "Hand_R",
            "time": [0.0, 0.125, 0.25, 0.2917, 0.3333],
            "transform": [
                [1.0, -0.0, -0.0, 0.0, 0.0, 0.705001, -0.709207, 0.3, 0.0, 0.709206, 0.705001, 0.0, 0.0, 0.0, 0.0, 1.0],
                [1.0, -0.0, -0.0, 0.0, 0.0, 0.705001, -0.709207, 0.3, 0.0, 0.709206, 0.705001, 0.0, 0.0, 0.0, 0.0, 1.0],
                [1.0, -0.0, 0.0, 0.0, 0.0, 0.705001, -0.709207, 0.3, 0.0, 0.709206, 0.705001, -0.0, 0.0, 0.0, 0.0, 1.0],
                [1.0, -0.0, -0.0, -0.0, 0.0, 0.995951, -0.0899, 0.3, 0.0, 0.0899, 0.995951, -0.0, 0.0, 0.0, 0.0, 1.0],
                [1.0, -0.0, -0.0, -0.0, 0.0, 0.995951, -0.0899, 0.3, 0.0, 0.0899, 0.995951, -0.0, 0.0, 0.0, 0.0, 1.0]
            ]
        },
        {
            "name": "Tool_R",
            "time": [0.0, 0.125, 0.25, 0.2917, 0.3333],
            "transform": [
                [-0.276096, 0.077609, -0.957992, -0.0, -0.961126, -0.025187, 0.274959, 0.272858, -0.002798, 0.996075, 0.0815, -0.0, 0.0, 0.0, 0.0, 1.0],
                [-0.276096, 0.077609, -0.957992, -0.0, -0.961126, -0.025187, 0.274959, 0.272858, -0.002798, 0.996075, 0.0815, -0.0, 0.0, 0.0, 0.0, 1.0],
                [0.172611, 0.504735, -0.845841, -0.0, -0.977615, 0.192678, -0.084526, 0.272858, 0.12023, 0.841001, 0.526383, -0.0, 0.0, 0.0, 0.0, 1.0],
                [0.96074, 0.277449, -4e-06, 0.0, 0.008176, -0.028323, -0.999566, 0.272858, -0.277165, 0.959754, -0.029473, 0.0, 0.0, 0.0, 0.0, 1.0],
                [0.96074, 0.277449, -4e-06, 0.0, 0.008176, -0.028323, -0.999566, 0.272858, -0.277165, 0.959754, -0.029473, 0.0, 0.0, 0.0, 0.0, 1.0]
            ]
        },
        {
            "name": "Elbow_R",
            "time": [0.0, 0.125, 0.25, 0.2917, 0.3333],
            "transform": [
                [-1.0, 0.0, 0.0, 0.0, 0.0, 0.0, -1.0, 0.3, -0.0, -1.0, 0.0, 0.0, 0.0, 0.0, 0.0, 1.0],
                [-1.0, 0.0, 0.0, 0.0, 0.0, 0.0, -1.0, 0.3, -0.0, -1.0, 0.0, 0.0, 0.0, 0.0, 0.0, 1.0],
                [-1.0, 0.0, 0.0, 0.0, 0.0, -0.0, -1.0, 0.3, -0.0, -1.0, 0.0, -0.0, 0.0, 0.0, 0.0, 1.0],
                [-1.0, 0.0, -0.0, -0.0, 0.0, -0.0, -1.0, 0.3, -0.0, -1.0, 0.0, -0.0, 0.0, 0.0, 0.0, 1.0],
                [-1.0, 0.0, -0.0, -0.0, 0.0, -0.0, -1.0, 0.3, -0.0, -1.0, 0.0, -0.0, 0.0, 0.0, 0.0, 1.0]
            ]
        },
        {
            "name": "Shoulder_L",
            "time": [0.0, 0.125, 0.25, 0.2917, 0.3333],
            "transform": [
                [-0.281049, -0.937876, -0.20347, 0.0, -0.058407, -0.194907, 0.979081, 0.4, -0.957914, 0.287054, 0.0, -0.0, 0.0, 0.0, 0.0, 1.0],
                [-0.281049, -0.937876, -0.20347, 0.0, -0.058407, -0.194907, 0.979081, 0.4, -0.957914, 0.287054, 0.0, -0.0, 0.0, 0.0, 0.0, 1.0],
                [-0.237708, -0.864769, -0.442345, -0.0, -0.052017, -0.443412, 0.894808, 0.4, -0.969943, 0.235712, 0.06042, 0.0, 0.0, 0.0, 0.0, 1.0],
                [-0.020772, -0.872642, -0.487918, 0.0, 0.240447, -0.47806, 0.844775, 0.4, -0.97044, -0.099771, 0.219754, 0.0, 0.0, 0.0, 0.0, 1.0],
                [-0.020772, -0.872642, -0.487918, 0.0, 0.240447, -0.47806, 0.844775, 0.4, -0.97044, -0.099771, 0.219754, 0.0, 0.0, 0.0, 0.0, 1.0]
            ]
        },
        {
            "name": "Arm_L",
            "time": [0.0, 0.125, 0.25, 0.2917, 0.3333],
            "transform": [
                [0.288121, 0.850296, -0.440436, -0.0, -0.080341, -0.436854, -0.895938, 0.39386, -0.954218, 0.293524, -0.057553, -0.0, 0.0, 0.0, 0.0, 1.0],
                [0.288121, 0.850296, -0.440436, -0.0, -0.080341, -0.436854, -0.895938, 0.39386, -0.954218, 0.293524, -0.057553, -0.0, 0.0, 0.0, 0.0, 1.0],
                [0.233229, 0.091947, 0.968065, -0.0, -0.123378, 0.990272, -0.064332, 0.39386, -0.964563, -0.104434, 0.242304, -0.0, 0.0, 0.0, 0.0, 1.0],
                [-0.109074, 0.130882, 0.985379, 0.0, 0.021626, 0.991372, -0.129284, 0.39386, -0.993798, 0.007208, -0.110963, 0.0, 0.0, 0.0, 0.0, 1.0],
                [-0.109074, 0.130882, 0.985379, 0.0, 0.021626, 0.991372, -0.129284, 0.39386, -0.993798, 0.007208, -0.110963, 0.0, 0.0, 0.0, 0.0, 1.0]
            ]
        },
        {
            "name": "Hand_L",
            "time": [0.0, 0.125, 0.25, 0.2917, 0.3333],
            "transform": [
                [1.0, -0.0, 0.0, -0.0, 0.0, 0.836834, -0.547456, 0.3, -0.0, 0.547456, 0.836834, -0.0, 0.0, 0.0, 0.0, 1.0],
                [1.0, -0.0, 0.0, -0.0, 0.0, 0.836834, -0.547456, 0.3, -0.0, 0.547456, 0.836834, -0.0, 0.0, 0.0, 0.0, 1.0],
                [1.0, 0.0, -0.0, 0.0, 0.0, -0.46381, -0.885935, 0.3, -0.0, 0.885935, -0.46381, 0.0, 0.0, 0.0, 0.0, 1.0],
                [1.0, 0.0, -0.0, 0.0, 0.0, -0.46381, -0.885935, 0.3, -0.0, 0.885935, -0.46381, 0.0, 0.0, 0.0, 0.0, 1.0],
                [1.0, 0.0, -0.0, 0.0, 0.0, -0.46381, -0.885935, 0.3, -0.0, 0.885935, -0.46381, 0.0, 0.0, 0.0, 0.0, 1.0]
            ]
        },
        {
            "name": "Tool_L",
            "time": [0.0, 0.125, 0.25, 0.2917, 0.3333],
            "transform": [
                [1.0, -0.0, 0.0, 0.0, 0.0, -0.111493, -0.993765, 0.272858, 0.0, 0.993179, -0.111438, 0.0, 0.0, 0.0, 0.0, 1.0],
                [1.0, -0.0, 0.0, 0.0, 0.0, -0.111493, -0.993765, 0.272858, 0.0, 0.993179, -0.111438, 0.0, 0.0, 0.0, 0.0, 1.0],
                [1.0, -0.0, 0.0, -0.0, 0.0, -0.111493, -0.993765, 0.272858, 0.0, 0.993179, -0.111438, 0.0, 0.0, 0.0, 0.0, 1.0],
                [1.0, -0.0, 0.0, 0.0, 0.0, -0.111493, -0.993765, 0.272858, 0.0, 0.993179, -0.111438, 0.0, 0.0, 0.0, 0.0, 1.0],
                [1.0, -0.0, 0.0, 0.0, 0.0, -0.111493, -0.993765, 0.272858, 0.0, 0.993179, -0.111438, 0.0, 0.0, 0.0, 0.0, 1.0]
            ]
        },
        {
            "name": "Elbow_L",
            "time": [0.0, 0.125, 0.25, 0.2917, 0.3333],
            "transform": [
                [-1.0, 0.0, -0.0, -0.0, 0.0, -0.0, -1.0, 0.3, -0.0, -1.0, -0.0, -0.0, 0.0, 0.0, 0.0, 1.0],
                [-1.0, 0.0, -0.0, -0.0, 0.0, -0.0, -1.0, 0.3, -0.0, -1.0, -0.0, -0.0, 0.0, 0.0, 0.0, 1.0],
                [-1.0, 0.0, 0.0, 0.0, 0.0, 0.937711, -0.347415, 0.3, -0.0, -0.347415, -0.937712, 0.0, 0.0, 0.0, 0.0, 1.0],
                [-1.0, 0.0, 0.0, 0.0, 0.0, 0.937712, -0.347415, 0.3, -0.0, -0.347415, -0.937712, 0.0, 0.0, 0.0, 0.0, 1.0],
                [-1.0, 0.0, 0.0, 0.0, 0.0, 0.937712, -0.347415, 0.3, -0.0, -0.347415, -0.937712, 0.0, 0.0, 0.0, 0.0, 1.0]
            ]
        }
    ]
}