{
    "animation": [
        {
            "name": "Root",
            "time": [0.0, 0.25, 0.75, 1.2917],
            "transform": [
                [1.0, 0.0, 0.0, -5e-06, 0.0, 0.0, -1.0, 0.799324, 0.0, 1.0, 0.0, 0.770908, 0.0, 0.0, 0.0, 1.0],
                [1.0, 0.0, 0.0, -5e-06, 0.0, 0.0, -1.0, 0.799324, 0.0, 1.0, 0.0, 0.770908, 0.0, 0.0, 0.0, 1.0],
                [1.0, 0.0, 0.0, -5e-06, 0.0, 0.0, -1.0, 1.767963, 0.0, 1.0, 0.0, 1.274975, 0.0, 0.0, 0.0, 1.0],
                [1.0, 0.0, 0.0, -5e-06, 0.0, 0.0, -1.0, 1.767963, 0.0, 1.0, 0.0, 1.274975, 0.0, 0.0, 0.0, 1.0]
            ]
        },
        {
            "name": "Thigh_R",
            "time": [0.0, 0.25, 0.75, 1.2917],
            "transform": [
                [0.883871, 0.31195, 0.348509, 0.124994, 0.45199, -0.761327, -0.464851, -0.002831, 0.120319, 0.568391, -0.813913, -1.2e-05, 0.0, 0.0, 0.0, 1.0],
                [0.883871, 0.31195, 0.348509, 0.124994, 0.45199, -0.761327, -0.464851, -0.002831, 0.120319, 0.568391, -0.813913, -1.2e-05, 0.0, 0.0, 0.0, 1.0],
                [0.883871, 0.31195, 0.348509, 0.124994, 0.45199, -0.761327, -0.464851, -0.002831, 0.120319, 0.568391, -0.813913, -1.2e-05, 0.0, 0.0, 0.0, 1.0],
                [0.883871, 0.31195, 0.348509, 0.124994, 0.45199, -0.761327, -0.464851, -0.002831, 0.120319, 0.568391, -0.813913, -1.2e-05, 0.0, 0.0, 0.0, 1.0]
            ]
        },
        {
            "name": "Leg_R",
            "time": [0.0, 0.25, 0.75, 1.2917],
            "transform": [
                [1.0, -0.0, 1e-06, -0.0, -0.0, 0.862454, 0.506136, 0.37472, -1e-06, -0.506136, 0.862454, 0.0, 0.0, 0.0, 0.0, 1.0],
                [1.0, -0.0, 1e-06, -0.0, -0.0, 0.862454, 0.506136, 0.37472, -1e-06, -0.506136, 0.862454, 0.0, 0.0, 0.0, 0.0, 1.0],
                [1.0, -0.0, 1e-06, -0.0, -0.0, 0.862454, 0.506136, 0.37472, -1e-06, -0.506136, 0.862454, 0.0, 0.0, 0.0, 0.0, 1.0],
                [1.0, -0.0, 1e-06, -0.0, -0.0, 0.862454, 0.506136, 0.37472, -1e-06, -0.506136, 0.862454, 0.0, 0.0, 0.0, 0.0, 1.0]
            ]
        },
        {
            "name": "Knee_R",
            "time": [0.0, 0.25, 0.75, 1.2917],
            "transform": [
                [1.0, 0.0, -0.0, -0.0, -0.0, 0.230278, -0.973125, 0.37472, -0.0, 0.973125, 0.230278, 0.0, 0.0, 0.0, 0.0, 1.0],
                [1.0, 0.0, -0.0, -0.0, -0.0, 0.230278, -0.973125, 0.37472, -0.0, 0.973125, 0.230278, 0.0, 0.0, 0.0, 0.0, 1.0],
                [1.0, 0.0, -0.0, -0.0, -0.0, 0.230278, -0.973125, 0.37472, -0.0, 0.973125, 0.230278, 0.0, 0.0, 0.0, 0.0, 1.0],
                [1.0, 0.0, -0.0, -0.0, -0.0, 0.230278, -0.973125, 0.37472, -0.0, 0.973125, 0.230278, 0.0, 0.0, 0.0, 0.0, 1.0]
            ]
        },
        {
            "name": "Thigh_L",
            "time": [0.0, 0.25, 0.75, 1.2917],
            "transform": [
                [0.866284, -0.446806, -0.22342, -0.125006, -0.464468, -0.885048, -0.030959, -0.002831, -0.183904, 0.130591, -0.97423, -1.2e-05, 0.0, 0.0, 0.0, 1.0],
                [0.866284, -0.446806, -0.22342, -0.125006, -0.464468, -0.885048, -0.030959, -0.002831, -0.183904, 0.130591, -0.97423, -1.2e-05, 0.0, 0.0, 0.0, 1.0],
                [0.866284, -0.446806, -0.22342, -0.125006, -0.464468, -0.885048, -0.030959, -0.002831, -0.183904, 0.130591, -0.97423, -1.2e-05, 0.0, 0.0, 0.0, 1.0],
                [0.866284, -0.446806, -0.22342, -0.125006, -0.464468, -0.885048, -0.030959, -0.002831, -0.183904, 0.130591, -0.97423, -1.2e-05, 0.0, 0.0, 0.0, 1.0]
            ]
        },
        {
            "name": "Leg_L",
            "time": [0.0, 0.25, 0.75, 1.2917],
            "transform": [
                [1.0, -0.0, 0.0, 0.0, -0.0, -0.066669, 0.997775, 0.37472, -0.0, -0.997775, -0.066669, -0.0, 0.0, 0.0, 0.0, 1.0],
                [1.0, -0.0, 0.0, 0.0, -0.0, -0.066669, 0.997775, 0.37472, -0.0, -0.997775, -0.066669, -0.0, 0.0, 0.0, 0.0, 1.0],
                [1.0, -0.0, 0.0, -0.0, -0.0, -0.066669, 0.997775, 0.37472, -0.0, -0.997775, -0.066669, -0.0, 0.0, 0.0, 0.0, 1.0],
                [1.0, -0.0, 0.0, -0.0, -0.0, -0.066669, 0.997775, 0.37472, -0.0, -0.997775, -0.066669, -0.0, 0.0, 0.0, 0.0, 1.0]
            ]
        },
        {
            "name": "Knee_L",
            "time": [0.0, 0.25, 0.75, 1.2917],
            "transform": [
                [1.0, 0.0, -0.0, 0.0, -0.0, 0.838452, -0.544976, 0.37472, 0.0, 0.544976, 0.838452, -0.0, 0.0, 0.0, 0.0, 1.0],
                [1.0, 0.0, -0.0, 0.0, -0.0, 0.838452, -0.544976, 0.37472, 0.0, 0.544976, 0.838452, -0.0, 0.0, 0.0, 0.0, 1.0],
                [1.0, 0.0, -0.0, -0.0, -0.0, 0.838452, -0.544976, 0.37472, 0.0, 0.544976, 0.838452, -0.0, 0.0, 0.0, 0.0, 1.0],
                [1.0, 0.0, -0.0, -0.0, -0.0, 0.838452, -0.544976, 0.37472, 0.0, 0.544976, 0.838452, -0.0, 0.0, 0.0, 0.0, 1.0]
            ]
        },
        {
            "name": "Torso",
            "time": [0.0, 0.25, 0.75, 1.2917],
            "transform": [
                [1.0, 0.0, 0.0, 0.0, 0.0, 0.350604, 0.936524, 0.05, 0.0, -0.936524, 0.350604, 0.0, 0.0, 0.0, 0.0, 1.0],
                [1.0, 0.0, 0.0, 0.0, 0.0, 0.350604, 0.936524, 0.05, 0.0, -0.936524, 0.350604, 0.0, 0.0, 0.0, 0.0, 1.0],
                [1.0, 0.0, 0.0, 0.0, 0.0, 0.350604, 0.936524, 0.05, 0.0, -0.936524, 0.350604, 0.0, 0.0, 0.0, 0.0, 1.0],
                [1.0, 0.0, 0.0, 0.0, 0.0, 0.350604, 0.936524, 0.05, 0.0, -0.936524, 0.350604, 0.0, 0.0, 0.0, 0.0, 1.0]
            ]
        },
        {
            "name": "Chest",
            "time": [0.0, 0.25, 0.75, 1.2917],
            "transform": [
                [1.0, 0.0, 0.0, 0.0, 0.0, 0.999005, 0.044602, 0.3, 0.0, -0.044602, 0.999005, 0.0, 0.0, 0.0, 0.0, 1.0],
                [1.0, 0.0, 0.0, 0.0, 0.0, 0.999005, 0.044602, 0.3, 0.0, -0.044602, 0.999005, 0.0, 0.0, 0.0, 0.0, 1.0],
                [1.0, 0.0, 0.0, 0.0, 0.0, 0.999005, 0.044602, 0.3, 0.0, -0.044602, 0.999005, 0.0, 0.0, 0.0, 0.0, 1.0],
                [1.0, 0.0, 0.0, 0.0, 0.0, 0.999005, 0.044602, 0.3, 0.0, -0.044602, 0.999005, 0.0, 0.0, 0.0, 0.0, 1.0]
            ]
        },
        {
            "name": "Head",
            "time": [0.0, 0.25, 0.75, 1.2917],
            "transform": [
                [1.0, 0.0, 0.0, 0.0, 0.0, 0.6838, -0.729669, 0.4, 0.0, 0.729669, 0.6838, 0.0, 0.0, 0.0, 0.0, 1.0],
                [1.0, 0.0, 0.0, 0.0, 0.0, 0.6838, -0.729669, 0.4, 0.0, 0.729669, 0.6838, 0.0, 0.0, 0.0, 0.0, 1.0],
                [1.0, 0.0, 0.0, 0.0, 0.0, 0.6838, -0.729669, 0.4, 0.0, 0.729669, 0.6838, 0.0, 0.0, 0.0, 0.0, 1.0],
                [1.0, 0.0, 0.0, 0.0, 0.0, 0.6838, -0.729669, 0.4, 0.0, 0.729669, 0.6838, 0.0, 0.0, 0.0, 0.0, 1.0]
            ]
        },
        {
            "name": "Shoulder_R",
            "time": [0.0, 0.25, 0.75, 1.2917],
            "transform": [
                [0.359048, 0.920275, -0.155491, 0.0, -0.067314, 0.1917, 0.979142, 0.4, 0.930888, -0.341093, 0.130776, 0.0, 0.0, 0.0, 0.0, 1.0],
                [0.359048, 0.920275, -0.155491, 0.0, -0.067314, 0.1917, 0.979142, 0.4, 0.930888, -0.341093, 0.130776, 0.0, 0.0, 0.0, 0.0, 1.0],
                [-0.345533, 0.937068, 0.050106, 0.0, -0.290623, -0.157628, 0.943765, 0.4, 0.892269, 0.31154, 0.326799, 0.0, 0.0, 0.0, 0.0, 1.0],
                [-0.345533, 0.937068, 0.050106, 0.0, -0.290623, -0.157628, 0.943765, 0.4, 0.892269, 0.31154, 0.326799, 0.0, 0.0, 0.0, 0.0, 1.0]
            ]
        },
        {
            "name": "Arm_R",
            "time": [0.0, 0.25, 0.75, 1.2917],
            "transform": [
                [0.626618, -0.710415, -0.320407, 0.0, -0.504095, -0.055935, -0.861835, 0.393861, 0.594339, 0.701557, -0.393166, 0.0, 0.0, 0.0, 0.0, 1.0],
                [0.626618, -0.710415, -0.320407, 0.0, -0.504095, -0.055935, -0.861835, 0.393861, 0.594339, 0.701557, -0.393166, 0.0, 0.0, 0.0, 0.0, 1.0],
                [0.475527, 0.521811, -0.708228, -0.0, -0.386603, 0.847128, 0.364572, 0.39386, 0.790197, 0.100439, 0.604566, 0.0, 0.0, 0.0, 0.0, 1.0],
                [0.475527, 0.521811, -0.708228, -0.0, -0.386603, 0.847128, 0.364572, 0.39386, 0.790197, 0.100439, 0.604566, 0.0, 0.0, 0.0, 0.0, 1.0]
            ]
        },
        {
            "name": "Hand_R",
            "time": [0.0, 0.25, 0.75, 1.2917],
            "transform": [
                [1.0, 0.0, 0.0, -0.0, -0.0, 0.919497, -0.393098, 0.3, -0.0, 0.393098, 0.919497, 0.0, 0.0, 0.0, 0.0, 1.0],
                [1.0, 0.0, 0.0, -0.0, -0.0, 0.919497, -0.393098, 0.3, -0.0, 0.393098, 0.919497, 0.0, 0.0, 0.0, 0.0, 1.0],
                [1.0, 0.0, 0.0, 0.0, -0.0, 0.964413, -0.264402, 0.3, -0.0, 0.264402, 0.964413, 0.0, 0.0, 0.0, 0.0, 1.0],
                [1.0, 0.0, 0.0, 0.0, -0.0, 0.964413, -0.264402, 0.3, -0.0, 0.264402, 0.964413, 0.0, 0.0, 0.0, 0.0, 1.0]
            ]
        },
        {
            "name": "Tool_R",
            "time": [0.0, 0.25, 0.75, 1.2917],
            "transform": [
                [0.864602, -0.443181, 0.236757, -0.0, 0.188098, -0.15145, -0.970403, 0.272858, 0.465647, 0.883021, -0.047565, 0.0, 0.0, 0.0, 0.0, 1.0],
                [0.864602, -0.443181, 0.236757, -0.0, 0.188098, -0.15145, -0.970403, 0.272858, 0.465647, 0.883021, -0.047565, 0.0, 0.0, 0.0, 0.0, 1.0],
                [1.0, -0.0, -1e-06, 0.0, -1e-06, -0.059531, -0.998226, 0.272858, 0.0, 0.997635, -0.059507, -0.0, 0.0, 0.0, 0.0, 1.0],
                [1.0, -0.0, -1e-06, 0.0, -1e-06, -0.059531, -0.998226, 0.272858, 0.0, 0.997635, -0.059507, -0.0, 0.0, 0.0, 0.0, 1.0]
            ]
        },
        {
            "name": "Elbow_R",
            "time": [0.0, 0.25, 0.75, 1.2917],
            "transform": [
                [-1.0, 0.0, -0.0, -0.0, 0.0, -0.0, -1.0, 0.3, -0.0, -1.0, 0.0, 0.0, 0.0, 0.0, 0.0, 1.0],
                [-1.0, 0.0, -0.0, -0.0, 0.0, -0.0, -1.0, 0.3, -0.0, -1.0, 0.0, 0.0, 0.0, 0.0, 0.0, 1.0],
                [-1.0, 0.0, -0.0, 0.0, 0.0, -0.0, -1.0, 0.3, -0.0, -1.0, 0.0, 0.0, 0.0, 0.0, 0.0, 1.0],
                [-1.0, 0.0, -0.0, 0.0, 0.0, -0.0, -1.0, 0.3, -0.0, -1.0, 0.0, 0.0, 0.0, 0.0, 0.0, 1.0]
            ]
        },
        {
            "name": "Shoulder_L",
            "time": [0.0, 0.25, 0.75, 1.2917],
            "transform": [
                [0.43157, -0.872249, 0.230062, 0.0, 0.215009, 0.347148, 0.91283, 0.4, -0.876081, -0.344485, 0.33736, 0.0, 0.0, 0.0, 0.0, 1.0],
                [0.43157, -0.872249, 0.230062, 0.0, 0.215009, 0.347148, 0.91283, 0.4, -0.876081, -0.344485, 0.33736, 0.0, 0.0, 0.0, 0.0, 1.0],
                [-0.395472, -0.889168, -0.230177, 0.0, 0.63222, -0.445319, 0.634026, 0.4, -0.666258, 0.105217, 0.738261, 0.0, 0.0, 0.0, 0.0, 1.0],
                [-0.395472, -0.889168, -0.230177, 0.0, 0.63222, -0.445319, 0.634026, 0.4, -0.666258, 0.105217, 0.738261, 0.0, 0.0, 0.0, 0.0, 1.0]
            ]
        },
        {
            "name": "Arm_L",
            "time": [0.0, 0.25, 0.75, 1.2917],
            "transform": [
                [0.636323, 0.540869, -0.55005, 0.0, -0.596679, -0.106853, -0.795335, 0.39386, -0.488946, 0.834293, 0.254732, 0.0, 0.0, 0.0, 0.0, 1.0],
                [0.636323, 0.540869, -0.55005, 0.0, -0.596679, -0.106853, -0.795335, 0.39386, -0.488946, 0.834293, 0.254732, 0.0, 0.0, 0.0, 0.0, 1.0],
                [-0.233897, -0.091739, 0.967924, -0.0, -0.408372, 0.912735, -0.012174, 0.39386, -0.882341, -0.39812, -0.25095, 0.0, 0.0, 0.0, 0.0, 1.0],
                [-0.233897, -0.091739, 0.967924, -0.0, -0.408372, 0.912735, -0.012174, 0.39386, -0.882341, -0.39812, -0.25095, 0.0, 0.0, 0.0, 0.0, 1.0]
            ]
        },
        {
            "name": "Hand_L",
            "time": [0.0, 0.25, 0.75, 1.2917],
            "transform": [
                [1.0, 0.0, 0.0, 0.0, 0.0, 0.983635, -0.180174, 0.3, -0.0, 0.180174, 0.983635, -0.0, 0.0, 0.0, 0.0, 1.0],
                [1.0, 0.0, 0.0, 0.0, 0.0, 0.983635, -0.180174, 0.3, -0.0, 0.180174, 0.983635, -0.0, 0.0, 0.0, 0.0, 1.0],
                [1.0, 0.0, 0.0, 0.0, 0.0, 0.983635, -0.180174, 0.3, -0.0, 0.180174, 0.983635, 0.0, 0.0, 0.0, 0.0, 1.0],
                [1.0, 0.0, 0.0, 0.0, 0.0, 0.983635, -0.180174, 0.3, -0.0, 0.180174, 0.983635, 0.0, 0.0, 0.0, 0.0, 1.0]
            ]
        },
        {
            "name": "Tool_L",
            "time": [0.0, 0.25, 0.75, 1.2917],
            "transform": [
                [1.0, -0.0, 0.0, 0.0, 0.0, -0.129965, -0.991519, 0.272858, 0.0, 0.990934, -0.129899, -0.0, 0.0, 0.0, 0.0, 1.0],
                [1.0, -0.0, 0.0, 0.0, 0.0, -0.129965, -0.991519, 0.272858, 0.0, 0.990934, -0.129899, -0.0, 0.0, 0.0, 0.0, 1.0],
                [1.0, -0.0, 0.0, 0.0, 0.0, -0.129965, -0.991519, 0.272858, 0.0, 0.990934, -0.129899, -0.0, 0.0, 0.0, 0.0, 1.0],
                [1.0, -0.0, 0.0, 0.0, 0.0, -0.129965, -0.991519, 0.272858, 0.0, 0.990934, -0.129899, -0.0, 0.0, 0.0, 0.0, 1.0]
            ]
        },
        {
            "name": "Elbow_L",
            "time": [0.0, 0.25, 0.75, 1.2917],
            "transform": [
                [-1.0, 0.0, -0.0, 0.0, 0.0, 0.0, -1.0, 0.3, -0.0, -1.0, -0.0, -0.0, 0.0, 0.0, 0.0, 1.0],
                [-1.0, 0.0, -0.0, 0.0, 0.0, 0.0, -1.0, 0.3, -0.0, -1.0, -0.0, -0.0, 0.0, 0.0, 0.0, 1.0],
                [-1.0, 0.0, -0.0, 0.0, 0.0, -0.0, -1.0, 0.3, -0.0, -1.0, -0.0, 0.0, 0.0, 0.0, 0.0, 1.0],
                [-1.0, 0.0, -0.0, 0.0, 0.0, -0.0, -1.0, 0.3, -0.0, -1.0, -0.0, 0.0, 0.0, 0.0, 0.0, 1.0]
            ]
        }
    ]
}