{
  "animation": [
    {
      "name": "Root",
      "time": [0.0, 0.3333, 0.4583, 0.9167, 1.375, 1.7083],
      "transform": [
        [-0.168184, -0.067569, 0.983437, -0.021984, 0.983018, -0.085804, 0.162217, -0.006112, 0.073422, 0.994018, 0.080853, 1.390596, 0.0, 0.0, 0.0, 1.0],
        [0.899215, -0.067569, 0.432257, -0.021984, 0.426405, -0.085804, -0.900454, -0.006112, 0.097932, 0.994018, -0.048344, 1.390596, 0.0, 0.0, 0.0, 1.0],
        [0.942013, -0.067569, -0.328705, -0.021984, -0.333724, -0.085804, -0.938758, -0.006112, 0.035227, 0.994018, -0.103378, 1.390596, 0.0, 0.0, 0.0, 1.0],
        [0.662969, -0.067569, -0.745592, -0.021984, -0.748392, -0.085804, -0.657683, -0.006112, -0.019536, 0.994018, -0.107454, 1.390596, 0.0, 0.0, 0.0, 1.0],
        [-0.751043, -0.067569, -0.656787, -0.021984, -0.651478, -0.085804, 0.7538, -0.006112, -0.107289, 0.994018, 0.020423, 1.390596, 0.0, 0.0, 0.0, 1.0],
        [-0.964128, -0.046504, 0.261333, -0.021984, 0.265326, -0.140202, 0.953911, -0.006112, -0.007721, 0.98903, 0.147511, 1.390596, 0.0, 0.0, 0.0, 1.0]
      ]
    },
    {
      "name": "Thigh_R",
      "time": [0.0, 0.3333, 0.4583, 0.9167, 1.6667, 1.7083],
      "transform": [
        [0.896995, 0.231233, 0.376737, 0.124994, 0.046437, -0.896844, 0.439901, -0.002831, 0.439595, -0.377094, -0.815203, -1.2e-05, 0.0, 0.0, 0.0, 1.0],
        [0.803443, 0.233442, 0.547708, 0.124994, 0.389987, -0.901452, -0.187866, -0.002831, 0.449877, 0.364539, -0.815305, -1.2e-05, 0.0, 0.0, 0.0, 1.0],
        [0.859236, 0.084917, 0.504482, 0.124994, 0.115374, -0.992888, -0.029375, -0.002831, 0.4984, 0.083445, -0.862922, -1.2e-05, 0.0, 0.0, 0.0, 1.0],
        [0.896995, 0.231233, 0.376737, 0.124994, 0.046437, -0.896845, 0.439901, -0.002831, 0.439595, -0.377094, -0.815203, -1.2e-05, 0.0, 0.0, 0.0, 1.0],
        [0.914983, 0.286879, 0.283735, 0.124994, 0.128856, -0.87413, 0.468287, -0.002831, 0.382363, -0.391913, -0.836781, -1.2e-05, 0.0, 0.0, 0.0, 1.0],
        [0.914983, 0.286879, 0.283735, 0.124994, 0.128856, -0.87413, 0.468287, -0.002831, 0.382363, -0.391913, -0.836781, -1.2e-05, 0.0, 0.0, 0.0, 1.0]
      ]
    },
    {
      "name": "Leg_R",
      "time": [0.0, 0.3333, 0.4583, 0.9167, 1.6667, 1.7083],
      "transform": [
        [0.975047, -0.172271, -0.140021, 0.0, 0.055198, -0.422794, 0.904544, 0.37472, -0.215027, -0.889701, -0.402735, -0.0, 0.0, 0.0, 0.0, 1.0],
        [1.0, 0.0, 1e-06, -0.0, -0.0, 0.987242, 0.159225, 0.37472, -1e-06, -0.159225, 0.987242, 0.0, 0.0, 0.0, 0.0, 1.0],
        [0.998019, -0.061481, 0.013319, 0.0, 0.051074, 0.915525, 0.399004, 0.37472, -0.036725, -0.397534, 0.916852, 0.0, 0.0, 0.0, 0.0, 1.0],
        [0.975047, -0.172271, -0.140021, -0.0, 0.055198, -0.422794, 0.904544, 0.37472, -0.215027, -0.889701, -0.402735, -0.0, 0.0, 0.0, 0.0, 1.0],
        [1.0, -0.0, 0.0, 0.0, -0.0, 0.514734, 0.85735, 0.37472, -1e-06, -0.85735, 0.514734, 0.0, 0.0, 0.0, 0.0, 1.0],
        [1.0, -0.0, 0.0, 0.0, -0.0, 0.514734, 0.85735, 0.37472, -1e-06, -0.85735, 0.514734, 0.0, 0.0, 0.0, 0.0, 1.0]
      ]
    },
    {
      "name": "Knee_R",
      "time": [0.0, 0.3333, 0.4583, 0.9167, 1.6667, 1.7083],
      "transform": [
        [0.998485, -0.033076, 0.043973, 0.0, 0.052581, 0.809043, -0.585392, 0.37472, -0.016214, 0.586818, 0.809557, -0.0, 0.0, 0.0, 0.0, 1.0],
        [1.0, 0.0, -0.0, -0.0, -0.0, 0.159226, -0.987242, 0.37472, -0.0, 0.987242, 0.159226, 0.0, 0.0, 0.0, 0.0, 1.0],
        [0.999895, -0.003277, 0.014108, 0.0, 0.014483, 0.233738, -0.972192, 0.37472, -0.000112, 0.972294, 0.233761, 0.0, 0.0, 0.0, 0.0, 1.0],
        [0.998485, -0.033076, 0.043973, -0.0, 0.052581, 0.809043, -0.585392, 0.37472, -0.016214, 0.586818, 0.809557, -0.0, 0.0, 0.0, 0.0, 1.0],
        [1.0, 0.0, -0.0, 0.0, -0.0, 1e-06, -1.0, 0.37472, -0.0, 1.0, 1e-06, 0.0, 0.0, 0.0, 0.0, 1.0],
        [1.0, 0.0, -0.0, 0.0, -0.0, 1e-06, -1.0, 0.37472, -0.0, 1.0, 1e-06, 0.0, 0.0, 0.0, 0.0, 1.0]
      ]
    },
    {
      "name": "Thigh_L",
      "time": [0.0, 0.3333, 0.4583, 0.9167, 1.6667, 1.7083],
      "transform": [
        [0.991878, -0.082297, -0.096975, -0.125006, -0.023192, -0.866695, 0.498299, -0.002831, -0.125056, -0.492003, -0.861565, -1.2e-05, 0.0, 0.0, 0.0, 1.0],
        [0.830519, -0.529401, 0.173126, -0.125006, -0.507624, -0.84735, -0.155935, -0.002831, 0.229251, 0.041625, -0.972477, -1.2e-05, 0.0, 0.0, 0.0, 1.0],
        [0.898759, -0.119625, 0.421809, -0.125006, -0.423041, -0.489364, 0.762601, -0.002831, 0.115192, -0.863836, -0.490426, -1.2e-05, 0.0, 0.0, 0.0, 1.0],
        [0.991878, -0.082297, -0.096975, -0.125006, -0.023192, -0.866695, 0.498299, -0.002831, -0.125056, -0.492003, -0.861565, -1.2e-05, 0.0, 0.0, 0.0, 1.0],
        [0.989928, -0.089158, 0.109972, -0.125006, -0.102347, -0.987388, 0.120785, -0.002831, 0.097816, -0.130824, -0.986568, -1.2e-05, 0.0, 0.0, 0.0, 1.0],
        [0.989928, -0.089158, 0.109972, -0.125006, -0.102347, -0.987388, 0.120785, -0.002831, 0.097816, -0.130824, -0.986568, -1.2e-05, 0.0, 0.0, 0.0, 1.0]
      ]
    },
    {
      "name": "Leg_L",
      "time": [0.0, 0.3333, 0.4583, 0.9167, 1.6667, 1.7083],
      "transform": [
        [0.999925, 0.0066, 0.010336, -0.0, -0.010781, 0.071446, 0.997386, 0.37472, 0.005844, -0.997423, 0.071512, 0.0, 0.0, 0.0, 0.0, 1.0],
        [0.999715, 0.006841, -0.022874, -0.0, -0.00478, 0.996021, 0.088989, 0.37472, 0.023392, -0.088854, 0.99577, 0.0, 0.0, 0.0, 0.0, 1.0],
        [0.943027, 0.318157, 0.097349, -0.0, -0.146413, 0.134083, 0.980095, 0.37472, 0.298771, -0.938508, 0.173026, -0.0, 0.0, 0.0, 0.0, 1.0],
        [0.999925, 0.0066, 0.010336, 0.0, -0.010781, 0.071446, 0.997386, 0.37472, 0.005844, -0.997423, 0.071512, -0.0, 0.0, 0.0, 0.0, 1.0],
        [1.0, 0.0, 1e-06, 0.0, -0.0, 0.99066, 0.136353, 0.37472, -1e-06, -0.136353, 0.99066, 0.0, 0.0, 0.0, 0.0, 1.0],
        [1.0, 0.0, 1e-06, -0.0, -0.0, 0.99066, 0.136353, 0.37472, -1e-06, -0.136353, 0.99066, -0.0, 0.0, 0.0, 0.0, 1.0]
      ]
    },
    {
      "name": "Knee_L",
      "time": [0.0, 0.3333, 0.4583, 0.9167, 1.6667, 1.7083],
      "transform": [
        [1.0, 0.0, -0.0, -0.0, -0.0, 0.691016, -0.72284, 0.37472, 0.0, 0.72284, 0.691016, 0.0, 0.0, 0.0, 0.0, 1.0],
        [1.0, 0.0, -0.0, -0.0, -0.0, 1e-06, -1.0, 0.37472, -0.0, 1.0, 1e-06, 0.0, 0.0, 0.0, 0.0, 1.0],
        [0.963207, 0.046318, -0.26474, -0.0, -0.217033, 0.715049, -0.664531, 0.37472, 0.158522, 0.697538, 0.698792, -0.0, 0.0, 0.0, 0.0, 1.0],
        [1.0, 0.0, -0.0, 0.0, -0.0, 0.691016, -0.72284, 0.37472, 0.0, 0.72284, 0.691016, -0.0, 0.0, 0.0, 0.0, 1.0],
        [1.0, 0.0, -0.0, 0.0, -0.0, 1e-06, -1.0, 0.37472, -0.0, 1.0, 1e-06, 0.0, 0.0, 0.0, 0.0, 1.0],
        [1.0, 0.0, -0.0, -0.0, -0.0, 1e-06, -1.0, 0.37472, -0.0, 1.0, 1e-06, -0.0, 0.0, 0.0, 0.0, 1.0]
      ]
    },
    {
      "name": "Torso",
      "time": [0.0, 0.3333, 0.4583, 0.9167, 1.375, 1.7083],
      "transform": [
        [0.970372, 0.073126, -0.230282, -0.0, -0.027279, 0.980164, 0.196299, 0.05, 0.240069, -0.184201, 0.953119, -0.0, 0.0, 0.0, 0.0, 1.0],
        [0.967347, 0.105879, -0.230282, 0.0, -0.06039, 0.978683, 0.196299, 0.05, 0.246157, -0.175983, 0.95312, 0.0, 0.0, 0.0, 0.0, 1.0],
        [0.965219, 0.123785, -0.230282, -0.0, -0.078513, 0.977396, 0.196299, 0.05, 0.249376, -0.171391, 0.95312, 0.0, 0.0, 0.0, 0.0, 1.0],
        [0.963216, 0.138511, -0.230282, -0.0, -0.093431, 0.976083, 0.196299, 0.05, 0.251964, -0.167563, 0.953119, -0.0, 0.0, 0.0, 0.0, 1.0],
        [0.763698, 0.099135, -0.637916, 0.0, 0.0, 0.988139, 0.153561, 0.05, 0.645573, -0.117274, 0.75464, -0.0, 0.0, 0.0, 0.0, 1.0],
        [0.901591, 0.031358, -0.431452, -0.0, 0.042215, 0.986231, 0.159894, 0.05, 0.430526, -0.162373, 0.887853, -0.0, 0.0, 0.0, 0.0, 1.0]
      ]
    },
    {
      "name": "Chest",
      "time": [0.0, 0.3333, 0.4583, 0.9167, 1.375, 1.7083],
      "transform": [
        [0.808107, 0.024218, -0.588537, 0.0, 0.248852, 0.891572, 0.378381, 0.3, 0.533887, -0.452231, 0.714459, -0.0, 0.0, 0.0, 0.0, 1.0],
        [0.989677, -0.077462, -0.120581, -0.0, 0.089442, 0.991225, 0.097333, 0.3, 0.111983, -0.107113, 0.98792, -0.0, 0.0, 0.0, 0.0, 1.0],
        [0.965866, 0.019403, -0.258315, 0.0, 0.025571, 0.985179, 0.169613, 0.3, 0.257777, -0.170429, 0.951055, 0.0, 0.0, 0.0, 0.0, 1.0],
        [0.772106, 0.239743, -0.588537, 0.0, 0.001002, 0.925649, 0.378381, 0.3, 0.635493, -0.29274, 0.714459, 0.0, 0.0, 0.0, 0.0, 1.0],
        [0.957767, 0.032199, -0.285738, -0.0, -0.0, 0.993711, 0.111978, 0.3, 0.287547, -0.107249, 0.951743, 0.0, 0.0, 0.0, 0.0, 1.0],
        [0.933348, 0.046886, -0.355898, 0.0, 0.012432, 0.986617, 0.162581, 0.3, 0.358758, -0.15617, 0.920274, -0.0, 0.0, 0.0, 0.0, 1.0]
      ]
    },
    {
      "name": "Head",
      "time": [0.0, 0.3333, 0.4583, 0.9167, 1.375, 1.7083],
      "transform": [
        [0.809478, 0.224116, -0.542694, 0.0, -0.491169, 0.764905, -0.416742, 0.4, 0.321711, 0.603898, 0.729253, 0.0, 0.0, 0.0, 0.0, 1.0],
        [0.932854, 0.134459, 0.334222, -0.0, 0.074194, 0.836144, -0.543469, 0.4, -0.352532, 0.531774, 0.770024, 0.0, 0.0, 0.0, 0.0, 1.0],
        [0.641678, 0.055262, 0.764981, 0.0, 0.37576, 0.846848, -0.376369, 0.4, -0.668621, 0.528957, 0.522638, -0.0, 0.0, 0.0, 0.0, 1.0],
        [0.306285, 0.0, 0.95194, -0.0, 0.520816, 0.837061, -0.167572, 0.4, -0.796831, 0.54711, 0.256379, -0.0, 0.0, 0.0, 0.0, 1.0],
        [-0.491718, -0.06223, 0.868528, -0.0, 0.125289, 0.982008, 0.141294, 0.4, -0.861694, 0.178294, -0.475074, -0.0, 0.0, 0.0, 0.0, 1.0],
        [-0.491718, -0.06223, 0.868528, 0.0, 0.125289, 0.982007, 0.141294, 0.4, -0.861694, 0.178294, -0.475074, 0.0, 0.0, 0.0, 0.0, 1.0]
      ]
    },
    {
      "name": "Shoulder_R",
      "time": [0.0, 0.3333, 0.4583, 0.9167, 1.375, 1.7083],
      "transform": [
        [-0.287359, 0.942491, 0.170692, 0.0, -0.412742, -0.282659, 0.86588, 0.4, 0.864331, 0.178366, 0.47023, 0.0, 0.0, 0.0, 0.0, 1.0],
        [-0.287359, 0.935097, 0.207407, -0.0, -0.412742, -0.316294, 0.854167, 0.4, 0.864331, 0.159847, 0.476844, 0.0, 0.0, 0.0, 0.0, 1.0],
        [-0.287359, 0.930437, 0.227404, 0.0, -0.412742, -0.33453, 0.847192, 0.4, 0.864331, 0.149589, 0.480161, -0.0, 0.0, 0.0, 0.0, 1.0],
        [-0.287359, 0.926274, 0.243806, -0.0, -0.412742, -0.349445, 0.841149, 0.4, 0.864331, 0.141083, 0.482728, -0.0, 0.0, 0.0, 0.0, 1.0],
        [0.050003, 0.926751, 0.372334, -0.0, 0.0543, -0.374772, 0.925526, 0.4, 0.997272, -0.026062, -0.069062, -0.0, 0.0, 0.0, 0.0, 1.0],
        [0.050003, 0.92675, 0.372334, 0.0, 0.0543, -0.374772, 0.925526, 0.4, 0.997272, -0.026062, -0.069062, 0.0, 0.0, 0.0, 0.0, 1.0]
      ]
    },
    {
      "name": "Arm_R",
      "time": [0.0, 0.3333, 0.4583, 0.9167, 1.375, 1.7083],
      "transform": [
        [-0.034295, 0.191814, -0.980832, -0.0, -0.228075, 0.95401, 0.194543, 0.393861, 0.97304, 0.230375, 0.01103, -0.0, 0.0, 0.0, 0.0, 1.0],
        [-0.048811, 0.208087, -0.976892, 0.0, -0.09648, 0.972502, 0.211972, 0.393861, 0.994137, 0.104597, -0.027392, 0.0, 0.0, 0.0, 0.0, 1.0],
        [-0.055786, 0.217741, -0.974411, -0.0, -0.023319, 0.975381, 0.219292, 0.39386, 0.99817, 0.034956, -0.049335, 0.0, 0.0, 0.0, 0.0, 1.0],
        [-0.060961, -0.160774, -0.985107, -0.0, 0.03699, 0.985901, -0.163192, 0.39386, 0.997454, -0.046388, -0.054155, 0.0, 0.0, 0.0, 0.0, 1.0],
        [0.133194, -0.909181, 0.394524, -0.0, -0.477631, -0.407679, -0.778246, 0.393861, 0.868406, -0.084779, -0.488553, -0.0, 0.0, 0.0, 0.0, 1.0],
        [0.181426, -0.75597, 0.628963, 0.0, -0.438321, -0.634695, -0.636425, 0.39386, 0.880318, -0.160223, -0.446508, -0.0, 0.0, 0.0, 0.0, 1.0]
      ]
    },
    {
      "name": "Hand_R",
      "time": [0.0, 0.3333, 0.4583, 0.9167, 1.375, 1.7083],
      "transform": [
        [1.0, 0.0, 0.0, 0.0, -0.0, 0.993938, 0.109947, 0.3, -0.0, -0.109947, 0.993938, 0.0, 0.0, 0.0, 0.0, 1.0],
        [1.0, 0.0, 0.0, -0.0, -0.0, 0.999144, -0.04136, 0.3, -0.0, 0.04136, 0.999144, 0.0, 0.0, 0.0, 0.0, 1.0],
        [1.0, 0.0, 0.0, 0.0, -0.0, 0.992254, -0.124228, 0.3, -0.0, 0.124228, 0.992254, 0.0, 0.0, 0.0, 0.0, 1.0],
        [1.0, 0.0, 0.0, -0.0, -0.0, 0.98145, -0.191719, 0.3, -0.0, 0.191719, 0.98145, 0.0, 0.0, 0.0, 0.0, 1.0],
        [1.0, 0.0, -0.0, 0.0, -0.0, 0.939083, -0.34369, 0.3, -0.0, 0.34369, 0.939083, 0.0, 0.0, 0.0, 0.0, 1.0],
        [0.99848, 0.055107, -0.0, -0.0, -0.05175, 0.937656, -0.34369, 0.3, -0.01894, 0.343168, 0.939083, -0.0, 0.0, 0.0, 0.0, 1.0]
      ]
    },
    {
      "name": "Tool_R",
      "time": [0.0, 0.3333, 0.4583, 0.9167, 1.375, 1.7083],
      "transform": [
        [1.0, -0.0, -0.0, 0.0, 0.0, 0.052525, -0.99862, 0.272858, 0.0, 0.998029, 0.052483, 0.0, 0.0, 0.0, 0.0, 1.0],
        [1.0, -0.0, 0.0, -0.0, 0.0, 0.052525, -0.99862, 0.272858, 0.0, 0.998029, 0.052483, -0.0, 0.0, 0.0, 0.0, 1.0],
        [1.0, -0.0, 0.0, 0.0, 0.0, 0.052525, -0.99862, 0.272858, 0.0, 0.998029, 0.052483, -0.0, 0.0, 0.0, 0.0, 1.0],
        [1.0, -0.0, -0.0, 0.0, -0.0, 0.052525, -0.99862, 0.272858, 0.0, 0.998029, 0.052483, 0.0, 0.0, 0.0, 0.0, 1.0],
        [1.0, -0.0, -0.0, -0.0, 0.0, 0.052525, -0.99862, 0.272858, 0.0, 0.998029, 0.052483, -0.0, 0.0, 0.0, 0.0, 1.0],
        [0.997332, 0.029459, -0.066785, -0.0, -0.067316, 0.017406, -0.99758, 0.272858, -0.028209, 0.998823, 0.01932, 0.0, 0.0, 0.0, 0.0, 1.0]
      ]
    },
    {
      "name": "Elbow_R",
      "time": [0.0, 0.3333, 0.4583, 0.9167, 1.375, 1.7083],
      "transform": [
        [-1.0, 0.0, -0.0, 0.0, 0.0, -0.0, -1.0, 0.3, -0.0, -1.0, 0.0, 0.0, 0.0, 0.0, 0.0, 1.0],
        [-1.0, 0.0, -0.0, -0.0, 0.0, -0.0, -1.0, 0.3, -0.0, -1.0, 0.0, 0.0, 0.0, 0.0, 0.0, 1.0],
        [-1.0, 0.0, 0.0, 0.0, 0.0, -0.0, -1.0, 0.3, -0.0, -1.0, 0.0, 0.0, 0.0, 0.0, 0.0, 1.0],
        [-1.0, 0.0, -0.0, -0.0, -0.0, -0.0, -1.0, 0.3, -0.0, -1.0, 0.0, 0.0, 0.0, 0.0, 0.0, 1.0],
        [-1.0, 0.0, -0.0, 0.0, 0.0, -0.0, -1.0, 0.3, -0.0, -1.0, 0.0, 0.0, 0.0, 0.0, 0.0, 1.0],
        [-1.0, 0.0, 0.0, -0.0, 0.0, -0.0, -1.0, 0.3, -0.0, -1.0, 0.0, -0.0, 0.0, 0.0, 0.0, 1.0]
      ]
    },
    {
      "name": "Shoulder_L",
      "time": [0.0, 0.3333, 0.4583, 0.9167, 1.375, 1.7083],
      "transform": [
        [-0.483954, -0.809828, -0.331613, 0.0, 0.368733, -0.532375, 0.761979, 0.4, -0.793615, 0.246486, 0.556255, 0.0, 0.0, 0.0, 0.0, 1.0],
        [-0.232241, -0.94508, -0.229974, -0.0, 0.224854, -0.2822, 0.932633, 0.4, -0.946311, 0.164885, 0.278043, 0.0, 0.0, 0.0, 0.0, 1.0],
        [-0.098892, -0.98586, -0.135277, 0.0, 0.108455, -0.145812, 0.98335, 0.4, -0.98917, 0.082573, 0.121341, -0.0, 0.0, 0.0, 0.0, 1.0],
        [-0.0, -0.999095, -0.042544, -0.0, 0.0, -0.042544, 0.999095, 0.4, -1.0, 0.0, 0.0, -0.0, 0.0, 0.0, 0.0, 1.0],
        [0.052769, -0.950651, -0.305743, -0.0, 0.016945, -0.305274, 0.952114, 0.4, -0.998463, -0.055423, 0.0, -0.0, 0.0, 0.0, 0.0, 1.0],
        [-0.103349, -0.991161, 0.083182, 0.0, 0.029888, 0.080497, 0.996307, 0.4, -0.994196, 0.105453, 0.021305, 0.0, 0.0, 0.0, 0.0, 1.0]
      ]
    },
    {
      "name": "Arm_L",
      "time": [0.0, 0.3333, 0.4583, 0.9167, 1.375, 1.7083],
      "transform": [
        [0.173686, 0.015248, 0.984683, -0.0, 0.169465, 0.984502, -0.045136, 0.39386, -0.97011, 0.174709, 0.16841, -0.0, 0.0, 0.0, 0.0, 1.0],
        [0.174352, -0.342855, 0.923067, 0.0, 0.250079, 0.922107, 0.295262, 0.39386, -0.952398, 0.17936, 0.246512, -0.0, 0.0, 0.0, 0.0, 1.0],
        [0.169422, -0.580984, 0.796086, -0.0, 0.288941, 0.80155, 0.52348, 0.39386, -0.942236, 0.141332, 0.303671, -0.0, 0.0, 0.0, 0.0, 1.0],
        [0.17383, -0.01351, 0.984683, 0.0, 0.328989, 0.943254, -0.045136, 0.39386, -0.928197, 0.331795, 0.168411, 0.0, 0.0, 0.0, 0.0, 1.0],
        [0.17383, 0.912151, 0.371164, 0.0, 0.328989, 0.301458, -0.894924, 0.39386, -0.928197, 0.277674, -0.247685, -0.0, 0.0, 0.0, 0.0, 1.0],
        [0.075368, 0.749055, 0.658207, 0.0, 0.002306, 0.659952, -0.751304, 0.39386, -0.997153, 0.058142, 0.048012, -0.0, 0.0, 0.0, 0.0, 1.0]
      ]
    },
    {
      "name": "Hand_L",
      "time": [0.0, 0.3333, 0.4583, 0.9167, 1.375, 1.7083],
      "transform": [
        [1.0, -0.0, -0.0, 0.0, 0.0, 0.982099, -0.188365, 0.3, 0.0, 0.188365, 0.982099, 0.0, 0.0, 0.0, 0.0, 1.0],
        [1.0, -0.0, -0.0, 0.0, 0.0, 0.994377, -0.105901, 0.3, 0.0, 0.105901, 0.994377, -0.0, 0.0, 0.0, 0.0, 1.0],
        [1.0, -0.0, -0.0, -0.0, 0.0, 0.991855, -0.127372, 0.3, 0.0, 0.127372, 0.991855, 0.0, 0.0, 0.0, 0.0, 1.0],
        [1.0, -0.0, 0.0, -0.0, 0.0, 0.982099, -0.188365, 0.3, 0.0, 0.188364, 0.982099, 0.0, 0.0, 0.0, 0.0, 1.0],
        [1.0, -0.0, 0.0, -0.0, 0.0, 0.8023, -0.596922, 0.3, 0.0, 0.596922, 0.8023, -0.0, 0.0, 0.0, 0.0, 1.0],
        [1.0, -0.0, 0.0, -0.0, 0.0, 0.644446, -0.76465, 0.3, 0.0, 0.76465, 0.644446, -0.0, 0.0, 0.0, 0.0, 1.0]
      ]
    },
    {
      "name": "Tool_L",
      "time": [0.0, 0.3333, 0.4583, 0.9167, 1.375, 1.7083],
      "transform": [
        [1.0, 0.0, -0.0, -0.0, -0.0, 0.748472, -0.663167, 0.272858, 0.0, 0.662784, 0.748025, -0.0, 0.0, 0.0, 0.0, 1.0],
        [1.0, 0.0, -0.0, -0.0, -0.0, 0.921973, -0.387254, 0.272858, 0.0, 0.387036, 0.921427, -0.0, 0.0, 0.0, 0.0, 1.0],
        [1.0, 0.0, -0.0, -0.0, -0.0, 0.878083, -0.478508, 0.272858, 0.0, 0.478236, 0.877561, 0.0, 0.0, 0.0, 0.0, 1.0],
        [1.0, 0.0, -0.0, -0.0, -0.0, 0.704376, -0.709827, 0.272858, 0.0, 0.709417, 0.703954, -0.0, 0.0, 0.0, 0.0, 1.0],
        [1.0, -0.0, -0.0, 0.0, 0.0, 0.954046, -0.299659, 0.272858, 0.0, 0.299493, 0.953482, -0.0, 0.0, 0.0, 0.0, 1.0],
        [1.0, -0.0, -0.0, 0.0, 0.0, 0.954046, -0.299659, 0.272858, 0.0, 0.299493, 0.953482, -0.0, 0.0, 0.0, 0.0, 1.0]
      ]
    },
    {
      "name": "Elbow_L",
      "time": [0.0, 0.3333, 0.4583, 0.9167, 1.375, 1.7083],
      "transform": [
        [-1.0, 0.0, -0.0, 0.0, 0.0, -0.0, -1.0, 0.3, -0.0, -1.0, -0.0, 0.0, 0.0, 0.0, 0.0, 1.0],
        [-1.0, 0.0, -0.0, 0.0, 0.0, 0.098386, -0.995148, 0.3, -0.0, -0.995148, -0.098386, -0.0, 0.0, 0.0, 0.0, 1.0],
        [-1.0, 0.0, -0.0, -0.0, 0.0, 0.072936, -0.997337, 0.3, -0.0, -0.997337, -0.072936, 0.0, 0.0, 0.0, 0.0, 1.0],
        [-1.0, 0.0, -0.0, -0.0, 0.0, -0.0, -1.0, 0.3, -0.0, -1.0, -0.0, 0.0, 0.0, 0.0, 0.0, 1.0],
        [-1.0, 0.0, -0.0, -0.0, 0.0, -0.0, -1.0, 0.3, -0.0, -1.0, -0.0, -0.0, 0.0, 0.0, 0.0, 1.0],
        [-1.0, 0.0, -0.0, -0.0, 0.0, -0.0, -1.0, 0.3, -0.0, -1.0, -0.0, -0.0, 0.0, 0.0, 0.0, 1.0]
      ]
    }
  ]
}