{
  "animation": [
    {
      "name": "Root",
      "time": [0.0, 0.125, 1.0],
      "transform": [
        [0.418669, 0.153604, 0.895054, -0.021984, 0.907658, -0.038707, -0.417922, -0.006112, -0.02955, 0.987374, -0.155626, 1.390596, 0.0, 0.0, 0.0, 1.0],
        [0.92454, 0.149364, 0.350593, -0.021984, 0.361451, -0.052218, -0.930928, -0.006112, -0.120739, 0.987402, -0.102266, 1.175577, 0.0, 0.0, 0.0, 1.0],
        [0.552054, 0.126595, -0.824142, -0.021984, -0.825383, -0.057192, -0.56167, -0.006112, -0.118239, 0.990304, 0.072916, 0.818975, 0.0, 0.0, 0.0, 1.0]
      ]
    },
    {
      "name": "Thigh_R",
      "time": [0.0, 0.2917, 1.0],
      "transform": [
        [0.914983, 0.286879, 0.283735, 0.124994, 0.128856, -0.87413, 0.468287, -0.002831, 0.382363, -0.391913, -0.836781, -1.2e-05, 0.0, 0.0, 0.0, 1.0],
        [0.955114, 0.290238, 0.059321, 0.124994, 0.285644, -0.955376, 0.075254, -0.002831, 0.078515, -0.054931, -0.995398, -1.2e-05, 0.0, 0.0, 0.0, 1.0],
        [0.955114, 0.290238, 0.059321, 0.124994, 0.285644, -0.955376, 0.075254, -0.002831, 0.078515, -0.054931, -0.995398, -1.2e-05, 0.0, 0.0, 0.0, 1.0]
      ]
    },
    {
      "name": "Leg_R",
      "time": [0.0, 0.2917, 1.0],
      "transform": [
        [1.0, -1e-06, 1e-06, 0.0, -0.0, 0.514734, 0.85735, 0.37472, -1e-06, -0.85735, 0.514734, 0.0, 0.0, 0.0, 0.0, 1.0],
        [1.0, -0.0, 1e-06, 0.0, -0.0, 0.879914, 0.475133, 0.37472, -1e-06, -0.475133, 0.879914, -0.0, 0.0, 0.0, 0.0, 1.0],
        [1.0, -0.0, 1e-06, -0.0, -0.0, 0.879914, 0.475133, 0.37472, -1e-06, -0.475133, 0.879914, -0.0, 0.0, 0.0, 0.0, 1.0]
      ]
    },
    {
      "name": "Knee_R",
      "time": [0.0, 0.2917, 1.0],
      "transform": [
        [1.0, 0.0, -0.0, 0.0, -0.0, 1e-06, -1.0, 0.37472, -0.0, 1.0, 1e-06, 0.0, 0.0, 0.0, 0.0, 1.0],
        [1.0, 0.0, -0.0, 0.0, -0.0, 1e-06, -1.0, 0.37472, -0.0, 1.0, 1e-06, -0.0, 0.0, 0.0, 0.0, 1.0],
        [1.0, 0.0, -0.0, -0.0, -0.0, 1e-06, -1.0, 0.37472, -0.0, 1.0, 1e-06, -0.0, 0.0, 0.0, 0.0, 1.0]
      ]
    },
    {
      "name": "Thigh_L",
      "time": [0.0, 0.125, 0.2917, 1.0],
      "transform": [
        [0.989928, -0.089158, 0.109972, -0.125006, -0.102347, -0.987388, 0.120785, -0.002831, 0.097816, -0.130824, -0.986568, -1.2e-05, 0.0, 0.0, 0.0, 1.0],
        [0.989928, -0.057059, 0.129565, -0.125006, -0.102347, -0.920753, 0.376482, -0.002831, 0.097816, -0.38595, -0.917319, -1.2e-05, 0.0, 0.0, 0.0, 1.0],
        [0.950407, -0.296187, -0.094865, -0.125006, -0.160757, -0.728963, 0.665409, -0.002831, -0.266239, -0.617159, -0.740427, -1.2e-05, 0.0, 0.0, 0.0, 1.0],
        [0.950407, -0.296187, -0.094865, -0.125006, -0.160757, -0.728963, 0.665409, -0.002831, -0.266239, -0.617159, -0.740427, -1.2e-05, 0.0, 0.0, 0.0, 1.0]
      ]
    },
    {
      "name": "Leg_L",
      "time": [0.0, 0.125, 0.2917, 1.0],
      "transform": [
        [1.0, 0.0, 1e-06, -0.0, -0.0, 0.99066, 0.136353, 0.37472, -1e-06, -0.136353, 0.99066, 0.0, 0.0, 0.0, 0.0, 1.0],
        [1.0, -1e-06, 0.0, -0.0, -0.0, 0.442017, 0.897007, 0.37472, -1e-06, -0.897007, 0.442017, 0.0, 0.0, 0.0, 0.0, 1.0],
        [1.0, -1e-06, -0.0, -0.0, 0.0, -0.34137, 0.939929, 0.37472, -1e-06, -0.939929, -0.34137, -0.0, 0.0, 0.0, 0.0, 1.0],
        [1.0, -0.0, -0.0, -0.0, 0.0, -0.34137, 0.939929, 0.37472, -1e-06, -0.939929, -0.34137, 0.0, 0.0, 0.0, 0.0, 1.0]
      ]
    },
    {
      "name": "Knee_L",
      "time": [0.0, 0.125, 0.2917, 1.0],
      "transform": [
        [1.0, 0.0, -0.0, -0.0, -0.0, 1e-06, -1.0, 0.37472, -0.0, 1.0, 1e-06, 0.0, 0.0, 0.0, 0.0, 1.0],
        [1.0, 0.0, -0.0, -0.0, -0.0, 0.489729, -0.871875, 0.37472, 0.0, 0.871875, 0.489729, 0.0, 0.0, 0.0, 0.0, 1.0],
        [1.0, 0.0, -0.0, -0.0, -0.0, 0.816209, -0.577757, 0.37472, 0.0, 0.577757, 0.816209, -0.0, 0.0, 0.0, 0.0, 1.0],
        [1.0, 0.0, -0.0, -0.0, -0.0, 0.816209, -0.577757, 0.37472, 0.0, 0.577757, 0.816209, 0.0, 0.0, 0.0, 0.0, 1.0]
      ]
    },
    {
      "name": "Torso",
      "time": [0.0, 0.4583, 0.5417, 0.8333, 1.0],
      "transform": [
        [1.0, 0.0, 0.0, 0.0, 0.0, 0.991366, 0.131126, 0.05, 0.0, -0.131126, 0.991366, 0.0, 0.0, 0.0, 0.0, 1.0],
        [1.0, 0.0, 0.0, 0.0, -0.0, 0.991366, 0.131126, 0.05, 0.0, -0.131126, 0.991366, 0.0, 0.0, 0.0, 0.0, 1.0],
        [1.0, 0.0, 0.0, 0.0, 0.0, 0.991366, 0.131126, 0.05, -0.0, -0.131126, 0.991366, -0.0, 0.0, 0.0, 0.0, 1.0],
        [1.0, 0.0, -0.0, 0.0, 0.0, 0.991366, 0.131126, 0.05, 0.0, -0.131126, 0.991366, -0.0, 0.0, 0.0, 0.0, 1.0],
        [1.0, -0.0, 0.0, 0.0, 0.0, 0.991366, 0.131126, 0.05, -0.0, -0.131126, 0.991366, 0.0, 0.0, 0.0, 0.0, 1.0]
      ]
    },
    {
      "name": "Chest",
      "time": [0.0, 0.4583, 0.5417, 0.8333, 1.0],
      "transform": [
        [0.964294, 0.0, 0.264834, 0.0, -0.06653, 0.967932, 0.242244, 0.3, -0.256341, -0.251214, 0.933371, 0.0, 0.0, 0.0, 0.0, 1.0],
        [0.964294, -0.0, 0.264834, 0.0, -0.06653, 0.967932, 0.242244, 0.3, -0.256341, -0.251214, 0.933371, -0.0, 0.0, 0.0, 0.0, 1.0],
        [0.964294, -0.0, 0.264834, -0.0, -0.06653, 0.967932, 0.242244, 0.3, -0.256341, -0.251214, 0.933371, -0.0, 0.0, 0.0, 0.0, 1.0],
        [0.964294, 0.0, 0.264834, 0.0, -0.06653, 0.967932, 0.242244, 0.3, -0.256341, -0.251214, 0.933371, 0.0, 0.0, 0.0, 0.0, 1.0],
        [0.964294, 0.0, 0.264834, -0.0, -0.06653, 0.967932, 0.242244, 0.3, -0.256341, -0.251214, 0.933371, 0.0, 0.0, 0.0, 0.0, 1.0]
      ]
    },
    {
      "name": "Head",
      "time": [0.0, 0.4583, 0.5417, 0.8333, 1.0],
      "transform": [
        [-0.491718, -0.06223, 0.868528, -0.0, 0.125289, 0.982007, 0.141294, 0.4, -0.861694, 0.178294, -0.475074, 0.0, 0.0, 0.0, 0.0, 1.0],
        [0.394349, -0.181268, 0.900906, -0.0, 0.37738, 0.925818, 0.021092, 0.4, -0.837899, 0.331666, 0.433502, 0.0, 0.0, 0.0, 0.0, 1.0],
        [0.394349, -0.181268, 0.900906, -0.0, 0.37738, 0.925818, 0.021092, 0.4, -0.837899, 0.331666, 0.433502, -0.0, 0.0, 0.0, 0.0, 1.0],
        [0.394349, -0.181268, 0.900906, 0.0, 0.37738, 0.925819, 0.021092, 0.4, -0.837899, 0.331666, 0.433502, -0.0, 0.0, 0.0, 0.0, 1.0],
        [0.394349, -0.181268, 0.900906, 0.0, 0.37738, 0.925818, 0.021093, 0.4, -0.837898, 0.331666, 0.433502, -0.0, 0.0, 0.0, 0.0, 1.0]
      ]
    },
    {
      "name": "Shoulder_R",
      "time": [0.0, 0.4583, 0.5417, 0.8333, 1.0],
      "transform": [
        [0.497578, 0.859988, 0.113295, -0.0, 0.076021, -0.173343, 0.981923, 0.4, 0.864081, -0.47997, -0.151629, 0.0, 0.0, 0.0, 0.0, 1.0],
        [-0.533157, 0.840781, 0.093973, -0.0, -0.102323, -0.174346, 0.979354, 0.4, 0.839806, 0.512533, 0.178984, 0.0, 0.0, 0.0, 0.0, 1.0],
        [-0.533157, 0.840781, 0.093973, -0.0, -0.102323, -0.174346, 0.979354, 0.4, 0.839806, 0.512534, 0.178984, -0.0, 0.0, 0.0, 0.0, 1.0],
        [-0.570361, 0.815213, 0.100581, 0.0, -0.110852, -0.197726, 0.973969, 0.4, 0.81388, 0.544364, 0.203143, -0.0, 0.0, 0.0, 0.0, 1.0],
        [-0.570361, 0.815213, 0.100581, 0.0, -0.110852, -0.197726, 0.973969, 0.4, 0.813879, 0.544364, 0.203143, -0.0, 0.0, 0.0, 0.0, 1.0]
      ]
    },
    {
      "name": "Arm_R",
      "time": [0.0, 0.4583, 0.5417, 0.8333, 1.0],
      "transform": [
        [0.166026, -0.976915, 0.134431, -0.0, -0.307225, -0.18078, -0.934308, 0.39386, 0.937042, 0.113818, -0.330147, 0.0, 0.0, 0.0, 0.0, 1.0],
        [0.055274, -0.335933, -0.940262, 0.0, -0.111782, 0.9337, -0.34016, 0.39386, 0.992194, 0.123907, 0.014058, -0.0, 0.0, 0.0, 0.0, 1.0],
        [0.055274, -0.335933, -0.940263, 0.0, -0.111782, 0.9337, -0.34016, 0.393861, 0.992194, 0.123907, 0.014058, -0.0, 0.0, 0.0, 0.0, 1.0],
        [0.055274, 0.186762, -0.980849, 0.0, -0.111783, 0.977333, 0.179793, 0.393861, 0.992194, 0.099704, 0.074898, 0.0, 0.0, 0.0, 0.0, 1.0],
        [0.055274, 0.186762, -0.980849, -0.0, -0.111783, 0.977333, 0.179793, 0.39386, 0.992194, 0.099704, 0.074898, -0.0, 0.0, 0.0, 0.0, 1.0]
      ]
    },
    {
      "name": "Hand_R",
      "time": [0.0, 0.4583, 0.5417, 0.8333, 1.0],
      "transform": [
        [0.99848, 0.055107, -0.0, -0.0, -0.05175, 0.937656, -0.34369, 0.3, -0.01894, 0.343168, 0.939083, -0.0, 0.0, 0.0, 0.0, 1.0],
        [0.99848, 0.053862, 0.011647, -0.0, -0.05175, 0.989115, -0.137745, 0.3, -0.01894, 0.136933, 0.990399, 0.0, 0.0, 0.0, 0.0, 1.0],
        [0.99848, 0.053862, 0.011647, -0.0, -0.05175, 0.989115, -0.137745, 0.3, -0.01894, 0.136933, 0.990399, 0.0, 0.0, 0.0, 0.0, 1.0],
        [0.99848, 0.053192, 0.014401, 0.0, -0.05175, 0.994889, -0.086705, 0.3, -0.01894, 0.085828, 0.99613, -0.0, 0.0, 0.0, 0.0, 1.0],
        [0.99848, 0.053192, 0.014401, 0.0, -0.05175, 0.994889, -0.086705, 0.3, -0.01894, 0.085828, 0.99613, -0.0, 0.0, 0.0, 0.0, 1.0]
      ]
    },
    {
      "name": "Tool_R",
      "time": [0.0, 0.4583, 0.5417, 0.8333, 1.0],
      "transform": [
        [0.997331, -0.036898, -0.062998, -0.0, -0.067331, -0.798474, -0.598253, 0.272858, -0.028212, 0.600534, -0.798361, 0.0, 0.0, 0.0, 0.0, 1.0],
        [0.997331, 0.023701, -0.069061, 0.0, -0.067331, -0.067326, -0.995457, 0.272858, -0.028227, 0.996858, -0.065523, 0.0, 0.0, 0.0, 0.0, 1.0],
        [0.997331, 0.023701, -0.069061, -0.0, -0.067331, -0.067326, -0.995457, 0.272858, -0.028227, 0.996858, -0.065523, 0.0, 0.0, 0.0, 0.0, 1.0],
        [0.997331, 0.024471, -0.068792, 0.0, -0.067331, -0.056199, -0.996147, 0.272858, -0.028227, 0.997528, -0.05438, 0.0, 0.0, 0.0, 0.0, 1.0],
        [0.997331, 0.024471, -0.068792, -0.0, -0.067331, -0.056199, -0.996147, 0.272858, -0.028227, 0.997528, -0.05438, -0.0, 0.0, 0.0, 0.0, 1.0]
      ]
    },
    {
      "name": "Elbow_R",
      "time": [0.0, 0.4583, 0.5417, 0.8333, 1.0],
      "transform": [
        [-1.0, 0.0, -0.0, -0.0, 0.0, 0.0, -1.0, 0.3, -0.0, -1.0, 0.0, -0.0, 0.0, 0.0, 0.0, 1.0],
        [-1.0, 0.0, -0.0, -0.0, 0.0, -0.0, -1.0, 0.3, -0.0, -1.0, 0.0, 0.0, 0.0, 0.0, 0.0, 1.0],
        [-1.0, 0.0, 0.0, -0.0, 0.0, 0.0, -1.0, 0.3, -0.0, -1.0, 0.0, 0.0, 0.0, 0.0, 0.0, 1.0],
        [-1.0, 0.0, -0.0, 0.0, 0.0, -0.0, -1.0, 0.3, -0.0, -1.0, 0.0, -0.0, 0.0, 0.0, 0.0, 1.0],
        [-1.0, 0.0, -0.0, 0.0, 0.0, -0.0, -1.0, 0.3, -0.0, -1.0, 0.0, -0.0, 0.0, 0.0, 0.0, 1.0]
      ]
    },
    {
      "name": "Shoulder_L",
      "time": [0.0, 0.4583, 0.5417, 0.8333, 1.0],
      "transform": [
        [-0.103349, -0.991161, 0.083182, -0.0, 0.029888, 0.080497, 0.996307, 0.4, -0.994196, 0.105453, 0.021305, 0.0, 0.0, 0.0, 0.0, 1.0],
        [0.719865, -0.691132, 0.064272, -0.0, -0.01352, 0.078617, 0.996813, 0.4, -0.693982, -0.71844, 0.047249, 0.0, 0.0, 0.0, 0.0, 1.0],
        [0.719865, -0.691132, 0.064272, -0.0, -0.01352, 0.078617, 0.996813, 0.4, -0.693982, -0.71844, 0.047249, -0.0, 0.0, 0.0, 0.0, 1.0],
        [0.911326, -0.406637, 0.064272, 0.0, -0.039335, 0.069398, 0.996813, 0.4, -0.409802, -0.91095, 0.047249, -0.0, 0.0, 0.0, 0.0, 1.0],
        [0.911326, -0.406637, 0.064272, 0.0, -0.039335, 0.069398, 0.996813, 0.4, -0.409802, -0.91095, 0.047249, -0.0, 0.0, 0.0, 0.0, 1.0]
      ]
    },
    {
      "name": "Arm_L",
      "time": [0.0, 0.4583, 0.5417, 0.8333, 1.0],
      "transform": [
        [0.038015, 0.321918, 0.946004, -0.0, -0.108551, 0.942417, -0.316335, 0.39386, -0.993364, -0.090664, 0.07077, -0.0, 0.0, 0.0, 0.0, 1.0],
        [0.24702, 0.957928, -0.146132, 0.0, 0.047803, -0.162668, -0.985522, 0.39386, -0.967831, 0.236458, -0.085974, -0.0, 0.0, 0.0, 0.0, 1.0],
        [0.24702, 0.957928, -0.146132, -0.0, 0.047803, -0.162668, -0.985522, 0.39386, -0.967831, 0.236458, -0.085974, -0.0, 0.0, 0.0, 0.0, 1.0],
        [-0.005308, 0.857204, 0.51495, -0.0, 0.247708, 0.500035, -0.829823, 0.39386, -0.96882, 0.123152, -0.21499, 0.0, 0.0, 0.0, 0.0, 1.0],
        [-0.102165, 0.857204, 0.504741, 0.0, 0.399511, 0.500035, -0.768346, 0.39386, -0.911018, 0.123152, -0.393549, 0.0, 0.0, 0.0, 0.0, 1.0]
      ]
    },
    {
      "name": "Hand_L",
      "time": [0.0, 0.4583, 0.5417, 0.8333, 1.0],
      "transform": [
        [1.0, -0.0, -0.0, 0.0, 0.0, 0.858797, -0.512316, 0.3, 0.0, 0.512316, 0.858797, -0.0, 0.0, 0.0, 0.0, 1.0],
        [1.0, -0.0, 0.0, -0.0, 0.0, 0.674402, -0.738364, 0.3, 0.0, 0.738364, 0.674402, 0.0, 0.0, 0.0, 0.0, 1.0],
        [1.0, -0.0, 0.0, 0.0, 0.0, 0.674402, -0.738364, 0.3, 0.0, 0.738364, 0.674402, -0.0, 0.0, 0.0, 0.0, 1.0],
        [0.952078, -0.305857, 0.0, 0.0, 0.206271, 0.642083, -0.738364, 0.3, 0.225833, 0.70298, 0.674402, -0.0, 0.0, 0.0, 0.0, 1.0],
        [0.952078, -0.305857, 0.0, -0.0, 0.206271, 0.642083, -0.738364, 0.3, 0.225833, 0.70298, 0.674402, -0.0, 0.0, 0.0, 0.0, 1.0]
      ]
    },
    {
      "name": "Tool_L",
      "time": [0.0, 0.4583, 0.5417, 1.0],
      "transform": [
        [1.0, -0.0, -0.0, 0.0, 0.0, 0.990486, -0.137615, 0.272858, 0.0, 0.137544, 0.989902, -0.0, 0.0, 0.0, 0.0, 1.0],
        [1.0, -0.0, -0.0, -0.0, 0.0, 0.404169, -0.914685, 0.272858, 0.0, 0.914151, 0.403921, -0.0, 0.0, 0.0, 0.0, 1.0],
        [1.0, -0.0, -0.0, 0.0, 0.0, 0.404169, -0.914685, 0.272858, 0.0, 0.914151, 0.403921, 0.0, 0.0, 0.0, 0.0, 1.0],
        [0.890778, 0.000107, 0.454439, -0.0, 0.389876, -0.51395, -0.764102, 0.272858, 0.233344, 0.85731, -0.457596, -0.0, 0.0, 0.0, 0.0, 1.0]
      ]
    },
    {
      "name": "Elbow_L",
      "time": [0.0, 0.4583, 0.5417, 0.8333, 1.0],
      "transform": [
        [-1.0, 0.0, -0.0, 0.0, 0.0, -0.0, -1.0, 0.3, -0.0, -1.0, -0.0, -0.0, 0.0, 0.0, 0.0, 1.0],
        [-1.0, 0.0, -0.0, -0.0, 0.0, -0.0, -1.0, 0.3, -0.0, -1.0, -0.0, 0.0, 0.0, 0.0, 0.0, 1.0],
        [-1.0, 0.0, -0.0, 0.0, 0.0, -0.0, -1.0, 0.3, -0.0, -1.0, -0.0, -0.0, 0.0, 0.0, 0.0, 1.0],
        [-1.0, 0.0, 0.0, 0.0, 0.0, -0.0, -1.0, 0.3, -0.0, -1.0, -0.0, -0.0, 0.0, 0.0, 0.0, 1.0],
        [-1.0, 0.0, -0.0, -0.0, 0.0, -0.0, -1.0, 0.3, -0.0, -1.0, -0.0, -0.0, 0.0, 0.0, 0.0, 1.0]
      ]
    }
  ]
}