{
    "animation": [
        {
            "name": "Root",
            "time": [0.0, 0.125, 0.375, 0.5833, 0.6667, 0.75, 0.9583, 1.25],
            "transform": [
                [0.955504, 0.0, -0.294979, -5e-06, -0.294979, 0.0, -0.955504, 0.189469, 0.0, 1.0, 0.0, 0.532385, 0.0, 0.0, 0.0, 1.0],
                [0.955504, 0.0, -0.294979, -5e-06, -0.294979, 0.0, -0.955504, 0.189469, 0.0, 1.0, 0.0, 0.532385, 0.0, 0.0, 0.0, 1.0],
                [0.787423, 0.0, 0.616413, -5e-06, 0.616413, 0.0, -0.787423, 0.735015, 0.0, 1.0, 0.0, 0.532385, 0.0, 0.0, 0.0, 1.0],
                [-0.350949, 0.0, 0.936394, 0.061378, 0.936394, 0.0, 0.350949, 0.927098, 0.0, 1.0, 0.0, 0.423661, 0.0, 0.0, 0.0, 1.0],
                [-0.533844, 0.0, 0.845583, 0.061378, 0.845583, 0.0, 0.533844, 1.049677, 0.0, 1.0, 0.0, 0.423661, 0.0, 0.0, 0.0, 1.0],
                [-0.558281, 0.0, 0.829652, 0.061378, 0.829652, 0.0, 0.558281, 1.122749, 0.0, 1.0, 0.0, 0.423661, 0.0, 0.0, 0.0, 1.0],
                [-0.558281, 0.0, 0.829652, 0.061378, 0.829652, 0.0, 0.558281, 1.135478, 0.0, 1.0, 0.0, 0.409802, 0.0, 0.0, 0.0, 1.0],
                [-0.558281, 0.0, 0.829652, 0.061378, 0.829652, 0.0, 0.558281, 1.170172, 0.0, 1.0, 0.0, 0.423661, 0.0, 0.0, 0.0, 1.0]
            ]
        },
        {
            "name": "Thigh_R",
            "time": [0.0, 0.125, 0.1667, 0.2083, 0.25, 0.2917, 0.3333, 0.375, 0.4167, 0.4583, 0.5, 0.5417, 0.5833, 0.625, 0.6667, 0.7083, 0.75, 0.7917, 0.8333, 0.875, 0.9167, 0.9583, 1.0, 1.0417, 1.0833, 1.125, 1.1667, 1.2083, 1.25],
            "transform": [
                [0.904441, -0.40516, 0.133537, 0.124994, -0.314873, -0.422829, 0.849747, -0.002831, -0.287819, -0.810592, -0.509999, -1.2e-05, 0.0, 0.0, 0.0, 1.0],
                [0.949976, 0.181751, -0.253991, 0.124994, 0.168848, -0.983015, -0.071908, -0.002831, -0.262747, 0.025427, -0.964529, -1.2e-05, 0.0, 0.0, 0.0, 1.0],
                [0.955077, 0.183209, -0.232941, 0.124994, 0.145238, -0.974511, -0.170978, -0.002831, -0.258328, 0.129467, -0.957343, -1.2e-05, 0.0, 0.0, 0.0, 1.0],
                [0.969309, 0.14467, -0.19877, 0.124994, 0.076318, -0.945648, -0.316109, -0.002831, -0.233698, 0.29124, -0.927666, -1.2e-05, 0.0, 0.0, 0.0, 1.0],
                [0.981833, 0.042154, -0.185005, 0.124994, -0.026732, -0.934553, -0.354817, -0.002831, -0.187854, 0.353319, -0.916448, -1.2e-05, 0.0, 0.0, 0.0, 1.0],
                [0.979421, -0.097973, -0.176452, 0.124994, -0.146222, -0.947072, -0.285784, -0.002831, -0.139113, 0.305706, -0.941908, -1.2e-05, 0.0, 0.0, 0.0, 1.0],
                [0.962777, -0.230233, -0.141606, 0.124994, -0.249157, -0.959043, -0.134745, -0.002831, -0.104784, 0.165014, -0.980709, -1.2e-05, 0.0, 0.0, 0.0, 1.0],
                [0.952839, -0.296485, -0.064757, 0.124994, -0.293608, -0.954598, 0.050359, -0.002831, -0.076747, -0.028969, -0.996629, -1.2e-05, 0.0, 0.0, 0.0, 1.0],
                [0.959363, -0.2783, 0.0466, 0.124994, -0.281377, -0.931133, 0.231987, -0.002831, -0.02117, -0.23567, -0.971602, -1.2e-05, 0.0, 0.0, 0.0, 1.0],
                [0.957642, -0.222416, 0.182901, 0.124994, -0.280285, -0.865618, 0.414904, -0.002831, 0.066042, -0.448592, -0.891293, -1.2e-05, 0.0, 0.0, 0.0, 1.0],
                [0.944617, -0.120155, 0.305386, 0.124994, -0.291789, -0.73338, 0.614013, -0.002831, 0.150187, -0.669114, -0.727825, -1.2e-05, 0.0, 0.0, 0.0, 1.0],
                [0.939078, 0.017992, 0.343233, 0.124994, -0.275253, -0.558678, 0.782377, -0.002831, 0.205834, -0.829188, -0.519691, -1.2e-05, 0.0, 0.0, 0.0, 1.0],
                [0.947862, 0.114151, 0.297536, 0.124994, -0.224818, -0.422194, 0.878185, -0.002831, 0.225865, -0.899288, -0.37452, -1.2e-05, 0.0, 0.0, 0.0, 1.0],
                [0.955544, 0.141155, 0.258863, 0.124994, -0.18922, -0.379731, 0.905539, -0.002831, 0.22612, -0.914263, -0.336142, -1.2e-05, 0.0, 0.0, 0.0, 1.0],
                [0.959425, 0.151969, 0.237508, 0.124994, -0.163587, -0.386067, 0.90785, -0.002831, 0.22966, -0.909866, -0.345543, -1.2e-05, 0.0, 0.0, 0.0, 1.0],
                [0.963887, 0.167073, 0.207383, 0.124994, -0.127119, -0.395633, 0.909569, -0.002831, 0.234013, -0.903083, -0.360109, -1.2e-05, 0.0, 0.0, 0.0, 1.0],
                [0.967548, 0.184486, 0.172668, 0.124994, -0.084721, -0.406927, 0.909523, -0.002831, 0.238058, -0.894635, -0.378094, -1.2e-05, 0.0, 0.0, 0.0, 1.0],
                [0.969499, 0.201059, 0.140167, 0.124994, -0.045249, -0.415223, 0.908593, -0.002831, 0.240881, -0.887222, -0.393463, -1.2e-05, 0.0, 0.0, 0.0, 1.0],
                [0.969981, 0.210986, 0.120916, 0.124994, -0.02296, -0.415548, 0.909281, -0.002831, 0.242092, -0.884761, -0.398231, -1.2e-05, 0.0, 0.0, 0.0, 1.0],
                [0.970054, 0.217486, 0.108139, 0.124994, -0.009088, -0.412405, 0.910955, -0.002831, 0.242717, -0.884658, -0.39808, -1.2e-05, 0.0, 0.0, 0.0, 1.0],
                [0.97003, 0.220614, 0.101839, 0.124994, -0.003008, -0.408177, 0.912897, -0.002831, 0.242967, -0.885843, -0.395282, -1.2e-05, 0.0, 0.0, 0.0, 1.0],
                [0.970034, 0.220475, 0.102097, 0.124994, -0.004088, -0.405334, 0.914159, -0.002831, 0.242933, -0.887182, -0.392289, -1.2e-05, 0.0, 0.0, 0.0, 1.0],
                [0.970051, 0.217728, 0.107687, 0.124994, -0.010657, -0.404751, 0.914364, -0.002831, 0.242669, -0.888126, -0.390311, -1.2e-05, 0.0, 0.0, 0.0, 1.0],
                [0.970021, 0.214254, 0.114691, 0.124994, -0.01836, -0.405978, 0.913698, -0.002831, 0.242326, -0.888411, -0.389876, -1.2e-05, 0.0, 0.0, 0.0, 1.0],
                [0.969946, 0.21079, 0.121537, 0.124994, -0.025506, -0.408656, 0.912332, -0.002831, 0.241977, -0.888012, -0.391, -1.2e-05, 0.0, 0.0, 0.0, 1.0],
                [0.969851, 0.207735, 0.127413, 0.124994, -0.031347, -0.412143, 0.91058, -0.002831, 0.241672, -0.88712, -0.393207, -1.2e-05, 0.0, 0.0, 0.0, 1.0],
                [0.969772, 0.205502, 0.131569, 0.124994, -0.035186, -0.415778, 0.908785, -0.002831, 0.241461, -0.885943, -0.39598, -1.2e-05, 0.0, 0.0, 0.0, 1.0],
                [0.969746, 0.204515, 0.133291, 0.124994, -0.036364, -0.418896, 0.907305, -0.002831, 0.241393, -0.884702, -0.398787, -1.2e-05, 0.0, 0.0, 0.0, 1.0],
                [0.969795, 0.2052, 0.131872, 0.124994, -0.034216, -0.42084, 0.906489, -0.002831, 0.241508, -0.88362, -0.401109, -1.2e-05, 0.0, 0.0, 0.0, 1.0]
            ]
        },
        {
            "name": "Leg_R",
            "time": [0.0, 0.125, 0.1667, 0.2083, 0.25, 0.2917, 0.3333, 0.375, 0.4167, 0.4583, 0.5, 0.5417, 0.5833, 0.625, 0.6667, 0.7083, 0.75, 0.7917, 0.8333, 0.875, 0.9167, 0.9583, 1.0, 1.0417, 1.0833, 1.125, 1.1667, 1.2083, 1.25],
            "transform": [
                [1.0, -0.0001, 0.000112, -0.0, 9.9e-05, 0.999987, 0.005109, 0.37472, -0.000113, -0.005109, 0.999987, 0.0, 0.0, 0.0, 0.0, 1.0],
                [1.0, 0.000103, 1.8e-05, -0.0, -6.5e-05, 0.47086, 0.882207, 0.37472, 8.2e-05, -0.882208, 0.470861, -0.0, 0.0, 0.0, 0.0, 1.0],
                [1.0, 9.4e-05, 7e-06, -0.0, -5.9e-05, 0.563526, 0.826097, 0.37472, 7.3e-05, -0.826098, 0.563528, 0.0, 0.0, 0.0, 0.0, 1.0],
                [1.0, 5.8e-05, -5e-06, -0.0, -3.7e-05, 0.700434, 0.713717, 0.37472, 4.5e-05, -0.713717, 0.700435, -0.0, 0.0, 0.0, 0.0, 1.0],
                [1.0, 2e-06, -0.0, 0.0, -1e-06, 0.736157, 0.676811, 0.37472, 1e-06, -0.676811, 0.736158, 0.0, 0.0, 0.0, 0.0, 1.0],
                [1.0, -6.4e-05, 6e-06, 0.0, 3.9e-05, 0.680713, 0.73255, 0.37472, -5.1e-05, -0.73255, 0.680714, -0.0, 0.0, 0.0, 0.0, 1.0],
                [1.0, -0.000119, -2e-06, -0.0, 6.8e-05, 0.558059, 0.8298, 0.37472, -9.8e-05, -0.829801, 0.558061, 0.0, 0.0, 0.0, 0.0, 1.0],
                [1.0, -0.000136, -2.4e-05, 0.0, 7.6e-05, 0.399838, 0.916584, 0.37472, -0.000115, -0.916586, 0.39984, 0.0, 0.0, 0.0, 0.0, 1.0],
                [1.0, -0.000117, -4.6e-05, 0.0, 6.9e-05, 0.208615, 0.977997, 0.37472, -0.000105, -0.977999, 0.208617, -0.0, 0.0, 0.0, 0.0, 1.0],
                [1.0, -0.000104, -6.8e-05, -0.0, 6.8e-05, -0.000247, 0.999999, 0.37472, -0.000104, -1.000001, -0.000244, -0.0, 0.0, 0.0, 0.0, 1.0],
                [1.0, -9.6e-05, -9.1e-05, 0.0, 7.1e-05, -0.192902, 0.981218, 0.37472, -0.000111, -0.981219, -0.192901, -0.0, 0.0, 0.0, 0.0, 1.0],
                [1.0, -8.1e-05, -9.4e-05, 0.0, 6.4e-05, -0.318519, 0.947917, 0.37472, -0.000107, -0.947917, -0.318519, 0.0, 0.0, 0.0, 0.0, 1.0],
                [1.0, -6.1e-05, -7.6e-05, 0.0, 4.9e-05, -0.356589, 0.934262, 0.37472, -8.4e-05, -0.934261, -0.35659, -0.0, 0.0, 0.0, 0.0, 1.0],
                [1.0, -4.8e-05, -6e-05, 0.0, 3.9e-05, -0.354198, 0.935171, 0.37472, -6.6e-05, -0.93517, -0.354199, -0.0, 0.0, 0.0, 0.0, 1.0],
                [1.0, -3.9e-05, -4.9e-05, 0.0, 3.2e-05, -0.362707, 0.931904, 0.37472, -5.4e-05, -0.931903, -0.362708, -0.0, 0.0, 0.0, 0.0, 1.0],
                [1.0, -2.6e-05, -3.3e-05, -0.0, 2.1e-05, -0.372892, 0.927875, 0.37472, -3.6e-05, -0.927874, -0.372894, 0.0, 0.0, 0.0, 0.0, 1.0],
                [1.0, -1.1e-05, -1.5e-05, -0.0, 9e-06, -0.381939, 0.924188, 0.37472, -1.6e-05, -0.924187, -0.38194, 0.0, 0.0, 0.0, 0.0, 1.0],
                [1.0, 2e-06, 3e-06, -0.0, -2e-06, -0.392116, 0.919917, 0.37472, 3e-06, -0.919915, -0.392116, 0.0, 0.0, 0.0, 0.0, 1.0],
                [1.0, 1e-05, 1.2e-05, 0.0, -7e-06, -0.404449, 0.914561, 0.37472, 1.4e-05, -0.91456, -0.40445, -0.0, 0.0, 0.0, 0.0, 1.0],
                [1.0, 1.4e-05, 1.8e-05, -0.0, -1.1e-05, -0.417327, 0.908757, 0.37472, 2.1e-05, -0.908755, -0.417328, 0.0, 0.0, 0.0, 0.0, 1.0],
                [1.0, 1.6e-05, 2.1e-05, -0.0, -1.2e-05, -0.427486, 0.904023, 0.37472, 2.4e-05, -0.904021, -0.427487, 0.0, 0.0, 0.0, 0.0, 1.0],
                [1.0, 1.6e-05, 2.1e-05, 0.0, -1.2e-05, -0.431482, 0.902122, 0.37472, 2.3e-05, -0.902121, -0.431484, 0.0, 0.0, 0.0, 0.0, 1.0],
                [1.0, 1.4e-05, 1.8e-05, 0.0, -1e-05, -0.428873, 0.903365, 0.37472, 2e-05, -0.903364, -0.428875, 0.0, 0.0, 0.0, 0.0, 1.0],
                [1.0, 1.1e-05, 1.4e-05, 0.0, -8e-06, -0.422676, 0.906281, 0.37472, 1.6e-05, -0.90628, -0.422677, -0.0, 0.0, 0.0, 0.0, 1.0],
                [1.0, 9e-06, 1.1e-05, -0.0, -7e-06, -0.414339, 0.910123, 0.37472, 1.3e-05, -0.910122, -0.41434, 0.0, 0.0, 0.0, 0.0, 1.0],
                [1.0, 7e-06, 9e-06, -0.0, -5e-06, -0.405305, 0.914182, 0.37472, 1e-05, -0.914181, -0.405306, 0.0, 0.0, 0.0, 0.0, 1.0],
                [1.0, 5e-06, 7e-06, -0.0, -4e-06, -0.397074, 0.917787, 0.37472, 8e-06, -0.917786, -0.397075, 0.0, 0.0, 0.0, 0.0, 1.0],
                [1.0, 5e-06, 6e-06, -0.0, -4e-06, -0.391183, 0.920314, 0.37472, 7e-06, -0.920312, -0.391184, 0.0, 0.0, 0.0, 0.0, 1.0],
                [1.0, 6e-06, 7e-06, 0.0, -5e-06, -0.389175, 0.921165, 0.37472, 8e-06, -0.921163, -0.389176, -0.0, 0.0, 0.0, 0.0, 1.0]
            ]
        },
        {
            "name": "Knee_R",
            "time": [0.0, 0.125, 0.375, 0.5833, 0.6667, 0.75, 0.9583, 1.25],
            "transform": [
                [1.0, 0.0, -0.0, 0.0, -0.0, 1e-06, -1.0, 0.37472, -0.0, 1.0, 1e-06, 0.0, 0.0, 0.0, 0.0, 1.0],
                [1.0, 0.0, -0.0, 0.0, -0.0, 1e-06, -1.0, 0.37472, -0.0, 1.0, 1e-06, 0.0, 0.0, 0.0, 0.0, 1.0],
                [1.0, 0.0, -0.0, 0.0, -0.0, 1e-06, -1.0, 0.37472, -0.0, 1.0, 1e-06, -0.0, 0.0, 0.0, 0.0, 1.0],
                [1.0, 0.0, -0.0, 0.0, -0.0, 1e-06, -1.0, 0.37472, -0.0, 1.0, 1e-06, -0.0, 0.0, 0.0, 0.0, 1.0],
                [1.0, 0.0, -0.0, 0.0, -0.0, 1e-06, -1.0, 0.37472, -0.0, 1.0, 1e-06, 0.0, 0.0, 0.0, 0.0, 1.0],
                [1.0, 0.0, -0.0, -0.0, -0.0, 1e-06, -1.0, 0.37472, -0.0, 1.0, 1e-06, 0.0, 0.0, 0.0, 0.0, 1.0],
                [1.0, 0.0, -0.0, 0.0, -0.0, 1e-06, -1.0, 0.37472, -0.0, 1.0, 1e-06, 0.0, 0.0, 0.0, 0.0, 1.0],
                [1.0, 0.0, -0.0, 0.0, -0.0, 1e-06, -1.0, 0.37472, -0.0, 1.0, 1e-06, 0.0, 0.0, 0.0, 0.0, 1.0]
            ]
        },
        {
            "name": "Thigh_L",
            "time": [0.0, 0.125, 0.1667, 0.2083, 0.25, 0.2917, 0.3333, 0.375, 0.4167, 0.4583, 0.5, 0.5417, 0.5833, 0.625, 0.6667, 0.7083, 0.75, 0.7917, 0.8333, 0.875, 0.9167, 0.9583, 1.0, 1.0417, 1.0833, 1.125, 1.1667, 1.2083, 1.25],
            "transform": [
                [0.990203, -0.138831, -0.014941, -0.125006, -0.042042, -0.398473, 0.916215, -0.002831, -0.133153, -0.906611, -0.400408, -1.2e-05, 0.0, 0.0, 0.0, 1.0],
                [0.960256, -0.266205, -0.083927, -0.125006, -0.1971, -0.859606, 0.47141, -0.002831, -0.197635, -0.436131, -0.877912, -1.2e-05, 0.0, 0.0, 0.0, 1.0],
                [0.959171, -0.266081, -0.095874, -0.125006, -0.20136, -0.8805, 0.429154, -0.002831, -0.198606, -0.392325, -0.898129, -1.2e-05, 0.0, 0.0, 0.0, 1.0],
                [0.95397, -0.276549, -0.116027, -0.125006, -0.227848, -0.919894, 0.319184, -0.002831, -0.195003, -0.278053, -0.940564, -1.2e-05, 0.0, 0.0, 0.0, 1.0],
                [0.939443, -0.317905, -0.128001, -0.125006, -0.294991, -0.940232, 0.170124, -0.002831, -0.174433, -0.122061, -0.977074, -1.2e-05, 0.0, 0.0, 0.0, 1.0],
                [0.906244, -0.400496, -0.135374, -0.125006, -0.401789, -0.915538, 0.018831, -0.002831, -0.131481, 0.037329, -0.990616, -1.2e-05, 0.0, 0.0, 0.0, 1.0],
                [0.847378, -0.508698, -0.152239, -0.125006, -0.525005, -0.845575, -0.096806, -0.002831, -0.079484, 0.16196, -0.983591, -1.2e-05, 0.0, 0.0, 0.0, 1.0],
                [0.772867, -0.605792, -0.188927, -0.125006, -0.633058, -0.756586, -0.163752, -0.002831, -0.043738, 0.246162, -0.968241, -1.2e-05, 0.0, 0.0, 0.0, 1.0],
                [0.695951, -0.679195, -0.233125, -0.125006, -0.716903, -0.675814, -0.171245, -0.002831, -0.041239, 0.286308, -0.95725, -1.2e-05, 0.0, 0.0, 0.0, 1.0],
                [0.6355, -0.767653, -0.082756, -0.125006, -0.767776, -0.639629, 0.03734, -0.002831, -0.081595, 0.03981, -0.99587, -1.2e-05, 0.0, 0.0, 0.0, 1.0],
                [0.623111, -0.770721, 0.133122, -0.125006, -0.768117, -0.570942, 0.289862, -0.002831, -0.147396, -0.282869, -0.947765, -1.2e-05, 0.0, 0.0, 0.0, 1.0],
                [0.663089, -0.714341, 0.223677, -0.125006, -0.719671, -0.526202, 0.452972, -0.002831, -0.205876, -0.461333, -0.86301, -1.2e-05, 0.0, 0.0, 0.0, 1.0],
                [0.72494, -0.651092, 0.224815, -0.125006, -0.648251, -0.534549, 0.542243, -0.002831, -0.232874, -0.538829, -0.809588, -1.2e-05, 0.0, 0.0, 0.0, 1.0],
                [0.772083, -0.585634, 0.246819, -0.125006, -0.589705, -0.515401, 0.621778, -0.002831, -0.236922, -0.625614, -0.743286, -1.2e-05, 0.0, 0.0, 0.0, 1.0],
                [0.804211, -0.53995, 0.248394, -0.125006, -0.546593, -0.507784, 0.665875, -0.002831, -0.233408, -0.671274, -0.7035, -1.2e-05, 0.0, 0.0, 0.0, 1.0],
                [0.824434, -0.513115, 0.23879, -0.125006, -0.518193, -0.514732, 0.683027, -0.002831, -0.227558, -0.686849, -0.690257, -1.2e-05, 0.0, 0.0, 0.0, 1.0],
                [0.838689, -0.495503, 0.226001, -0.125006, -0.497681, -0.528798, 0.687521, -0.002831, -0.221159, -0.689093, -0.690101, -1.2e-05, 0.0, 0.0, 0.0, 1.0],
                [0.84629, -0.485864, 0.21847, -0.125006, -0.486307, -0.537183, 0.689158, -0.002831, -0.217478, -0.689471, -0.690893, -1.2e-05, 0.0, 0.0, 0.0, 1.0],
                [0.845785, -0.486172, 0.219735, -0.125006, -0.486874, -0.534915, 0.69052, -0.002831, -0.218171, -0.691015, -0.689129, -1.2e-05, 0.0, 0.0, 0.0, 1.0],
                [0.844303, -0.487503, 0.222468, -0.125006, -0.488991, -0.531114, 0.691956, -0.002831, -0.219174, -0.693006, -0.686808, -1.2e-05, 0.0, 0.0, 0.0, 1.0],
                [0.842656, -0.489104, 0.225184, -0.125006, -0.491357, -0.52744, 0.69309, -0.002831, -0.220221, -0.694682, -0.684777, -1.2e-05, 0.0, 0.0, 0.0, 1.0],
                [0.841617, -0.4902, 0.226682, -0.125006, -0.492859, -0.525489, 0.693506, -0.002831, -0.220836, -0.695388, -0.683861, -1.2e-05, 0.0, 0.0, 0.0, 1.0],
                [0.837677, -0.490135, 0.240967, -0.125006, -0.50468, -0.525975, 0.684578, -0.002831, -0.208792, -0.695067, -0.687959, -1.2e-05, 0.0, 0.0, 0.0, 1.0],
                [0.827996, -0.488161, 0.275902, -0.125006, -0.532134, -0.528937, 0.661103, -0.002831, -0.17679, -0.694207, -0.697726, -1.2e-05, 0.0, 0.0, 0.0, 1.0],
                [0.813385, -0.467653, 0.345984, -0.125006, -0.566481, -0.501495, 0.653911, -0.002831, -0.132294, -0.727875, -0.672827, -1.2e-05, 0.0, 0.0, 0.0, 1.0],
                [0.795488, -0.440373, 0.416258, -0.125006, -0.600212, -0.478155, 0.64118, -0.002831, -0.083321, -0.759894, -0.644685, -1.2e-05, 0.0, 0.0, 0.0, 1.0],
                [0.77764, -0.412598, 0.474382, -0.125006, -0.627552, -0.463657, 0.625459, -0.002831, -0.038111, -0.784081, -0.619487, -1.2e-05, 0.0, 0.0, 0.0, 1.0],
                [0.764506, -0.386264, 0.516071, -0.125006, -0.644598, -0.452251, 0.61641, -0.002831, -0.004702, -0.803908, -0.594735, -1.2e-05, 0.0, 0.0, 0.0, 1.0],
                [0.761222, -0.364755, 0.536185, -0.125006, -0.648425, -0.439847, 0.621352, -0.002831, 0.009199, -0.820663, -0.571339, -1.2e-05, 0.0, 0.0, 0.0, 1.0]
            ]
        },
        {
            "name": "Leg_L",
            "time": [0.0, 0.125, 0.1667, 0.2083, 0.25, 0.2917, 0.3333, 0.375, 0.4167, 0.4583, 0.5, 0.5417, 0.5833, 0.625, 0.6667, 0.7083, 0.75, 0.7917, 0.8333, 0.875, 0.9167, 0.9583, 1.0, 1.0417, 1.0833, 1.125, 1.1667, 1.2083, 1.25],
            "transform": [
                [1.0, 8e-05, 0.000129, -0.0, -0.000144, 0.2318, 0.972765, 0.37472, 4.8e-05, -0.972762, 0.231799, 0.0, 0.0, 0.0, 0.0, 1.0],
                [1.0, 3e-05, 5.7e-05, -0.0, -5.9e-05, 0.06085, 0.998148, 0.37472, 2.7e-05, -0.998147, 0.06085, 0.0, 0.0, 0.0, 0.0, 1.0],
                [1.0, 3.1e-05, 5.4e-05, -0.0, -5.7e-05, 0.084385, 0.996434, 0.37472, 2.6e-05, -0.996433, 0.084385, -0.0, 0.0, 0.0, 0.0, 1.0],
                [1.0, 2.7e-05, 4e-05, 0.0, -4.4e-05, 0.16036, 0.987059, 0.37472, 2.1e-05, -0.987058, 0.160361, -0.0, 0.0, 0.0, 0.0, 1.0],
                [1.0, 8e-06, 9e-06, 0.0, -1.1e-05, 0.297531, 0.954712, 0.37472, 5e-06, -0.954713, 0.297532, 0.0, 0.0, 0.0, 0.0, 1.0],
                [1.0, -4.2e-05, -2.7e-05, 0.0, 4.4e-05, 0.492013, 0.870587, 0.37472, -2.3e-05, -0.870588, 0.492015, -0.0, 0.0, 0.0, 0.0, 1.0],
                [1.0, -0.000118, -3.9e-05, 0.0, 0.000111, 0.714894, 0.699231, 0.37472, -5.5e-05, -0.699232, 0.714896, -0.0, 0.0, 0.0, 0.0, 1.0],
                [1.0, -0.000193, 1e-06, -0.0, 0.000176, 0.914628, 0.404296, 0.37472, -7.9e-05, -0.404296, 0.914628, -0.0, 0.0, 0.0, 0.0, 1.0],
                [1.0, -0.000193, 9.2e-05, 0.0, 0.000192, 0.999986, 0.00521, 0.37472, -9.3e-05, -0.005208, 0.999986, 0.0, 0.0, 0.0, 0.0, 1.0],
                [1.0, -0.00027, 8.3e-05, 0.0, 0.000263, 0.99765, 0.06851, 0.37472, -0.000101, -0.068509, 0.99765, -0.0, 0.0, 0.0, 0.0, 1.0],
                [1.0, -0.000284, 2.7e-05, 0.0, 0.00027, 0.971275, 0.237957, 0.37472, -9.3e-05, -0.237956, 0.971276, 0.0, 0.0, 0.0, 0.0, 1.0],
                [1.0, -0.000254, 3.3e-05, -0.0, 0.000244, 0.98509, 0.172035, 0.37472, -7.6e-05, -0.172035, 0.985091, 0.0, 0.0, 0.0, 0.0, 1.0],
                [1.0, -0.000143, 5.5e-05, -0.0, 0.000143, 0.999989, 0.004569, 0.37472, -5.5e-05, -0.004569, 0.999989, -0.0, 0.0, 0.0, 0.0, 1.0],
                [1.0, -0.000122, 4.1e-05, 0.0, 0.000122, 0.999988, 0.004872, 0.37472, -4.1e-05, -0.004872, 0.999988, 0.0, 0.0, 0.0, 0.0, 1.0],
                [1.0, -0.000107, 3.3e-05, -0.0, 0.000107, 0.999989, 0.0046, 0.37472, -3.3e-05, -0.0046, 0.999989, 0.0, 0.0, 0.0, 0.0, 1.0],
                [1.0, -8.7e-05, 2.9e-05, -0.0, 8.7e-05, 0.999988, 0.004727, 0.37472, -3e-05, -0.004727, 0.999989, -0.0, 0.0, 0.0, 0.0, 1.0],
                [1.0, -7.9e-05, 2.7e-05, -0.0, 7.9e-05, 0.999986, 0.005267, 0.37472, -2.7e-05, -0.005267, 0.999986, 0.0, 0.0, 0.0, 0.0, 1.0],
                [1.0, -7.7e-05, 2.5e-05, -0.0, 7.7e-05, 0.999985, 0.00532, 0.37472, -2.6e-05, -0.00532, 0.999985, -0.0, 0.0, 0.0, 0.0, 1.0],
                [1.0, -7.9e-05, 2.6e-05, -0.0, 7.8e-05, 0.999987, 0.005027, 0.37472, -2.7e-05, -0.005027, 0.999987, 0.0, 0.0, 0.0, 0.0, 1.0],
                [1.0, -8.3e-05, 2.7e-05, -0.0, 8.3e-05, 0.999987, 0.004993, 0.37472, -2.7e-05, -0.004992, 0.999987, 0.0, 0.0, 0.0, 0.0, 1.0],
                [1.0, -9e-05, 2.7e-05, -0.0, 9e-05, 0.999987, 0.004961, 0.37472, -2.8e-05, -0.00496, 0.999987, -0.0, 0.0, 0.0, 0.0, 1.0],
                [1.0, -9.1e-05, 2.7e-05, -0.0, 9.1e-05, 0.999987, 0.004944, 0.37472, -2.8e-05, -0.004944, 0.999988, 0.0, 0.0, 0.0, 0.0, 1.0],
                [1.0, -9e-05, 2.9e-05, -0.0, 9e-05, 0.999987, 0.005055, 0.37472, -2.9e-05, -0.005055, 0.999987, -0.0, 0.0, 0.0, 0.0, 1.0],
                [1.0, -0.000101, 3.1e-05, -0.0, 0.000101, 0.999985, 0.005359, 0.37472, -3.2e-05, -0.005359, 0.999985, 0.0, 0.0, 0.0, 0.0, 1.0],
                [1.0, -0.000133, 2.1e-05, -0.0, 0.00013, 0.994309, 0.10653, 0.37472, -3.5e-05, -0.10653, 0.994309, -0.0, 0.0, 0.0, 0.0, 1.0],
                [1.0, -0.000145, 9e-06, -0.0, 0.00014, 0.978738, 0.205114, 0.37472, -3.8e-05, -0.205114, 0.978738, -0.0, 0.0, 0.0, 0.0, 1.0],
                [1.0, -0.000153, -2e-06, 0.0, 0.000148, 0.959414, 0.281999, 0.37472, -4.1e-05, -0.281999, 0.959415, -0.0, 0.0, 0.0, 0.0, 1.0],
                [1.0, -0.000157, -1.3e-05, -0.0, 0.000151, 0.937976, 0.346701, 0.37472, -4.2e-05, -0.3467, 0.937976, -0.0, 0.0, 0.0, 0.0, 1.0],
                [1.0, -0.000156, -2.2e-05, -0.0, 0.000151, 0.915816, 0.401597, 0.37472, -4.3e-05, -0.401596, 0.915817, -0.0, 0.0, 0.0, 0.0, 1.0]
            ]
        },
        {
            "name": "Knee_L",
            "time": [0.0, 0.125, 0.375, 0.5833, 0.6667, 0.75, 0.9583, 1.25],
            "transform": [
                [1.0, 0.0, -0.0, -0.0, -0.0, 1e-06, -1.0, 0.37472, -0.0, 1.0, 1e-06, 0.0, 0.0, 0.0, 0.0, 1.0],
                [1.0, 0.0, -0.0, 0.0, -0.0, 1e-06, -1.0, 0.37472, -0.0, 1.0, 1e-06, -0.0, 0.0, 0.0, 0.0, 1.0],
                [1.0, 0.0, -0.0, -0.0, -0.0, 1e-06, -1.0, 0.37472, -0.0, 1.0, 1e-06, -0.0, 0.0, 0.0, 0.0, 1.0],
                [1.0, -0.0, -0.0, -0.0, -0.0, 1e-06, -1.0, 0.37472, -0.0, 1.0, 1e-06, -0.0, 0.0, 0.0, 0.0, 1.0],
                [1.0, 0.0, -0.0, -0.0, -0.0, 1e-06, -1.0, 0.37472, -0.0, 1.0, 1e-06, 0.0, 0.0, 0.0, 0.0, 1.0],
                [1.0, 0.0, -0.0, -0.0, -0.0, 1e-06, -1.0, 0.37472, -0.0, 1.0, 1e-06, 0.0, 0.0, 0.0, 0.0, 1.0],
                [1.0, -0.0, -0.0, 0.0, -0.0, 1e-06, -1.0, 0.37472, -0.0, 1.0, 1e-06, 0.0, 0.0, 0.0, 0.0, 1.0],
                [1.0, 0.0, -0.0, 0.0, -0.0, 1e-06, -1.0, 0.37472, -0.0, 1.0, 1e-06, 0.0, 0.0, 0.0, 0.0, 1.0]
            ]
        },
        {
            "name": "Torso",
            "time": [0.0, 0.125, 0.375, 0.5833, 0.6667, 0.75, 0.9583, 1.25],
            "transform": [
                [0.973822, -0.207141, 0.093616, -0.0, 0.064807, 0.647744, 0.759097, 0.05, -0.217879, -0.733158, 0.644211, 0.0, 0.0, 0.0, 0.0, 1.0],
                [0.973822, -0.207141, 0.093616, -0.0, 0.064807, 0.647744, 0.759097, 0.05, -0.217879, -0.733158, 0.644211, 0.0, 0.0, 0.0, 0.0, 1.0],
                [0.946919, 0.223806, -0.230771, 0.0, -0.013048, 0.744021, 0.668029, 0.05, 0.321208, -0.629558, 0.707448, 0.0, 0.0, 0.0, 0.0, 1.0],
                [0.988728, 0.148597, 0.01831, -0.0, -0.147903, 0.988391, -0.034757, 0.05, -0.023262, 0.031657, 0.999228, 0.0, 0.0, 0.0, 0.0, 1.0],
                [0.988728, 0.148597, 0.01831, -0.0, -0.147903, 0.988391, -0.034757, 0.05, -0.023262, 0.031657, 0.999228, -0.0, 0.0, 0.0, 0.0, 1.0],
                [0.988728, 0.148597, 0.01831, -0.0, -0.147903, 0.988391, -0.034757, 0.05, -0.023262, 0.031657, 0.999228, -0.0, 0.0, 0.0, 0.0, 1.0],
                [0.988728, 0.148597, 0.01831, -0.0, -0.147903, 0.988391, -0.034757, 0.05, -0.023262, 0.031657, 0.999228, 0.0, 0.0, 0.0, 0.0, 1.0],
                [0.988728, 0.148597, 0.01831, 0.0, -0.147903, 0.988391, -0.034757, 0.05, -0.023262, 0.031657, 0.999228, 0.0, 0.0, 0.0, 0.0, 1.0]
            ]
        },
        {
            "name": "Chest",
            "time": [0.0, 0.125, 0.375, 0.5833, 0.6667, 0.75, 0.9583, 1.25],
            "transform": [
                [0.841508, -0.0, -0.540244, 0.0, 0.0, 1.0, -0.0, 0.3, 0.540244, 0.0, 0.841508, 0.0, 0.0, 0.0, 0.0, 1.0],
                [0.841508, -0.0, -0.540244, 0.0, 0.0, 1.0, -0.0, 0.3, 0.540244, 0.0, 0.841508, 0.0, 0.0, 0.0, 0.0, 1.0],
                [0.680211, 0.1116, 0.724471, 0.0, 0.004144, 0.987741, -0.156046, 0.3, -0.733004, 0.109146, 0.67141, 0.0, 0.0, 0.0, 0.0, 1.0],
                [0.818197, -0.037202, 0.573734, 0.0, -0.161179, 0.943047, 0.291005, 0.3, -0.551883, -0.330573, 0.765602, 0.0, 0.0, 0.0, 0.0, 1.0],
                [0.867018, -0.188052, 0.461429, -0.0, -0.119408, 0.82065, 0.558817, 0.3, -0.483758, -0.539602, 0.689063, -0.0, 0.0, 0.0, 0.0, 1.0],
                [0.870683, -0.299289, 0.390304, -0.0, -0.045735, 0.740847, 0.670115, 0.3, -0.489714, -0.601308, 0.631355, -0.0, 0.0, 0.0, 0.0, 1.0],
                [0.870683, -0.299289, 0.390304, 0.0, -0.045735, 0.740847, 0.670115, 0.3, -0.489714, -0.601308, 0.631355, -0.0, 0.0, 0.0, 0.0, 1.0],
                [0.870683, -0.299289, 0.390304, 0.0, -0.045735, 0.740847, 0.670115, 0.3, -0.489714, -0.601308, 0.631355, -0.0, 0.0, 0.0, 0.0, 1.0]
            ]
        },
        {
            "name": "Head",
            "time": [0.0, 0.125, 0.375, 0.5833, 0.6667, 0.75, 0.9583, 1.25],
            "transform": [
                [0.717493, 0.317495, 0.62, -0.0, 0.182271, 0.773494, -0.60703, 0.4, -0.672295, 0.548547, 0.497107, 0.0, 0.0, 0.0, 0.0, 1.0],
                [0.717493, 0.317495, 0.62, -0.0, 0.182271, 0.773494, -0.60703, 0.4, -0.672295, 0.548547, 0.497107, 0.0, 0.0, 0.0, 0.0, 1.0],
                [0.415395, -0.403507, -0.815248, -0.0, -0.036319, 0.888159, -0.4581, 0.4, 0.908916, 0.219901, 0.354282, 0.0, 0.0, 0.0, 0.0, 1.0],
                [0.905902, -0.114494, -0.407716, -0.0, 0.142099, 0.989124, 0.037965, 0.4, 0.398935, -0.092329, 0.912319, -0.0, 0.0, 0.0, 0.0, 1.0],
                [0.975744, -0.113523, -0.187178, 0.0, 0.128695, 0.989142, 0.070963, 0.4, 0.177089, -0.09333, 0.97976, 0.0, 0.0, 0.0, 0.0, 1.0],
                [0.984429, -0.114494, -0.133379, 0.0, 0.125444, 0.989124, 0.076793, 0.4, 0.123136, -0.092329, 0.988085, -0.0, 0.0, 0.0, 0.0, 1.0],
                [0.984429, -0.114494, -0.133379, 0.0, 0.125444, 0.989124, 0.076793, 0.4, 0.123136, -0.092329, 0.988085, 0.0, 0.0, 0.0, 0.0, 1.0],
                [0.984429, -0.114494, -0.133379, 0.0, 0.125444, 0.989124, 0.076793, 0.4, 0.123136, -0.092329, 0.988085, -0.0, 0.0, 0.0, 0.0, 1.0]
            ]
        },
        {
            "name": "Shoulder_R",
            "time": [0.0, 0.125, 0.375, 0.5833, 0.6667, 0.75, 0.9583, 1.25],
            "transform": [
                [0.045019, 0.865863, 0.49825, -0.0, -0.127292, -0.489719, 0.862538, 0.4, 0.990843, -0.102254, 0.088171, 0.0, 0.0, 0.0, 0.0, 1.0],
                [0.045019, 0.865863, 0.49825, -0.0, -0.127292, -0.489719, 0.862538, 0.4, 0.990843, -0.102254, 0.088171, 0.0, 0.0, 0.0, 0.0, 1.0],
                [-0.243882, 0.96972, 0.012828, -0.0, 0.066428, 0.003508, 0.997785, 0.4, 0.967527, 0.244194, -0.065272, 0.0, 0.0, 0.0, 0.0, 1.0],
                [-0.298703, 0.945502, 0.129625, -0.0, -0.061324, -0.154561, 0.986078, 0.4, 0.952374, 0.286595, 0.10415, -0.0, 0.0, 0.0, 0.0, 1.0],
                [-0.166295, 0.953647, 0.250806, 0.0, -0.051132, -0.262345, 0.963619, 0.4, 0.984749, 0.147421, 0.092388, 0.0, 0.0, 0.0, 0.0, 1.0],
                [0.042834, 0.98346, 0.175988, 0.0, 0.001395, -0.176209, 0.984352, 0.4, 0.999081, -0.041918, -0.00892, -0.0, 0.0, 0.0, 0.0, 1.0],
                [0.042834, 0.98346, 0.175988, 0.0, 0.001395, -0.176209, 0.984352, 0.4, 0.999081, -0.041918, -0.00892, 0.0, 0.0, 0.0, 0.0, 1.0],
                [0.042834, 0.98346, 0.175988, 0.0, 0.001395, -0.176209, 0.984352, 0.4, 0.999081, -0.041918, -0.00892, -0.0, 0.0, 0.0, 0.0, 1.0]
            ]
        },
        {
            "name": "Arm_R",
            "time": [0.0, 0.125, 0.375, 0.5833, 0.6667, 0.75, 0.9583, 1.25],
            "transform": [
                [0.306259, 0.400491, -0.863604, -0.0, 0.411683, 0.762254, 0.499485, 0.39386, 0.858326, -0.508503, 0.068572, -0.0, 0.0, 0.0, 0.0, 1.0],
                [0.306259, 0.400491, -0.863604, -0.0, 0.411683, 0.762254, 0.499485, 0.39386, 0.858326, -0.508503, 0.068572, -0.0, 0.0, 0.0, 0.0, 1.0],
                [0.692802, 0.687569, 0.217427, 0.0, -0.717662, 0.686912, 0.114514, 0.393861, -0.070617, -0.235375, 0.969336, -0.0, 0.0, 0.0, 0.0, 1.0],
                [0.812054, -0.354798, -0.463343, 0.0, 0.181353, 0.908075, -0.377506, 0.39386, 0.554688, 0.222527, 0.80175, 0.0, 0.0, 0.0, 0.0, 1.0],
                [0.351871, -0.81784, -0.455329, 0.0, 0.009011, 0.489374, -0.872027, 0.39386, 0.936005, 0.302738, 0.179566, 0.0, 0.0, 0.0, 0.0, 1.0],
                [0.122077, -0.977028, -0.174683, -0.0, -0.327801, 0.126434, -0.936249, 0.393861, 0.936826, 0.171556, -0.304836, 0.0, 0.0, 0.0, 0.0, 1.0],
                [0.122077, -0.984301, -0.127468, 0.0, -0.327801, 0.081238, -0.941248, 0.393861, 0.936826, 0.156689, -0.312738, -0.0, 0.0, 0.0, 0.0, 1.0],
                [0.122077, -0.977028, -0.174683, 0.0, -0.327801, 0.126434, -0.936249, 0.39386, 0.936826, 0.171556, -0.304836, 0.0, 0.0, 0.0, 0.0, 1.0]
            ]
        },
        {
            "name": "Hand_R",
            "time": [0.0, 0.125, 0.375, 0.5833, 0.6667, 0.75, 0.9583, 1.25],
            "transform": [
                [1.0, 0.0, 0.0, -0.0, -0.0, 0.967757, -0.251886, 0.3, -0.0, 0.251886, 0.967757, 0.0, 0.0, 0.0, 0.0, 1.0],
                [1.0, 0.0, 0.0, -0.0, -0.0, 0.967757, -0.251886, 0.3, -0.0, 0.251886, 0.967757, 0.0, 0.0, 0.0, 0.0, 1.0],
                [1.0, 0.0, 0.0, 0.0, -0.0, 0.967757, -0.251886, 0.3, -0.0, 0.251886, 0.967757, 0.0, 0.0, 0.0, 0.0, 1.0],
                [1.0, 0.0, 0.0, -0.0, -0.0, 0.997642, -0.068635, 0.3, -0.0, 0.068635, 0.997642, 0.0, 0.0, 0.0, 0.0, 1.0],
                [1.0, 0.0, 0.0, -0.0, -0.0, 0.997642, -0.068635, 0.3, -0.0, 0.068635, 0.997642, -0.0, 0.0, 0.0, 0.0, 1.0],
                [1.0, 0.0, 0.0, -0.0, -0.0, 0.997642, -0.068635, 0.3, -0.0, 0.068635, 0.997642, 0.0, 0.0, 0.0, 0.0, 1.0],
                [1.0, 0.0, 0.0, -0.0, -0.0, 0.997642, -0.068635, 0.3, -0.0, 0.068635, 0.997642, 0.0, 0.0, 0.0, 0.0, 1.0],
                [1.0, 0.0, 0.0, -0.0, -0.0, 0.997642, -0.068635, 0.3, -0.0, 0.068635, 0.997642, -0.0, 0.0, 0.0, 0.0, 1.0]
            ]
        },
        {
            "name": "Tool_R",
            "time": [0.0, 0.125, 0.375, 0.5833, 0.6667, 0.75, 0.9583, 1.25],
            "transform": [
                [1.0, -0.0, -1e-06, -0.0, 0.0, 0.999892, 0.014665, 0.272858, 1e-06, -0.014645, 0.999297, 0.0, 0.0, 0.0, 0.0, 1.0],
                [1.0, -0.0, -1e-06, -0.0, 0.0, 0.999892, 0.014665, 0.272858, 1e-06, -0.014645, 0.999297, 0.0, 0.0, 0.0, 0.0, 1.0],
                [0.442518, -0.293668, -0.847312, -0.0, 0.100988, 0.955168, -0.278308, 0.272858, 0.890525, 0.037576, 0.452064, 0.0, 0.0, 0.0, 0.0, 1.0],
                [0.416021, -0.327385, -0.848378, -0.0, 0.034224, 0.937921, -0.345156, 0.272858, 0.90817, 0.114499, 0.401156, -0.0, 0.0, 0.0, 0.0, 1.0],
                [0.935072, -0.268194, -0.231758, 0.0, -0.15845, 0.268605, -0.950129, 0.272858, 0.316879, 0.924613, 0.208535, -0.0, 0.0, 0.0, 0.0, 1.0],
                [0.960259, -0.242695, -0.137846, 0.0, -0.25379, -0.553689, -0.793107, 0.272858, 0.116087, 0.796092, -0.592934, -0.0, 0.0, 0.0, 0.0, 1.0],
                [0.960259, -0.242695, -0.137846, 0.0, -0.25379, -0.553689, -0.793107, 0.272858, 0.116087, 0.796092, -0.592934, -0.0, 0.0, 0.0, 0.0, 1.0],
                [0.960259, -0.242695, -0.137846, 0.0, -0.25379, -0.553689, -0.793107, 0.272858, 0.116087, 0.796092, -0.592934, -0.0, 0.0, 0.0, 0.0, 1.0]
            ]
        },
        {
            "name": "Elbow_R",
            "time": [0.0, 0.125, 0.375, 0.5833, 0.6667, 0.75, 0.9583, 1.25],
            "transform": [
                [-1.0, 0.0, -0.0, -0.0, 0.0, -0.0, -1.0, 0.3, -0.0, -1.0, -0.0, 0.0, 0.0, 0.0, 0.0, 1.0],
                [-1.0, 0.0, -0.0, -0.0, 0.0, -0.0, -1.0, 0.3, -0.0, -1.0, -0.0, 0.0, 0.0, 0.0, 0.0, 1.0],
                [-1.0, 0.0, -0.0, 0.0, 0.0, 0.0, -1.0, 0.3, -0.0, -1.0, -0.0, 0.0, 0.0, 0.0, 0.0, 1.0],
                [-1.0, 0.0, -0.0, -0.0, 0.0, -0.0, -1.0, 0.3, -0.0, -1.0, -0.0, 0.0, 0.0, 0.0, 0.0, 1.0],
                [-1.0, 0.0, -0.0, -0.0, 0.0, 0.0, -1.0, 0.3, -0.0, -1.0, -0.0, -0.0, 0.0, 0.0, 0.0, 1.0],
                [-1.0, 0.0, -0.0, -0.0, 0.0, 0.0, -1.0, 0.3, -0.0, -1.0, -0.0, 0.0, 0.0, 0.0, 0.0, 1.0],
                [-1.0, 0.0, -0.0, -0.0, 0.0, 0.0, -1.0, 0.3, -0.0, -1.0, 0.0, 0.0, 0.0, 0.0, 0.0, 1.0],
                [-1.0, 0.0, -0.0, -0.0, 0.0, 0.0, -1.0, 0.3, -0.0, -1.0, -0.0, -0.0, 0.0, 0.0, 0.0, 1.0]
            ]
        },
        {
            "name": "Shoulder_L",
            "time": [0.0, 0.125, 0.375, 0.5833, 0.6667, 0.75, 0.9583, 1.25],
            "transform": [
                [-0.0, -0.952114, -0.305743, -0.0, 0.0, -0.305743, 0.952114, 0.4, -1.0, -0.0, 0.0, 0.0, 0.0, 0.0, 0.0, 1.0],
                [-0.0, -0.952114, -0.305743, -0.0, 0.0, -0.305743, 0.952114, 0.4, -1.0, -0.0, 0.0, 0.0, 0.0, 0.0, 0.0, 1.0],
                [0.485901, -0.859087, -0.160839, -0.0, -0.318239, -0.345292, 0.882892, 0.4, -0.814018, -0.377812, -0.441173, 0.0, 0.0, 0.0, 0.0, 1.0],
                [0.4859, -0.859088, -0.160839, -0.0, -0.318239, -0.345292, 0.882892, 0.4, -0.814018, -0.377812, -0.441173, -0.0, 0.0, 0.0, 0.0, 1.0],
                [0.4859, -0.859087, -0.160839, 0.0, -0.318239, -0.345292, 0.882891, 0.4, -0.814018, -0.377812, -0.441173, 0.0, 0.0, 0.0, 0.0, 1.0],
                [0.4859, -0.859087, -0.160839, 0.0, -0.318239, -0.345292, 0.882892, 0.4, -0.814018, -0.377812, -0.441173, -0.0, 0.0, 0.0, 0.0, 1.0],
                [0.4859, -0.859087, -0.160839, 0.0, -0.318239, -0.345292, 0.882892, 0.4, -0.814018, -0.377812, -0.441173, 0.0, 0.0, 0.0, 0.0, 1.0],
                [0.4859, -0.859087, -0.160839, 0.0, -0.318239, -0.345292, 0.882892, 0.4, -0.814018, -0.377812, -0.441173, -0.0, 0.0, 0.0, 0.0, 1.0]
            ]
        },
        {
            "name": "Arm_L",
            "time": [0.0, 0.125, 0.375, 0.75, 0.9583, 1.25],
            "transform": [
                [0.740995, 0.144792, 0.655715, 0.0, -0.523307, 0.736425, 0.428752, 0.39386, -0.420805, -0.660843, 0.621458, 0.0, 0.0, 0.0, 0.0, 1.0],
                [0.740995, 0.144792, 0.655715, 0.0, -0.523307, 0.736425, 0.428752, 0.39386, -0.420805, -0.660843, 0.621458, 0.0, 0.0, 0.0, 0.0, 1.0],
                [0.740995, 0.144792, 0.655715, 0.0, -0.523307, 0.736425, 0.428752, 0.39386, -0.420805, -0.660843, 0.621458, -0.0, 0.0, 0.0, 0.0, 1.0],
                [0.598195, 0.733735, 0.322173, -0.0, -0.502346, 0.656588, -0.56262, 0.39386, -0.624349, 0.174714, 0.761356, 0.0, 0.0, 0.0, 0.0, 1.0],
                [0.598195, 0.733735, 0.322173, -0.0, -0.502346, 0.656588, -0.56262, 0.39386, -0.624349, 0.174714, 0.761356, -0.0, 0.0, 0.0, 0.0, 1.0],
                [0.598195, 0.733735, 0.322173, -0.0, -0.502346, 0.656588, -0.56262, 0.39386, -0.624349, 0.174714, 0.761356, 0.0, 0.0, 0.0, 0.0, 1.0]
            ]
        },
        {
            "name": "Hand_L",
            "time": [0.0, 0.125, 0.375, 0.75, 0.9583, 1.25],
            "transform": [
                [1.0, 0.0, 0.0, -0.0, 0.0, 0.809783, -0.58673, 0.3, -0.0, 0.58673, 0.809783, 0.0, 0.0, 0.0, 0.0, 1.0],
                [1.0, 0.0, 0.0, -0.0, 0.0, 0.809783, -0.58673, 0.3, -0.0, 0.58673, 0.809783, 0.0, 0.0, 0.0, 0.0, 1.0],
                [1.0, -0.0, 0.0, 0.0, 0.0, 0.293636, -0.955917, 0.3, 0.0, 0.955917, 0.293636, -0.0, 0.0, 0.0, 0.0, 1.0],
                [1.0, -0.0, -0.0, -0.0, -0.0, -0.054832, -0.998496, 0.3, 0.0, 0.998496, -0.054832, 0.0, 0.0, 0.0, 0.0, 1.0],
                [1.0, -0.0, -0.0, 0.0, -0.0, -0.054832, -0.998496, 0.3, 0.0, 0.998496, -0.054832, 0.0, 0.0, 0.0, 0.0, 1.0],
                [1.0, -0.0, -0.0, -0.0, -0.0, -0.054832, -0.998496, 0.3, 0.0, 0.998496, -0.054832, 0.0, 0.0, 0.0, 0.0, 1.0]
            ]
        },
        {
            "name": "Tool_L",
            "time": [0.0, 0.125, 0.375, 0.5833, 0.6667, 0.75, 0.9583, 1.25],
            "transform": [
                [1.0, -0.0, 0.0, -0.0, -0.0, -0.999836, 0.018122, 0.272858, 0.0, -0.018122, -0.999239, -0.0, 0.0, 0.0, 0.0, 1.0],
                [1.0, -0.0, 0.0, -0.0, -0.0, -0.999836, 0.018122, 0.272858, 0.0, -0.018122, -0.999239, -0.0, 0.0, 0.0, 0.0, 1.0],
                [1.0, -0.0, 0.0, -0.0, -0.0, -0.999836, 0.018122, 0.272858, 0.0, -0.018122, -0.999239, 0.0, 0.0, 0.0, 0.0, 1.0],
                [1.0, 0.0, 0.0, 0.0, -0.0, -0.999836, 0.018122, 0.272858, 0.0, -0.018122, -0.999239, 0.0, 0.0, 0.0, 0.0, 1.0],
                [1.0, 0.0, 0.0, -0.0, 0.0, -0.999836, 0.018122, 0.272858, 0.0, -0.018122, -0.999239, -0.0, 0.0, 0.0, 0.0, 1.0],
                [1.0, 0.0, 0.0, -0.0, -0.0, -0.999836, 0.018122, 0.272858, 0.0, -0.018122, -0.999239, -0.0, 0.0, 0.0, 0.0, 1.0],
                [1.0, 0.0, 0.0, -0.0, -0.0, -0.999836, 0.018122, 0.272858, 0.0, -0.018122, -0.999239, 0.0, 0.0, 0.0, 0.0, 1.0],
                [1.0, 0.0, 0.0, -0.0, -0.0, -0.999836, 0.018122, 0.272858, 0.0, -0.018122, -0.999239, 0.0, 0.0, 0.0, 0.0, 1.0]
            ]
        },
        {
            "name": "Elbow_L",
            "time": [0.0, 0.125, 0.375, 0.5833, 0.6667, 0.75, 0.9583, 1.25],
            "transform": [
                [-1.0, 0.0, -0.0, -0.0, 0.0, -0.0, -1.0, 0.3, -0.0, -1.0, 0.0, 0.0, 0.0, 0.0, 0.0, 1.0],
                [-1.0, 0.0, -0.0, -0.0, 0.0, -0.0, -1.0, 0.3, -0.0, -1.0, 0.0, 0.0, 0.0, 0.0, 0.0, 1.0],
                [-1.0, 0.0, -0.0, 0.0, 0.0, -0.0, -1.0, 0.3, -0.0, -1.0, 0.0, -0.0, 0.0, 0.0, 0.0, 1.0],
                [-1.0, 0.0, 0.0, -0.0, 0.0, -0.0, -1.0, 0.3, -0.0, -1.0, 0.0, -0.0, 0.0, 0.0, 0.0, 1.0],
                [-1.0, 0.0, 0.0, 0.0, 0.0, -0.0, -1.0, 0.3, -0.0, -1.0, 0.0, -0.0, 0.0, 0.0, 0.0, 1.0],
                [-1.0, 0.0, -0.0, -0.0, 0.0, -0.0, -1.0, 0.3, -0.0, -1.0, 0.0, 0.0, 0.0, 0.0, 0.0, 1.0],
                [-1.0, 0.0, -0.0, 0.0, 0.0, -0.0, -1.0, 0.3, -0.0, -1.0, 0.0, 0.0, 0.0, 0.0, 0.0, 1.0],
                [-1.0, 0.0, -0.0, -0.0, 0.0, -0.0, -1.0, 0.3, -0.0, -1.0, 0.0, 0.0, 0.0, 0.0, 0.0, 1.0]
            ]
        }
    ]
}