{
    "animation": [
        {
            "name": "Root",
            "time": [0.0, 1.0, 2.6667],
            "transform": [
                [0.731354, -0.0, -0.681998, -5e-06, -0.681998, 0.0, -0.731354, 0.000946, 0.0, 1.0, -0.0, 0.743735, 0.0, 0.0, 0.0, 1.0],
                [0.731354, -0.0, -0.681998, -5e-06, -0.681998, 0.0, -0.731354, 0.000946, 0.0, 1.0, -0.0, 0.762258, 0.0, 0.0, 0.0, 1.0],
                [0.731354, -0.0, -0.681998, -5e-06, -0.681998, 0.0, -0.731354, 0.000946, 0.0, 1.0, -0.0, 0.743735, 0.0, 0.0, 0.0, 1.0]
            ]
        },
        {
            "name": "Thigh_R",
            "time": [0.0, 1.0, 2.6667],
            "transform": [
                [0.978118, 0.135545, 0.157831, 0.124994, 0.132366, -0.990729, 0.030531, -0.002831, 0.160507, -0.008972, -0.986994, -1.2e-05, 0.0, 0.0, 0.0, 1.0],
                [0.979669, 0.114479, 0.164747, 0.124393, 0.119713, -0.99256, -0.022167, -0.015761, 0.160983, 0.041439, -0.986087, -0.000657, 0.0, 0.0, 0.0, 1.0],
                [0.978118, 0.135545, 0.157831, 0.124994, 0.132366, -0.990729, 0.030531, -0.002831, 0.160507, -0.008972, -0.986994, -1.2e-05, 0.0, 0.0, 0.0, 1.0]
            ]
        },
        {
            "name": "Leg_R",
            "time": [0.0, 1.0, 2.6667],
            "transform": [
                [0.999072, -0.042806, -0.005004, -0.0, 0.04278, 0.970902, 0.235634, 0.37472, -0.005228, -0.235628, 0.97183, -0.0, 0.0, 0.0, 0.0, 1.0],
                [0.999666, -0.025853, -0.001528, -0.0, 0.025821, 0.990403, 0.135786, 0.37472, -0.001997, -0.135779, 0.990738, -0.0, 0.0, 0.0, 0.0, 1.0],
                [0.999072, -0.042806, -0.005004, -0.0, 0.04278, 0.970902, 0.235634, 0.37472, -0.005228, -0.235628, 0.97183, -0.0, 0.0, 0.0, 0.0, 1.0]
            ]
        },
        {
            "name": "Knee_R",
            "time": [0.0, 1.0, 2.6667],
            "transform": [
                [0.999767, -0.021556, -0.001233, -0.0, 0.001335, 0.118683, -0.992932, 0.37472, 0.02155, 0.992698, 0.118684, -0.0, 0.0, 0.0, 0.0, 1.0],
                [0.999916, -0.012953, -0.000329, -0.0, 0.000553, 0.068056, -0.997681, 0.37472, 0.012946, 0.997598, 0.068057, -0.0, 0.0, 0.0, 0.0, 1.0],
                [0.999767, -0.021556, -0.001233, -0.0, 0.001335, 0.118683, -0.992932, 0.37472, 0.02155, 0.992698, 0.118684, -0.0, 0.0, 0.0, 0.0, 1.0]
            ]
        },
        {
            "name": "Thigh_L",
            "time": [0.0, 1.0, 2.6667],
            "transform": [
                [0.967329, -0.111243, -0.227817, -0.125006, -0.069439, -0.980485, 0.183925, -0.002831, -0.243832, -0.162097, -0.956175, -1.2e-05, 0.0, 0.0, 0.0, 1.0],
                [0.968259, -0.090346, -0.233053, -0.125607, -0.05915, -0.988728, 0.137548, -0.015761, -0.242853, -0.119397, -0.962687, -0.000657, 0.0, 0.0, 0.0, 1.0],
                [0.967329, -0.111243, -0.227817, -0.125006, -0.069439, -0.980485, 0.183925, -0.002831, -0.243832, -0.162097, -0.956175, -1.2e-05, 0.0, 0.0, 0.0, 1.0]
            ]
        },
        {
            "name": "Leg_L",
            "time": [0.0, 1.0, 2.6667],
            "transform": [
                [0.999371, 0.034874, 0.0063, -0.0, -0.035209, 0.95689, 0.288304, 0.37472, 0.004026, -0.288346, 0.957516, 0.0, 0.0, 0.0, 0.0, 1.0],
                [0.99969, 0.024666, 0.003275, -0.0, -0.024838, 0.981369, 0.190516, 0.37472, 0.001485, -0.190538, 0.981677, 0.0, 0.0, 0.0, 0.0, 1.0],
                [0.999371, 0.034874, 0.0063, -0.0, -0.035209, 0.95689, 0.288304, 0.37472, 0.004026, -0.288346, 0.957516, 0.0, 0.0, 0.0, 0.0, 1.0]
            ]
        },
        {
            "name": "Knee_L",
            "time": [0.0, 1.0, 2.6667],
            "transform": [
                [0.999842, 0.017671, 0.00187, -0.0, -0.000725, 0.145749, -0.989322, 0.37472, -0.017755, 0.989164, 0.145738, 0.0, 0.0, 0.0, 0.0, 1.0],
                [0.999922, 0.012412, 0.001044, -0.0, -0.000149, 0.095715, -0.995409, 0.37472, -0.012455, 0.995331, 0.095709, 0.0, 0.0, 0.0, 0.0, 1.0],
                [0.999842, 0.017671, 0.00187, -0.0, -0.000725, 0.145749, -0.989322, 0.37472, -0.017755, 0.989164, 0.145738, 0.0, 0.0, 0.0, 0.0, 1.0]
            ]
        },
        {
            "name": "Torso",
            "time": [0.0, 1.0, 2.6667],
            "transform": [
                [0.991907, -0.041629, -0.119948, -0.0, 0.043531, 0.998964, 0.013283, 0.05, 0.119271, -0.018397, 0.992691, -0.0, 0.0, 0.0, 0.0, 1.0],
                [0.992027, -0.039266, -0.119758, 0.0, 0.037816, 0.999182, -0.014358, 0.05, 0.120223, 0.009715, 0.992699, -0.0, 0.0, 0.0, 0.0, 1.0],
                [0.991907, -0.041629, -0.119948, -0.0, 0.043531, 0.998964, 0.013283, 0.05, 0.119271, -0.018397, 0.992691, -0.0, 0.0, 0.0, 0.0, 1.0]
            ]
        },
        {
            "name": "Chest",
            "time": [0.0, 1.0, 2.6667],
            "transform": [
                [0.862121, -0.002923, -0.506694, 0.0, -0.015575, 0.999358, -0.032265, 0.3, 0.506463, 0.035709, 0.861522, 0.0, 0.0, 0.0, 0.0, 1.0],
                [0.862685, -0.01175, -0.505605, 0.0, 0.007375, 0.999916, -0.010654, 0.3, 0.505687, 0.005463, 0.8627, 0.0, 0.0, 0.0, 0.0, 1.0],
                [0.862121, -0.002923, -0.506694, 0.0, -0.015575, 0.999358, -0.032265, 0.3, 0.506463, 0.035709, 0.861522, 0.0, 0.0, 0.0, 0.0, 1.0]
            ]
        },
        {
            "name": "Head",
            "time": [0.0, 1.0, 2.6667],
            "transform": [
                [0.185423, -0.039893, 0.981849, 0.0, -0.047423, 0.997648, 0.049491, 0.4, -0.981514, -0.055739, 0.183095, -0.0, 0.0, 0.0, 0.0, 1.0],
                [0.185421, -0.03586, 0.982004, -0.0, -0.047494, 0.997839, 0.045406, 0.4, -0.981511, -0.055059, 0.183317, 0.0, 0.0, 0.0, 0.0, 1.0],
                [0.185423, -0.039893, 0.981849, 0.0, -0.047423, 0.997648, 0.049491, 0.4, -0.981514, -0.055739, 0.183095, -0.0, 0.0, 0.0, 0.0, 1.0]
            ]
        },
        {
            "name": "Shoulder_R",
            "time": [0.0, 1.0, 2.6667],
            "transform": [
                [0.002855, 0.952781, 0.303644, 0.0, 0.010067, -0.303657, 0.952728, 0.4, 0.999946, 0.000337, -0.010458, -0.0, 0.0, 0.0, 0.0, 1.0],
                [0.002855, 0.952781, 0.303644, -0.0, 0.010067, -0.303657, 0.952728, 0.4, 0.999946, 0.000337, -0.010458, 0.0, 0.0, 0.0, 0.0, 1.0],
                [0.002855, 0.952781, 0.303644, 0.0, 0.010067, -0.303657, 0.952728, 0.4, 0.999946, 0.000337, -0.010458, -0.0, 0.0, 0.0, 0.0, 1.0]
            ]
        },
        {
            "name": "Arm_R",
            "time": [0.0, 0.4833, 1.0, 1.8667, 2.6667],
            "transform": [
                [-0.048956, -0.146284, -0.98803, -1.9e-05, 0.765802, 0.62956, -0.131155, 0.388502, 0.64121, -0.763056, 0.081204, -0.00091, 0.0, 0.0, 0.0, 1.0],
                [-0.048956, -0.132249, -0.990007, 0.000416, 0.765802, 0.631357, -0.122208, 0.391357, 0.64121, -0.764132, 0.070368, -0.012189, 0.0, 0.0, 0.0, 1.0],
                [-0.048956, -0.118188, -0.991784, -1.9e-05, 0.765802, 0.633028, -0.113237, 0.388502, 0.64121, -0.765053, 0.059518, -0.00091, 0.0, 0.0, 0.0, 1.0],
                [-0.048956, -0.13381, -0.989797, -0.00038, 0.765802, 0.631164, -0.123204, 0.386182, 0.64121, -0.76402, 0.071573, 0.007221, 0.0, 0.0, 0.0, 1.0],
                [-0.048956, -0.146284, -0.98803, -1.9e-05, 0.765802, 0.62956, -0.131155, 0.388502, 0.64121, -0.763056, 0.081204, -0.00091, 0.0, 0.0, 0.0, 1.0]
            ]
        },
        {
            "name": "Hand_R",
            "time": [0.0, 1.0, 2.6667],
            "transform": [
                [0.998012, -0.061827, -0.012217, -0.0, 0.058542, 0.981255, -0.18361, 0.329779, 0.02334, 0.182529, 0.982923, -0.0, 0.0, 0.0, 0.0, 1.0],
                [0.998012, -0.062295, -0.009552, 0.0, 0.058542, 0.972468, -0.225564, 0.329779, 0.02334, 0.224556, 0.974181, -0.0, 0.0, 0.0, 0.0, 1.0],
                [0.998012, -0.061827, -0.012217, -0.0, 0.058542, 0.981255, -0.18361, 0.329779, 0.02334, 0.182529, 0.982923, -0.0, 0.0, 0.0, 0.0, 1.0]
            ]
        },
        {
            "name": "Tool_R",
            "time": [0.0, 1.0, 2.6667],
            "transform": [
                [-0.173649, 0.984808, -0.0, -0.02, 0.696365, 0.122788, -0.707107, -0.132839, -0.696364, -0.122788, -0.707107, -0.282843, 0.0, 0.0, 0.0, 1.0],
                [-0.173649, 0.984808, -0.0, -0.02, 0.696365, 0.122788, -0.707107, -0.132839, -0.696364, -0.122788, -0.707107, -0.282843, 0.0, 0.0, 0.0, 1.0],
                [-0.173649, 0.984808, -0.0, -0.02, 0.696365, 0.122788, -0.707107, -0.132839, -0.696364, -0.122788, -0.707107, -0.282843, 0.0, 0.0, 0.0, 1.0]
            ]
        },
        {
            "name": "Elbow_R",
            "time": [0.0, 1.0, 2.6667],
            "transform": [
                [-1.0, -0.0, -1e-06, -0.0, 0.0, 0.091676, -0.99579, 0.329779, 0.0, -0.995789, -0.091676, -0.0, 0.0, 0.0, 0.0, 1.0],
                [-1.0, 0.0, -0.0, 0.0, 0.0, 0.113033, -0.993592, 0.329779, 0.0, -0.993591, -0.113033, -0.0, 0.0, 0.0, 0.0, 1.0],
                [-1.0, -0.0, -1e-06, -0.0, 0.0, 0.091676, -0.99579, 0.329779, 0.0, -0.995789, -0.091676, -0.0, 0.0, 0.0, 0.0, 1.0]
            ]
        },
        {
            "name": "Shoulder_L",
            "time": [0.0, 1.0, 2.6667],
            "transform": [
                [-0.165302, -0.938332, -0.303659, 0.0, -0.052691, -0.299052, 0.952781, 0.4, -0.984835, 0.173496, -7e-06, -0.0, 0.0, 0.0, 0.0, 1.0],
                [-0.165302, -0.938332, -0.303659, -0.0, -0.052691, -0.299052, 0.952781, 0.4, -0.984834, 0.173496, -7e-06, 0.0, 0.0, 0.0, 0.0, 1.0],
                [-0.165302, -0.938332, -0.303659, 0.0, -0.052691, -0.299052, 0.952781, 0.4, -0.984835, 0.173496, -7e-06, -0.0, 0.0, 0.0, 0.0, 1.0]
            ]
        },
        {
            "name": "Arm_L",
            "time": [0.0, 0.4833, 1.0, 1.8667, 2.6667],
            "transform": [
                [-0.097803, -0.084798, 0.991587, 1.9e-05, -0.900463, 0.431826, -0.051887, 0.388503, -0.423793, -0.897962, -0.118591, -0.000909, 0.0, 0.0, 0.0, 1.0],
                [-0.097803, -0.112437, 0.988834, 0.00023, -0.900463, 0.433106, -0.039815, 0.392713, -0.423793, -0.894302, -0.143605, -0.011762, 0.0, 0.0, 0.0, 1.0],
                [-0.097803, -0.13999, 0.985311, 1.9e-05, -0.900463, 0.434048, -0.027713, 0.388503, -0.423793, -0.889946, -0.168507, -0.000909, 0.0, 0.0, 0.0, 1.0],
                [-0.097803, -0.10937, 0.989178, -4.8e-05, -0.900463, 0.43298, -0.041158, 0.385671, -0.423793, -0.894743, -0.140831, 0.007066, 0.0, 0.0, 0.0, 1.0],
                [-0.097803, -0.084798, 0.991587, 1.9e-05, -0.900463, 0.431826, -0.051887, 0.388503, -0.423793, -0.897962, -0.118591, -0.000909, 0.0, 0.0, 0.0, 1.0]
            ]
        },
        {
            "name": "Hand_L",
            "time": [0.0, 1.0, 2.6667],
            "transform": [
                [1.0, 0.0, 0.0, 0.0, -0.0, 0.993491, -0.113907, 0.329779, -0.0, 0.113907, 0.99349, -0.0, 0.0, 0.0, 0.0, 1.0],
                [0.999999, 0.0, 0.0, 0.0, -0.0, 0.972084, -0.234633, 0.329779, -0.0, 0.234632, 0.972083, 0.0, 0.0, 0.0, 0.0, 1.0],
                [0.999753, -0.020058, 0.009544, 0.0, 0.021035, 0.992949, -0.116661, 0.329779, -0.007137, 0.116833, 0.993125, -0.0, 0.0, 0.0, 0.0, 1.0]
            ]
        },
        {
            "name": "Tool_L",
            "time": [0.0, 1.0, 2.6667],
            "transform": [
                [1.0, -0.0, 0.0, 0.02, 0.0, -1.0, 0.0, 0.291426, 0.0, 0.0, -1.000001, -0.0, 0.0, 0.0, 0.0, 1.0],
                [1.0, 0.0, 0.0, 0.02, -0.0, -1.0, -0.0, 0.291426, 0.0, -0.0, -1.000001, -0.0, 0.0, 0.0, 0.0, 1.0],
                [1.0, 0.0, 0.0, 0.02, -0.0, -1.0, 0.0, 0.291426, 0.0, 0.0, -1.000001, -0.0, 0.0, 0.0, 0.0, 1.0]
            ]
        },
        {
            "name": "Elbow_L",
            "time": [0.0, 1.0, 2.6667],
            "transform": [
                [-1.0, 0.0, -0.0, 0.0, 0.0, 0.057046, -0.998371, 0.329779, -0.0, -0.998372, -0.057046, -0.0, 0.0, 0.0, 0.0, 1.0],
                [-1.0, 0.0, -0.0, 0.0, 1e-06, 0.118143, -0.992997, 0.329779, -0.0, -0.992997, -0.118144, 0.0, 0.0, 0.0, 0.0, 1.0],
                [-1.0, 0.0, -0.0, 0.0, 0.0, 0.058518, -0.998286, 0.329779, -0.0, -0.998287, -0.058518, -0.0, 0.0, 0.0, 0.0, 1.0]
            ]
        }
    ]
}