{
    "animation": [
        {
            "name": "Root",
            "time": [0.0, 0.1, 0.2, 0.25, 0.3, 0.4, 0.5, 0.55, 0.6],
            "transform": [
                [0.999741, -0.022558, -0.002958, -5e-06, 0.002958, 0.257834, -0.966185, 0.000946, 0.022558, 0.965926, 0.257834, 0.753972, 0.0, 0.0, 0.0, 1.0],
                [0.999232, -0.022558, -0.032035, -5e-06, -0.025144, 0.257834, -0.965862, 0.000946, 0.030047, 0.965926, 0.257069, 0.713972, 0.0, 0.0, 0.0, 1.0],
                [0.987229, -0.0, -0.159307, -5e-06, -0.153879, 0.258819, -0.95359, 0.000946, 0.041232, 0.965926, 0.255514, 0.533972, 0.0, 0.0, 0.0, 1.0],
                [0.986227, 0.011281, -0.16501, -5e-06, -0.162291, 0.258375, -0.952315, 0.000946, 0.031891, 0.965979, 0.256647, 0.543972, 0.0, 0.0, 0.0, 1.0],
                [0.985067, 0.022558, -0.17069, -5e-06, -0.17069, 0.257834, -0.950992, 0.000946, 0.022558, 0.965926, 0.257834, 0.753972, 0.0, 0.0, 0.0, 1.0],
                [0.973475, 0.022558, -0.227677, -5e-06, -0.225696, 0.257834, -0.939459, 0.000946, 0.037511, 0.965926, 0.256086, 0.713972, 0.0, 0.0, 0.0, 1.0],
                [0.994822, -0.0, -0.101635, -5e-06, -0.098172, 0.258819, -0.960924, 0.000946, 0.026305, 0.965926, 0.257479, 0.533972, 0.0, 0.0, 0.0, 1.0],
                [0.998564, -0.011292, -0.052362, -5e-06, -0.047668, 0.258612, -0.964804, 0.000946, 0.024436, 0.965915, 0.257703, 0.543972, 0.0, 0.0, 0.0, 1.0],
                [0.999741, -0.022558, -0.002958, -5e-06, 0.002958, 0.257834, -0.966185, 0.000946, 0.022558, 0.965926, 0.257834, 0.753972, 0.0, 0.0, 0.0, 1.0]
            ]
        },
        {
            "name": "Thigh_R",
            "time": [0.0, 0.1, 0.2, 0.25, 0.3, 0.4, 0.5, 0.6],
            "transform": [
                [0.986096, 0.165264, 0.017411, 0.124994, -0.007154, -0.06246, 0.998022, -0.002831, 0.166025, -0.984269, -0.06041, -1.2e-05, 0.0, 0.0, 0.0, 1.0],
                [0.996078, 0.075389, 0.046324, 0.124994, -0.019792, -0.320437, 0.947062, -0.00283, 0.086242, -0.944265, -0.317688, -1.2e-05, 0.0, 0.0, 0.0, 1.0],
                [0.992185, 0.089396, 0.087034, 0.124994, -0.060731, -0.263314, 0.962797, -0.002831, 0.108988, -0.960559, -0.255827, -1.2e-05, 0.0, 0.0, 0.0, 1.0],
                [0.999849, 0.015213, -0.008272, 0.124994, 0.015213, -0.54345, 0.839303, -0.00283, 0.008273, -0.839303, -0.5436, -1.2e-05, 0.0, 0.0, 0.0, 1.0],
                [0.996505, 0.067778, -0.048824, 0.124994, 0.058615, -0.983805, -0.16938, -0.002831, -0.059514, 0.165926, -0.984341, -1.2e-05, 0.0, 0.0, 0.0, 1.0],
                [0.992991, 0.116208, 0.021546, 0.124994, 0.113072, -0.881026, -0.459355, -0.002831, -0.034398, 0.458571, -0.887991, -1.2e-05, 0.0, 0.0, 0.0, 1.0],
                [0.997225, 0.060363, 0.043574, 0.124994, 0.061191, -0.997964, -0.017915, -0.002831, 0.042404, 0.020532, -0.99889, -1.2e-05, 0.0, 0.0, 0.0, 1.0],
                [0.986096, 0.165264, 0.017411, 0.124994, -0.007154, -0.06246, 0.998022, -0.002831, 0.166025, -0.984269, -0.06041, -1.2e-05, 0.0, 0.0, 0.0, 1.0]
            ]
        },
        {
            "name": "Leg_R",
            "time": [0.0, 0.1, 0.2, 0.25, 0.3, 0.4, 0.5, 0.6],
            "transform": [
                [0.999523, -0.008748, -0.029618, -0.0, 0.029395, -0.024575, 0.999266, 0.37472, -0.009469, -0.999661, -0.024306, 0.0, 0.0, 0.0, 0.0, 1.0],
                [0.999952, -0.006355, -0.007538, -0.0, 0.008722, 0.926646, 0.37583, 0.37472, 0.004597, -0.375878, 0.926659, -0.0, 0.0, 0.0, 0.0, 1.0],
                [0.999875, -0.002284, -0.015808, -0.0, 0.014401, 0.556994, 0.830392, 0.37472, 0.006909, -0.830513, 0.556955, 0.0, 0.0, 0.0, 0.0, 1.0],
                [0.999963, -0.002372, -0.008394, 0.0, 0.008723, 0.27162, 0.962365, 0.37472, -3e-06, -0.962402, 0.27163, 0.0, 0.0, 0.0, 0.0, 1.0],
                [0.999739, -0.022148, -0.005647, 0.0, 0.022042, 0.868831, 0.49462, 0.37472, -0.006048, -0.494614, 0.869092, -0.0, 0.0, 0.0, 0.0, 1.0],
                [0.999901, 0.007393, -0.012015, 0.0, 0.008722, 0.345388, 0.93842, 0.37472, 0.011087, -0.938431, 0.34529, -0.0, 0.0, 0.0, 0.0, 1.0],
                [0.999069, 0.037907, -0.020573, 0.0, 0.01932, 0.033135, 0.999266, 0.37472, 0.038561, -0.998731, 0.032372, -0.0, 0.0, 0.0, 0.0, 1.0],
                [0.999523, -0.008748, -0.029618, -0.0, 0.029395, -0.024575, 0.999266, 0.37472, -0.009469, -0.999661, -0.024306, 0.0, 0.0, 0.0, 0.0, 1.0]
            ]
        },
        {
            "name": "Knee_R",
            "time": [0.0, 0.1, 0.2, 0.3, 0.4, 0.5, 0.6],
            "transform": [
                [0.99986, -0.010611, -0.012971, -0.0, -0.001466, 0.715672, -0.698436, 0.37472, 0.016694, 0.698356, 0.715555, 0.0, 0.0, 0.0, 0.0, 1.0],
                [0.999988, -0.003541, -0.003468, -0.0, -0.002725, 0.19148, -0.981493, 0.37472, 0.004139, 0.98149, 0.191468, -0.0, 0.0, 0.0, 0.0, 1.0],
                [0.999966, -0.003115, -0.007624, -0.0, -0.005261, 0.470635, -0.882313, 0.37472, 0.006337, 0.882323, 0.470603, 0.0, 0.0, 0.0, 0.0, 1.0],
                [0.999933, -0.011441, -0.001388, 0.0, 0.001585, 0.255842, -0.966718, 0.37472, 0.011415, 0.966651, 0.255843, -0.0, 0.0, 0.0, 0.0, 1.0],
                [0.999972, 0.001812, -0.007174, 0.0, -0.006921, 0.572109, -0.820148, 0.37472, 0.002618, 0.820175, 0.572106, -0.0, 0.0, 0.0, 0.0, 1.0],
                [0.999729, 0.014798, -0.017965, 0.0, -0.023201, 0.695187, -0.718455, 0.37472, 0.001857, 0.718677, 0.695341, -0.0, 0.0, 0.0, 0.0, 1.0],
                [0.99986, -0.010611, -0.012971, -0.0, -0.001466, 0.715672, -0.698436, 0.37472, 0.016694, 0.698356, 0.715555, 0.0, 0.0, 0.0, 0.0, 1.0]
            ]
        },
        {
            "name": "Thigh_L",
            "time": [0.0, 0.1, 0.2, 0.3, 0.4, 0.5, 0.55, 0.6],
            "transform": [
                [0.989774, -0.032639, 0.138863, -0.125006, -0.002104, -0.976706, -0.214571, -0.002831, 0.142632, 0.212084, -0.966787, -1.2e-05, 0.0, 0.0, 0.0, 1.0],
                [0.991459, -0.073662, 0.107615, -0.125006, -0.021692, -0.906853, -0.420888, -0.00283, 0.128594, 0.414959, -0.900707, -1.2e-05, 0.0, 0.0, 0.0, 1.0],
                [0.996829, 0.079311, 0.006233, -0.125006, 0.079019, -0.996145, 0.038083, -0.002831, 0.009229, -0.037469, -0.999255, -1.2e-05, 0.0, 0.0, 0.0, 1.0],
                [0.97903, -0.202261, -0.024342, -0.125006, 0.030262, 0.026226, 0.999198, -0.002831, -0.201461, -0.978979, 0.031797, -1.2e-05, 0.0, 0.0, 0.0, 1.0],
                [0.975328, -0.214729, -0.051238, -0.125006, -0.013993, -0.291769, 0.956386, -0.002831, -0.220313, -0.932073, -0.287576, -1.2e-05, 0.0, 0.0, 0.0, 1.0],
                [0.999709, -0.018402, 0.015562, -0.125006, -0.019597, -0.244891, 0.969353, -0.00283, -0.014027, -0.969376, -0.245181, -1.2e-05, 0.0, 0.0, 0.0, 1.0],
                [0.999475, -0.029813, 0.012685, -0.125006, -0.029813, -0.692997, 0.720324, -0.00283, -0.012685, -0.720324, -0.693522, -1.2e-05, 0.0, 0.0, 0.0, 1.0],
                [0.989774, -0.032639, 0.138863, -0.125006, -0.002104, -0.976706, -0.214571, -0.002831, 0.142632, 0.212084, -0.966787, -1.2e-05, 0.0, 0.0, 0.0, 1.0]
            ]
        },
        {
            "name": "Leg_L",
            "time": [0.0, 0.1, 0.2, 0.3, 0.4, 0.5, 0.55, 0.6],
            "transform": [
                [0.999916, 0.004602, 0.012125, -0.0, -0.010472, 0.838014, 0.545548, 0.37472, -0.00765, -0.545626, 0.837994, 0.0, 0.0, 0.0, 0.0, 1.0],
                [0.999991, 0.004255, -0.000464, 0.0, -0.00097, 0.330914, 0.943661, 0.37472, 0.004169, -0.943651, 0.330915, -0.0, 0.0, 0.0, 0.0, 1.0],
                [0.999549, 0.028918, -0.008242, -0.0, 0.008722, -0.016494, 0.999827, 0.37472, 0.028776, -0.999446, -0.016738, 0.0, 0.0, 0.0, 0.0, 1.0],
                [0.998617, 0.024528, 0.046499, 0.0, -0.044215, -0.086629, 0.99526, 0.37472, 0.02844, -0.995939, -0.085424, 0.0, 0.0, 0.0, 0.0, 1.0],
                [0.999749, 0.021726, 0.005602, -0.0, -0.02221, 0.922902, 0.384395, 0.37472, 0.003181, -0.384423, 0.923151, 0.0, 0.0, 0.0, 0.0, 1.0],
                [0.999911, -0.001687, 0.0133, -0.0, -0.010234, 0.544786, 0.838513, 0.37472, -0.00866, -0.838573, 0.544719, 0.0, 0.0, 0.0, 0.0, 1.0],
                [1.0, -1e-06, 1e-06, -0.0, -1e-06, 0.251842, 0.967767, 0.37472, -1e-06, -0.967769, 0.251842, -0.0, 0.0, 0.0, 0.0, 1.0],
                [0.999916, 0.004602, 0.012125, -0.0, -0.010472, 0.838014, 0.545548, 0.37472, -0.00765, -0.545626, 0.837994, 0.0, 0.0, 0.0, 0.0, 1.0]
            ]
        },
        {
            "name": "Knee_L",
            "time": [0.0, 0.1, 0.2, 0.3, 0.4, 0.5, 0.6],
            "transform": [
                [0.999978, 0.003182, 0.005726, -0.0, 0.004584, 0.284576, -0.958643, 0.37472, -0.00468, 0.958648, 0.284555, 0.0, 0.0, 0.0, 0.0, 1.0],
                [0.999997, 0.002055, -0.000912, 0.0, -0.001932, 0.578395, -0.815755, 0.37472, -0.001149, 0.815754, 0.578397, -0.0, 0.0, 0.0, 0.0, 1.0],
                [0.999867, 0.012734, -0.010184, -0.0, -0.01622, 0.712823, -0.701157, 0.37472, -0.00167, 0.701228, 0.712935, 0.0, 0.0, 0.0, 0.0, 1.0],
                [0.999587, 0.022497, 0.01786, 0.0, -0.004501, 0.736762, -0.676138, 0.37472, -0.028369, 0.675778, 0.736559, 0.0, 0.0, 0.0, 0.0, 1.0],
                [0.999937, 0.011141, 0.001724, -0.0, -0.000494, 0.196025, -0.980599, 0.37472, -0.011263, 0.980536, 0.196018, 0.0, 0.0, 0.0, 0.0, 1.0],
                [0.999976, 0.000846, 0.006863, -0.0, 0.005628, 0.477085, -0.878839, 0.37472, -0.004018, 0.878857, 0.477069, 0.0, 0.0, 0.0, 0.0, 1.0],
                [0.999978, 0.003182, 0.005726, -0.0, 0.004584, 0.284576, -0.958643, 0.37472, -0.00468, 0.958648, 0.284555, 0.0, 0.0, 0.0, 0.0, 1.0]
            ]
        },
        {
            "name": "Torso",
            "time": [0.0, 0.1, 0.2, 0.3, 0.4, 0.5, 0.6],
            "transform": [
                [0.959071, 0.001827, -0.283161, -0.0, 0.112086, 0.915855, 0.385547, 0.05, 0.260039, -0.401505, 0.878165, -0.0, 0.0, 0.0, 0.0, 1.0],
                [0.976683, 0.010636, -0.214424, -0.0, 0.083774, 0.900714, 0.42626, 0.05, 0.197669, -0.434284, 0.87882, -0.0, 0.0, 0.0, 0.0, 1.0],
                [0.982069, -0.049533, -0.181898, -0.0, 0.110446, 0.933113, 0.342202, 0.05, 0.152781, -0.356156, 0.921852, -0.0, 0.0, 0.0, 0.0, 1.0],
                [0.995722, -0.084936, -0.036395, 0.0, 0.092401, 0.91126, 0.401332, 0.05, -0.000923, -0.402978, 0.915209, 0.0, 0.0, 0.0, 0.0, 1.0],
                [0.990491, -0.136847, 0.014162, 0.0, 0.118054, 0.898272, 0.423285, 0.05, -0.070647, -0.417588, 0.905886, -0.0, 0.0, 0.0, 0.0, 1.0],
                [0.998126, -0.045008, -0.041466, -0.0, 0.055645, 0.949491, 0.308822, 0.05, 0.025473, -0.31055, 0.950215, 0.0, 0.0, 0.0, 0.0, 1.0],
                [0.959071, 0.001827, -0.283161, -0.0, 0.112086, 0.915855, 0.385547, 0.05, 0.260039, -0.401505, 0.878165, -0.0, 0.0, 0.0, 0.0, 1.0]
            ]
        },
        {
            "name": "Chest",
            "time": [0.0, 0.1, 0.2, 0.3, 0.4, 0.5, 0.6],
            "transform": [
                [0.711196, 0.028734, -0.702406, 0.0, -0.01791, 0.999581, 0.022756, 0.3, 0.702765, -0.003604, 0.711413, 0.0, 0.0, 0.0, 0.0, 1.0],
                [0.82985, 0.014953, -0.557787, -0.0, -0.009601, 0.999875, 0.01252, 0.3, 0.557904, -0.005034, 0.82989, 0.0, 0.0, 0.0, 0.0, 1.0],
                [0.961376, -0.026982, -0.273914, -0.0, 0.050103, 0.995712, 0.077766, 0.3, 0.270641, -0.088487, 0.958605, -0.0, 0.0, 0.0, 0.0, 1.0],
                [0.964854, -0.020598, -0.261978, 0.0, 0.019692, 0.999788, -0.006084, 0.3, 0.262048, 0.000711, 0.965055, 0.0, 0.0, 0.0, 0.0, 1.0],
                [0.982323, -0.005195, -0.18712, -0.0, 0.005875, 0.999978, 0.003078, 0.3, 0.1871, -0.004123, 0.982332, -0.0, 0.0, 0.0, 0.0, 1.0],
                [0.717936, -0.004949, -0.696092, 0.0, 0.066039, 0.995949, 0.06103, 0.3, 0.69297, -0.089785, 0.715354, 0.0, 0.0, 0.0, 0.0, 1.0],
                [0.711196, 0.028734, -0.702406, 0.0, -0.01791, 0.999581, 0.022756, 0.3, 0.702765, -0.003604, 0.711413, 0.0, 0.0, 0.0, 0.0, 1.0]
            ]
        },
        {
            "name": "Head",
            "time": [0.0, 0.1, 0.2, 0.3, 0.4, 0.5, 0.6],
            "transform": [
                [0.542614, 0.277253, 0.792906, -0.0, -0.022856, 0.94848, -0.316011, 0.4, -0.839671, 0.15335, 0.520996, 0.0, 0.0, 0.0, 0.0, 1.0],
                [0.707351, 0.257724, 0.658205, 0.0, -0.009706, 0.934617, -0.355524, 0.4, -0.706796, 0.245092, 0.663603, -0.0, 0.0, 0.0, 0.0, 1.0],
                [0.840093, 0.204784, 0.502302, -0.0, -0.007259, 0.930162, -0.367077, 0.4, -0.542394, 0.304732, 0.78291, 0.0, 0.0, 0.0, 0.0, 1.0],
                [0.900406, 0.161079, 0.404133, -0.0, -0.017214, 0.941395, -0.336868, 0.4, -0.434711, 0.296361, 0.85041, -0.0, 0.0, 0.0, 0.0, 1.0],
                [0.937005, 0.15524, 0.312926, -0.0, -0.033008, 0.931163, -0.363105, 0.400001, -0.347754, 0.329902, 0.877628, 0.0, 0.0, 0.0, 0.0, 1.0],
                [0.648939, 0.25675, 0.716211, -0.0, -0.026136, 0.948308, -0.316272, 0.4, -0.760392, 0.186523, 0.622104, -0.0, 0.0, 0.0, 0.0, 1.0],
                [0.542614, 0.277253, 0.792906, -0.0, -0.022856, 0.94848, -0.316011, 0.4, -0.839671, 0.15335, 0.520996, 0.0, 0.0, 0.0, 0.0, 1.0]
            ]
        },
        {
            "name": "Shoulder_R",
            "time": [0.0, 0.1, 0.2, 0.3, 0.4, 0.5, 0.6],
            "transform": [
                [0.001137, 0.967973, 0.25105, -0.0, 0.068995, -0.250528, 0.965648, 0.4, 0.997616, 0.016223, -0.06707, 0.0, 0.0, 0.0, 0.0, 1.0],
                [-0.02767, 0.965914, 0.257377, 0.0, 0.030362, -0.256545, 0.966055, 0.4, 0.999156, 0.034545, -0.022229, -0.0, 0.0, 0.0, 0.0, 1.0],
                [-1e-06, 0.965965, 0.258674, -0.0, -3e-06, -0.258674, 0.965965, 0.4, 1.0, 0.0, 3e-06, 0.0, 0.0, 0.0, 0.0, 1.0],
                [-0.08419, 0.962289, 0.258674, -0.0, 0.022542, -0.25769, 0.965965, 0.4, 0.996195, 0.087156, 3e-06, -0.0, 0.0, 0.0, 0.0, 1.0],
                [-0.080258, 0.962289, 0.259921, -0.0, 0.037186, -0.25769, 0.965512, 0.400001, 0.99608, 0.087156, -0.015102, 0.0, 0.0, 0.0, 0.0, 1.0],
                [0.088101, 0.962289, 0.257368, -0.0, -0.007898, -0.257689, 0.966195, 0.4, 0.99608, -0.087156, -0.015102, -0.0, 0.0, 0.0, 0.0, 1.0],
                [0.001137, 0.967973, 0.25105, -0.0, 0.068995, -0.250528, 0.965648, 0.4, 0.997616, 0.016223, -0.06707, 0.0, 0.0, 0.0, 0.0, 1.0]
            ]
        },
        {
            "name": "Arm_R",
            "time": [0.0, 0.1, 0.2, 0.3, 0.4, 0.5, 0.6],
            "transform": [
                [0.683113, 0.155129, -0.713647, 0.0, 0.562574, 0.511331, 0.649655, 0.388213, 0.46569, -0.845267, 0.262025, 0.0, 0.0, 0.0, 0.0, 1.0],
                [0.8213, 0.194487, -0.536322, 0.0, 0.396451, 0.48144, 0.781692, 0.388213, 0.410236, -0.854629, 0.318302, 0.0, 0.0, 0.0, 0.0, 1.0],
                [0.87139, 0.342904, -0.350851, -0.0, 0.184975, 0.432732, 0.882342, 0.388213, 0.454383, -0.833763, 0.313649, 0.0, 0.0, 0.0, 0.0, 1.0],
                [0.759617, 0.488957, -0.428839, 0.0, 0.203344, 0.447764, 0.870723, 0.388213, 0.617765, -0.748618, 0.240702, 0.0, 0.0, 0.0, 0.0, 1.0],
                [0.810797, 0.461863, -0.359571, -0.0, 0.157725, 0.419189, 0.894093, 0.388213, 0.563677, -0.781642, 0.26703, 1e-06, 0.0, 0.0, 0.0, 1.0],
                [0.714598, 0.32334, -0.620324, -0.0, 0.38468, 0.559014, 0.734524, 0.388213, 0.58427, -0.763515, 0.275087, 1e-06, 0.0, 0.0, 0.0, 1.0],
                [0.683113, 0.155129, -0.713647, 0.0, 0.562574, 0.511331, 0.649655, 0.388213, 0.46569, -0.845267, 0.262025, 0.0, 0.0, 0.0, 0.0, 1.0]
            ]
        },
        {
            "name": "Hand_R",
            "time": [0.0, 0.1, 0.2, 0.3, 0.4, 0.5, 0.6],
            "transform": [
                [1.0, 1e-06, 0.0, 0.0, -1e-06, 0.988403, -0.151854, 0.329779, -0.0, 0.151854, 0.988403, 0.0, 0.0, 0.0, 0.0, 1.0],
                [1.0, 1e-06, 0.0, 0.0, -1e-06, 0.988403, -0.151854, 0.329779, -0.0, 0.151854, 0.988403, -0.0, 0.0, 0.0, 0.0, 1.0],
                [1.0, 1e-06, 0.0, 0.0, -1e-06, 0.988403, -0.151854, 0.329779, -0.0, 0.151854, 0.988403, -0.0, 0.0, 0.0, 0.0, 1.0],
                [1.0, 1e-06, 0.0, -0.0, -0.0, 0.988403, -0.151854, 0.329779, -0.0, 0.151854, 0.988403, -0.0, 0.0, 0.0, 0.0, 1.0],
                [1.0, 1e-06, 0.0, -0.0, -0.0, 0.988403, -0.151854, 0.329779, -0.0, 0.151854, 0.988403, -0.0, 0.0, 0.0, 0.0, 1.0],
                [1.0, 1e-06, 0.0, 0.0, -1e-06, 0.988403, -0.151854, 0.329779, -0.0, 0.151854, 0.988403, -0.0, 0.0, 0.0, 0.0, 1.0],
                [1.0, 1e-06, 0.0, 0.0, -1e-06, 0.988403, -0.151854, 0.329779, -0.0, 0.151854, 0.988403, 0.0, 0.0, 0.0, 0.0, 1.0]
            ]
        },
        {
            "name": "Tool_R",
            "time": [0.0, 0.1, 0.2, 0.3, 0.4, 0.5, 0.6],
            "transform": [
                [-0.764024, 0.644483, 0.030154, -0.02, 0.352355, 0.455949, -0.817287, -0.132839, -0.540476, -0.613801, -0.575442, -0.282843, 0.0, 0.0, 0.0, 1.0],
                [-0.764024, 0.644483, 0.030154, -0.02, 0.352354, 0.455949, -0.817286, -0.132839, -0.540476, -0.613802, -0.575442, -0.282843, 0.0, 0.0, 0.0, 1.0],
                [-0.86433, 0.502021, 0.030153, -0.02, 0.267827, 0.510207, -0.817286, -0.132839, -0.425679, -0.698329, -0.575442, -0.282843, 0.0, 0.0, 0.0, 1.0],
                [-0.938374, 0.344304, 0.030154, -0.02, 0.175161, 0.548964, -0.817286, -0.132839, -0.297949, -0.761638, -0.575442, -0.282843, 0.0, 0.0, 0.0, 1.0],
                [-0.938374, 0.344305, 0.030154, -0.02, 0.175161, 0.548964, -0.817287, -0.132839, -0.297949, -0.761639, -0.575442, -0.282843, 0.0, 0.0, 0.0, 1.0],
                [-0.86433, 0.502021, 0.030154, -0.02, 0.267827, 0.510207, -0.817287, -0.132839, -0.425679, -0.698329, -0.575442, -0.282843, 0.0, 0.0, 0.0, 1.0],
                [-0.764024, 0.644483, 0.030154, -0.02, 0.352355, 0.455949, -0.817287, -0.132839, -0.540476, -0.613801, -0.575442, -0.282843, 0.0, 0.0, 0.0, 1.0]
            ]
        },
        {
            "name": "Elbow_R",
            "time": [0.0, 0.1, 0.2, 0.3, 0.4, 0.5, 0.6],
            "transform": [
                [-0.999999, 0.0, -0.0, 0.0, 1e-06, 0.076148, -0.997096, 0.329779, 0.0, -0.997096, -0.076148, 0.0, 0.0, 0.0, 0.0, 1.0],
                [-1.0, 0.0, -1e-06, 0.0, 1e-06, 0.076148, -0.997096, 0.329779, 0.0, -0.997097, -0.076148, -0.0, 0.0, 0.0, 0.0, 1.0],
                [-1.0, 0.0, -1e-06, 0.0, 1e-06, 0.076148, -0.997096, 0.329779, 0.0, -0.997097, -0.076148, -0.0, 0.0, 0.0, 0.0, 1.0],
                [-1.0, -0.0, -1e-06, -0.0, 0.0, 0.076148, -0.997096, 0.329779, 0.0, -0.997097, -0.076148, -0.0, 0.0, 0.0, 0.0, 1.0],
                [-1.0, 0.0, -1e-06, -0.0, 0.0, 0.076148, -0.997096, 0.329779, -0.0, -0.997097, -0.076148, -0.0, 0.0, 0.0, 0.0, 1.0],
                [-0.999999, 0.0, -0.0, 0.0, 1e-06, 0.076148, -0.997096, 0.329779, 0.0, -0.997097, -0.076148, -0.0, 0.0, 0.0, 0.0, 1.0],
                [-0.999999, 0.0, -0.0, 0.0, 1e-06, 0.076148, -0.997096, 0.329779, 0.0, -0.997096, -0.076148, 0.0, 0.0, 0.0, 0.0, 1.0]
            ]
        },
        {
            "name": "Shoulder_L",
            "time": [0.0, 0.1, 0.2, 0.3, 0.4, 0.5, 0.6],
            "transform": [
                [-0.084189, -0.962289, -0.258673, -0.0, -0.022545, -0.257689, 0.965965, 0.4, -0.996195, 0.087155, -0.0, 0.0, 0.0, 0.0, 0.0, 1.0],
                [-0.080257, -0.962289, -0.25992, 0.0, -0.037189, -0.257689, 0.965512, 0.4, -0.99608, 0.087155, -0.015105, -0.0, 0.0, 0.0, 0.0, 1.0],
                [0.003923, -0.965965, -0.258644, -0.0, -0.014647, -0.258673, 0.965854, 0.4, -0.999885, -0.0, -0.015163, 0.0, 0.0, 0.0, 0.0, 1.0],
                [-0.082982, -0.96294, -0.256631, -0.0, -0.090764, -0.249146, 0.964203, 0.4, -0.992409, 0.103305, -0.066726, -0.0, 0.0, 0.0, 0.0, 1.0],
                [-0.027669, -0.965915, -0.257377, -0.0, -0.030365, -0.256544, 0.966055, 0.400001, -0.999156, 0.034545, -0.022232, 0.0, 0.0, 0.0, 0.0, 1.0],
                [-0.084189, -0.962289, -0.258674, -0.0, -0.022545, -0.257689, 0.965965, 0.4, -0.996195, 0.087155, -0.0, -0.0, 0.0, 0.0, 0.0, 1.0],
                [-0.084189, -0.962289, -0.258673, -0.0, -0.022545, -0.257689, 0.965965, 0.4, -0.996195, 0.087155, -0.0, 0.0, 0.0, 0.0, 0.0, 1.0]
            ]
        },
        {
            "name": "Arm_L",
            "time": [0.0, 0.1, 0.2, 0.3, 0.4, 0.5, 0.6],
            "transform": [
                [0.084485, 0.141545, 0.98632, -0.0, -0.773112, 0.633787, -0.024731, 0.388212, -0.628617, -0.760447, 0.162976, 1e-06, 0.0, 0.0, 0.0, 1.0],
                [-0.109529, 0.308421, 0.944923, -0.0, -0.806342, 0.528307, -0.265904, 0.388212, -0.58122, -0.791056, 0.190828, 1e-06, 0.0, 0.0, 0.0, 1.0],
                [-0.139835, -0.159736, 0.977206, 0.0, -0.822102, 0.568807, -0.024661, 0.388212, -0.551902, -0.806811, -0.210858, 1e-06, 0.0, 0.0, 0.0, 1.0],
                [-0.31384, -0.012956, 0.949387, -0.0, -0.750202, 0.616276, -0.239585, 0.388212, -0.581981, -0.787424, -0.203132, 1e-06, 0.0, 0.0, 0.0, 1.0],
                [-0.341833, -0.225349, 0.912342, -0.0, -0.761645, 0.635127, -0.128493, 0.388212, -0.550497, -0.738804, -0.388743, 1e-06, 0.0, 0.0, 0.0, 1.0],
                [0.005711, -0.211617, 0.977336, -0.0, -0.801232, 0.583817, 0.131092, 0.388212, -0.598326, -0.783822, -0.16622, 1e-06, 0.0, 0.0, 0.0, 1.0],
                [0.084485, 0.141545, 0.98632, -0.0, -0.773112, 0.633787, -0.024731, 0.388212, -0.628617, -0.760447, 0.162976, 1e-06, 0.0, 0.0, 0.0, 1.0]
            ]
        },
        {
            "name": "Hand_L",
            "time": [0.0, 0.1, 0.2, 0.3, 0.4, 0.5, 0.6],
            "transform": [
                [0.999958, 0.009124, 0.000477, -0.0, -0.00806, 0.905516, -0.424236, 0.329779, -0.004303, 0.424215, 0.905551, -0.0, 0.0, 0.0, 0.0, 1.0],
                [0.999479, 0.031735, 0.00596, -0.0, -0.022988, 0.828938, -0.558868, 0.329779, -0.022677, 0.558439, 0.829235, -0.0, 0.0, 0.0, 0.0, 1.0],
                [1.0, 1e-06, 0.0, 0.0, -0.0, 0.695689, -0.718343, 0.329779, -1e-06, 0.718343, 0.695689, -0.0, 0.0, 0.0, 0.0, 1.0],
                [1.0, 0.0, -0.0, 0.0, -0.0, 0.71533, -0.698786, 0.329779, -0.0, 0.698786, 0.715331, 0.0, 0.0, 0.0, 0.0, 1.0],
                [0.999543, 0.02828, -0.010656, -0.0, -0.026756, 0.664143, -0.747127, 0.329779, -0.014051, 0.747071, 0.664596, 0.0, 0.0, 0.0, 0.0, 1.0],
                [0.99963, 0.025437, -0.009635, -0.0, -0.026119, 0.798763, -0.601078, 0.329779, -0.007593, 0.601107, 0.799132, -0.0, 0.0, 0.0, 0.0, 1.0],
                [0.999958, 0.009124, 0.000477, -0.0, -0.00806, 0.905516, -0.424236, 0.329779, -0.004303, 0.424215, 0.905551, -0.0, 0.0, 0.0, 0.0, 1.0]
            ]
        },
        {
            "name": "Tool_L",
            "time": [0.0, 0.1, 0.2, 0.3, 0.4, 0.5, 0.6],
            "transform": [
                [1.0, -0.0, 0.0, 0.02, -0.0, -1.0, 0.0, 0.291426, 1e-06, -0.0, -1.0, -0.0, 0.0, 0.0, 0.0, 1.0],
                [1.0, -0.0, 0.0, 0.02, -0.0, -1.0, -0.0, 0.291426, 0.0, 0.0, -1.0, -0.0, 0.0, 0.0, 0.0, 1.0],
                [1.0, -0.0, 1e-06, 0.02, -0.0, -1.0, 0.0, 0.291426, 1e-06, -0.0, -1.0, -0.0, 0.0, 0.0, 0.0, 1.0],
                [1.0, -0.0, 1e-06, 0.02, -0.0, -1.0, 0.0, 0.291426, 0.0, 0.0, -1.0, -0.0, 0.0, 0.0, 0.0, 1.0],
                [1.0, -0.0, 0.0, 0.02, -0.0, -1.0, 0.0, 0.291426, 0.0, 0.0, -1.0, -0.0, 0.0, 0.0, 0.0, 1.0],
                [1.0, -0.0, 0.0, 0.02, -0.0, -1.0, 0.0, 0.291426, 0.0, -0.0, -1.0, -0.0, 0.0, 0.0, 0.0, 1.0],
                [1.0, -0.0, 0.0, 0.02, -0.0, -1.0, 0.0, 0.291426, 1e-06, -0.0, -1.0, -0.0, 0.0, 0.0, 0.0, 1.0]
            ]
        },
        {
            "name": "Elbow_L",
            "time": [0.0, 0.1, 0.2, 0.3, 0.4, 0.5, 0.6],
            "transform": [
                [-1.0, -0.0, -0.0, -0.0, 0.0, 0.217302, -0.976105, 0.329779, 0.0, -0.976104, -0.217302, -0.0, 0.0, 0.0, 0.0, 1.0],
                [-1.0, 0.0, -0.0, -0.0, 0.0, 0.29202, -0.956412, 0.329779, 0.0, -0.956413, -0.29202, -0.0, 0.0, 0.0, 0.0, 1.0],
                [-1.0, -0.0, -0.0, 0.0, 0.0, 0.390071, -0.920785, 0.329779, 0.0, -0.920785, -0.390071, -0.0, 0.0, 0.0, 0.0, 1.0],
                [-1.000001, 0.0, -0.0, 0.0, 0.0, 0.377273, -0.926103, 0.329779, -0.0, -0.926103, -0.377272, 0.0, 0.0, 0.0, 0.0, 1.0],
                [-1.0, 0.0, -0.0, -0.0, 0.0, 0.409474, -0.912322, 0.329779, -0.0, -0.912322, -0.409474, 0.0, 0.0, 0.0, 0.0, 1.0],
                [-1.0, -0.0, -1e-06, -0.0, 0.0, 0.316895, -0.948461, 0.329779, 0.0, -0.948461, -0.316895, -0.0, 0.0, 0.0, 0.0, 1.0],
                [-1.0, -0.0, -0.0, -0.0, 0.0, 0.217302, -0.976105, 0.329779, 0.0, -0.976104, -0.217302, -0.0, 0.0, 0.0, 0.0, 1.0]
            ]
        }
    ]
}