{
    "animation": [
        {
            "name": "Root",
            "time": [0.0, 0.1, 0.2, 0.3, 0.4, 0.45, 0.5, 0.6, 0.6333, 0.7, 0.9333, 1.2],
            "transform": [
                [0.023415, 0.058826, -0.997994, -5e-06, -0.951316, 0.30819, -0.004153, 0.000946, 0.307327, 0.949504, 0.063178, 0.582258, 0.0, 0.0, 0.0, 1.0],
                [-0.679226, 0.229008, -0.697286, -5e-06, -0.68, 0.161096, 0.715296, 0.000946, 0.276138, 0.960002, 0.046305, 0.712258, 0.0, 0.0, 0.0, 1.0],
                [-0.876714, 0.167868, -0.450769, -0.100005, -0.383917, 0.320381, 0.866004, 0.140946, 0.289792, 0.932296, -0.216436, 0.642514, 0.0, 0.0, 0.0, 1.0],
                [-0.978563, 0.201761, -0.04133, -5e-06, 0.042117, 0.392484, 0.918794, 0.267613, 0.201598, 0.897357, -0.392568, 0.53995, 0.0, 0.0, 0.0, 1.0],
                [-0.470405, -0.0, 0.88245, -5e-06, 0.706359, 0.599396, 0.376537, 0.53428, -0.528938, 0.800452, -0.281959, 0.432258, 0.0, 0.0, 0.0, 1.0],
                [0.286355, 0.02302, 0.957847, -5e-06, 0.771276, 0.587584, -0.2447, 0.957454, -0.568449, 0.808836, 0.150503, 0.508659, 0.0, 0.0, 0.0, 1.0],
                [0.877437, 0.029185, 0.478803, -5e-06, 0.380361, 0.565856, -0.731528, 1.380628, -0.292283, 0.823988, 0.485402, 0.58506, 0.0, 0.0, 0.0, 1.0],
                [0.934707, 0.120817, -0.334253, -5e-06, -0.354777, 0.373607, -0.857059, 1.62178, 0.021332, 0.919685, 0.392077, 0.456424, 0.0, 0.0, 0.0, 1.0],
                [0.73848, 0.132037, -0.661221, -5e-06, -0.663264, 0.318749, -0.677112, 2.000947, 0.121359, 0.938598, 0.322965, 0.457813, 0.0, 0.0, 0.0, 1.0],
                [0.020439, 0.08311, -0.996331, -5e-06, -0.977365, 0.211547, -0.002403, 2.200947, 0.210571, 0.973828, 0.085553, 0.460591, 0.0, 0.0, 0.0, 1.0],
                [-0.237185, 0.090437, -0.967246, -5e-06, -0.961839, 0.117948, 0.246887, 2.200947, 0.136412, 0.988893, 0.05901, 0.456702, 0.0, 0.0, 0.0, 1.0],
                [-0.571098, 0.058826, -0.818771, -5e-06, -0.820547, -0.012427, 0.571444, 2.200947, 0.023441, 0.998191, 0.055367, 0.452258, 0.0, 0.0, 0.0, 1.0]
            ]
        },
        {
            "name": "Thigh_R",
            "time": [0.0, 0.1, 0.2, 0.3, 0.4, 0.45, 0.5, 0.6, 0.7, 0.9333, 1.2],
            "transform": [
                [0.897238, 0.379074, -0.226424, 0.124994, 0.384862, -0.420032, 0.82186, -0.002831, 0.216441, -0.824545, -0.522759, -1.2e-05, 0.0, 0.0, 0.0, 1.0],
                [0.990428, 0.137286, -0.014253, 0.124994, 0.104381, -0.677449, 0.728125, -0.002831, 0.090306, -0.722643, -0.685295, -1.2e-05, 0.0, 0.0, 0.0, 1.0],
                [0.92067, -0.369104, 0.126969, 0.122607, -0.341507, -0.919234, -0.195908, 0.015812, 0.189024, 0.137006, -0.972364, 0.001266, 0.0, 0.0, 0.0, 1.0],
                [0.879258, -0.401584, 0.256195, 0.11988, 0.07725, -0.410503, -0.908581, 0.037117, 0.470041, 0.818668, -0.329915, 0.002726, 0.0, 0.0, 0.0, 1.0],
                [0.933426, 0.354804, 0.053178, 0.117323, 0.358655, -0.926531, -0.113602, 0.057091, 0.008965, 0.125112, -0.992101, 0.004094, 0.0, 0.0, 0.0, 1.0],
                [0.961034, 0.201193, -0.189551, 0.119624, 0.252287, -0.918636, 0.303988, 0.039114, -0.112974, -0.339964, -0.933601, 0.002863, 0.0, 0.0, 0.0, 1.0],
                [0.986392, 0.162806, -0.022764, 0.121925, 0.161141, -0.984913, -0.062272, 0.021138, -0.032562, 0.057757, -0.99775, 0.001631, 0.0, 0.0, 0.0, 1.0],
                [0.900763, 0.432718, 0.036971, 0.12346, 0.411952, -0.824322, -0.388259, 0.009154, -0.137538, 0.36496, -0.920781, 0.000809, 0.0, 0.0, 0.0, 1.0],
                [0.87652, 0.442416, -0.189682, 0.124994, 0.440802, -0.579393, 0.685563, -0.002831, 0.193404, -0.684522, -0.702868, -1.2e-05, 0.0, 0.0, 0.0, 1.0],
                [0.907152, 0.374954, -0.191008, 0.124994, 0.365102, -0.475632, 0.800296, -0.002831, 0.209225, -0.795728, -0.568367, -1.2e-05, 0.0, 0.0, 0.0, 1.0],
                [0.965113, 0.217416, -0.145898, 0.124994, 0.227793, -0.422474, 0.877284, -0.00283, 0.129097, -0.879913, -0.457261, -1.2e-05, 0.0, 0.0, 0.0, 1.0]
            ]
        },
        {
            "name": "Leg_R",
            "time": [0.0, 0.1, 0.2, 0.3, 0.4, 0.45, 0.5, 0.6, 0.7, 0.9333, 1.2],
            "transform": [
                [0.999999, -3e-06, 3e-06, -0.0, -4e-06, -0.23728, 0.971443, 0.37472, -2e-06, -0.971442, -0.23728, -0.0, 0.0, 0.0, 0.0, 1.0],
                [1.000002, -2e-06, 4e-06, -0.0, -4e-06, 0.115989, 0.993249, 0.37472, -2e-06, -0.993254, 0.115988, 0.0, 0.0, 0.0, 0.0, 1.0],
                [1.000005, 2e-06, 4e-06, 0.0, -4e-06, 0.822315, 0.569033, 0.37472, -2e-06, -0.569035, 0.822318, -0.0, 0.0, 0.0, 0.0, 1.0],
                [0.999999, 4e-06, 2e-06, 0.0, -4e-06, 0.999985, 0.005386, 0.37472, -2e-06, -0.005386, 0.999985, -0.0, 0.0, 0.0, 0.0, 1.0],
                [1.0, -3e-06, 4e-06, 0.0, -4e-06, -0.019202, 0.999815, 0.37472, -2e-06, -0.999817, -0.019202, 0.0, 0.0, 0.0, 0.0, 1.0],
                [1.000002, -2e-06, 4e-06, 0.0, -4e-06, 0.156545, 0.987699, 0.37472, -2e-06, -0.987696, 0.156544, 0.0, 0.0, 0.0, 0.0, 1.0],
                [1.000004, 3e-06, 3e-06, -0.0, -4e-06, 0.97201, 0.235158, 0.37472, -3e-06, -0.235157, 0.972012, -0.0, 0.0, 0.0, 0.0, 1.0],
                [1.000003, 4e-06, 2e-06, 0.0, -4e-06, 1.000013, 0.004896, 0.37472, -3e-06, -0.004896, 1.000015, 0.0, 0.0, 0.0, 0.0, 1.0],
                [1.000001, 2e-06, 4e-06, -0.0, -4e-06, 0.809946, 0.586503, 0.37472, -3e-06, -0.586503, 0.809947, 0.0, 0.0, 0.0, 0.0, 1.0],
                [1.000001, 2e-06, 4e-06, -0.0, -4e-06, 0.837847, 0.545904, 0.37472, -2e-06, -0.545904, 0.837847, -0.0, 0.0, 0.0, 0.0, 1.0],
                [1.000001, 3e-06, 4e-06, -0.0, -4e-06, 0.931625, 0.363418, 0.37472, -2e-06, -0.363419, 0.931625, 0.0, 0.0, 0.0, 0.0, 1.0]
            ]
        },
        {
            "name": "Knee_R",
            "time": [0.0, 0.1, 0.2, 0.3, 0.4, 0.45, 0.5, 0.6, 0.7, 0.9333, 1.2],
            "transform": [
                [1.0, 2e-06, -4e-06, 0.0, -4e-06, 3e-06, -1.0, 0.37472, -2e-06, 1.0, 3e-06, 0.0, 0.0, 0.0, 0.0, 1.0],
                [1.0, 2e-06, -4e-06, -0.0, -4e-06, 3e-06, -1.0, 0.37472, -2e-06, 1.0, 3e-06, 0.0, 0.0, 0.0, 0.0, 1.0],
                [1.0, 2e-06, -4e-06, 0.0, -4e-06, 3e-06, -1.0, 0.37472, -2e-06, 1.0, 3e-06, -0.0, 0.0, 0.0, 0.0, 1.0],
                [1.0, 2e-06, -4e-06, 0.0, -4e-06, 3e-06, -1.0, 0.37472, -2e-06, 1.0, 3e-06, 0.0, 0.0, 0.0, 0.0, 1.0],
                [1.0, 2e-06, -4e-06, -0.0, -4e-06, 3e-06, -1.0, 0.37472, -2e-06, 1.0, 3e-06, -0.0, 0.0, 0.0, 0.0, 1.0],
                [1.0, 2e-06, -4e-06, 0.0, -4e-06, 3e-06, -1.0, 0.37472, -2e-06, 1.0, 3e-06, 0.0, 0.0, 0.0, 0.0, 1.0],
                [1.0, 2e-06, -4e-06, -0.0, -4e-06, 3e-06, -1.0, 0.37472, -2e-06, 1.0, 3e-06, -0.0, 0.0, 0.0, 0.0, 1.0],
                [1.0, 2e-06, -4e-06, 0.0, -4e-06, 3e-06, -1.0, 0.37472, -2e-06, 1.0, 3e-06, -0.0, 0.0, 0.0, 0.0, 1.0],
                [1.0, 2e-06, -4e-06, -0.0, -4e-06, 3e-06, -1.0, 0.37472, -2e-06, 1.0, 3e-06, 0.0, 0.0, 0.0, 0.0, 1.0],
                [1.0, 2e-06, -4e-06, -0.0, -4e-06, 3e-06, -1.0, 0.37472, -2e-06, 1.0, 3e-06, -0.0, 0.0, 0.0, 0.0, 1.0],
                [1.0, 2e-06, -4e-06, -0.0, -4e-06, 3e-06, -1.0, 0.37472, -2e-06, 1.0, 3e-06, -0.0, 0.0, 0.0, 0.0, 1.0]
            ]
        },
        {
            "name": "Thigh_L",
            "time": [0.0, 0.1, 0.2, 0.3, 0.4, 0.45, 0.5, 0.6, 0.7, 0.9333, 1.2],
            "transform": [
                [0.981872, 0.18431, -0.044243, -0.125006, 0.186831, -0.901712, 0.389886, -0.002831, 0.031965, -0.391084, -0.9198, -1.2e-05, 0.0, 0.0, 0.0, 1.0],
                [0.980896, 0.194524, 0.002431, -0.125006, 0.193771, -0.978054, 0.076571, -0.002831, 0.017273, -0.074637, -0.997061, -1.2e-05, 0.0, 0.0, 0.0, 1.0],
                [0.992368, 0.116419, -0.040674, -0.125006, 0.12224, -0.885075, 0.449112, -0.002831, 0.016285, -0.450655, -0.892549, -1.2e-05, 0.0, 0.0, 0.0, 1.0],
                [0.980717, 0.179972, -0.076189, -0.125006, 0.191625, -0.808921, 0.555812, -0.002831, 0.038399, -0.559695, -0.82781, -1.2e-05, 0.0, 0.0, 0.0, 1.0],
                [0.963811, 0.198876, -0.177527, -0.125006, 0.263482, -0.609339, 0.747851, -0.00283, 0.040556, -0.767564, -0.639688, -1.2e-05, 0.0, 0.0, 0.0, 1.0],
                [0.99945, -0.018446, -0.027562, -0.125006, -0.003207, -0.880907, 0.473279, -0.002831, -0.03301, -0.472931, -0.880481, -1.2e-05, 0.0, 0.0, 0.0, 1.0],
                [0.9921, -0.049512, -0.115271, -0.125006, -0.051214, -0.998618, -0.011847, -0.002831, -0.114525, 0.017657, -0.993263, -1.2e-05, 0.0, 0.0, 0.0, 1.0],
                [0.94756, -0.316692, -0.042845, -0.125006, 0.024161, -0.062692, 0.99774, -0.00283, -0.318662, -0.946455, -0.051753, -1.2e-05, 0.0, 0.0, 0.0, 1.0],
                [0.938506, -0.32068, -0.127946, -0.125006, -0.166424, -0.744856, 0.646137, -0.002831, -0.302505, -0.585111, -0.75242, -1.2e-05, 0.0, 0.0, 0.0, 1.0],
                [0.976513, -0.118151, -0.180171, -0.125006, 0.002245, -0.830607, 0.556855, -0.002831, -0.215445, -0.544181, -0.810833, -1.2e-05, 0.0, 0.0, 0.0, 1.0],
                [0.952982, 0.11234, -0.281435, -0.125006, 0.240406, -0.845679, 0.47648, -0.00283, -0.184476, -0.521735, -0.832924, -1.2e-05, 0.0, 0.0, 0.0, 1.0]
            ]
        },
        {
            "name": "Leg_L",
            "time": [0.0, 0.1, 0.2, 0.3, 0.4, 0.45, 0.5, 0.6, 0.7, 0.9333, 1.2],
            "transform": [
                [0.999999, -1e-06, 2e-06, 0.0, -1e-06, 0.423462, 0.905913, 0.37472, -1e-06, -0.905913, 0.423462, -0.0, 0.0, 0.0, 0.0, 1.0],
                [0.999999, 1e-06, 1e-06, -0.0, -1e-06, 0.999986, 0.005232, 0.37472, -1e-06, -0.005231, 0.999986, -0.0, 0.0, 0.0, 0.0, 1.0],
                [1.0, 0.0, 2e-06, 0.0, -1e-06, 0.786041, 0.618173, 0.37472, -1e-06, -0.618174, 0.786042, 0.0, 0.0, 0.0, 0.0, 1.0],
                [0.999999, 0.0, 2e-06, 0.0, -1e-06, 0.727791, 0.685798, 0.37472, -1e-06, -0.685798, 0.727791, -0.0, 0.0, 0.0, 0.0, 1.0],
                [1.0, -1e-06, 1e-06, -0.0, -1e-06, 0.31225, 0.95, 0.37472, -1e-06, -0.95, 0.312251, -0.0, 0.0, 0.0, 0.0, 1.0],
                [1.0, 0.0, 2e-06, -0.0, -1e-06, 0.774725, 0.632298, 0.37472, -1e-06, -0.632298, 0.774726, 0.0, 0.0, 0.0, 0.0, 1.0],
                [0.999999, 1e-06, 1e-06, 0.0, -1e-06, 0.999983, 0.005533, 0.37472, -1e-06, -0.005534, 0.999985, 0.0, 0.0, 0.0, 0.0, 1.0],
                [0.999999, -1e-06, 1e-06, -0.0, -1e-06, -0.236623, 0.9716, 0.37472, -1e-06, -0.971601, -0.236623, -0.0, 0.0, 0.0, 0.0, 1.0],
                [1.0, -1e-06, 1e-06, 0.0, -1e-06, -0.251746, 0.967792, 0.37472, -1e-06, -0.967792, -0.251746, -0.0, 0.0, 0.0, 0.0, 1.0],
                [1.0, -1e-06, 1e-06, -0.0, -1e-06, -0.198644, 0.98007, 0.37472, -1e-06, -0.980072, -0.198644, -0.0, 0.0, 0.0, 0.0, 1.0],
                [0.999999, -1e-06, 1e-06, -0.0, -1e-06, -0.114005, 0.993479, 0.37472, -1e-06, -0.99348, -0.114005, -0.0, 0.0, 0.0, 0.0, 1.0]
            ]
        },
        {
            "name": "Knee_L",
            "time": [0.0, 0.1, 0.2, 0.3, 0.4, 0.45, 0.5, 0.6, 0.7, 0.9333, 1.2],
            "transform": [
                [1.0, 1e-06, -1e-06, 0.0, -2e-06, 0.536908, -0.843641, 0.37472, -0.0, 0.843641, 0.536908, -0.0, 0.0, 0.0, 0.0, 1.0],
                [0.999997, -0.0, -1e-06, 0.0, -2e-06, 0.002617, -0.999996, 0.37472, 1e-06, 0.999994, 0.002617, -0.0, 0.0, 0.0, 0.0, 1.0],
                [1.0, 1e-06, -1e-06, 0.0, -2e-06, 0.327078, -0.944997, 0.37472, -0.0, 0.944998, 0.327078, 0.0, 0.0, 0.0, 0.0, 1.0],
                [1.0, -0.0, -1e-06, -0.0, -1e-06, 0.368924, -0.92946, 0.37472, 0.0, 0.92946, 0.368924, -0.0, 0.0, 0.0, 0.0, 1.0],
                [1.0, 1e-06, -1e-06, 0.0, -2e-06, 0.586409, -0.810015, 0.37472, -1e-06, 0.810015, 0.58641, -0.0, 0.0, 0.0, 0.0, 1.0],
                [1.0, 1e-06, -1e-06, -0.0, -1e-06, 0.335616, -0.941999, 0.37472, -0.0, 0.941999, 0.335616, 0.0, 0.0, 0.0, 0.0, 1.0],
                [1.0, 1e-06, -2e-06, 0.0, -1e-06, 0.002767, -0.999996, 0.37472, -2e-06, 0.999996, 0.002767, 0.0, 0.0, 0.0, 0.0, 1.0],
                [1.0, 1e-06, -0.0, -0.0, -1e-06, 0.786329, -0.617808, 0.37472, -0.0, 0.617808, 0.786329, -0.0, 0.0, 0.0, 0.0, 1.0],
                [1.0, 1e-06, -0.0, -0.0, -1e-06, 0.791123, -0.611658, 0.37472, -0.0, 0.611659, 0.791123, 0.0, 0.0, 0.0, 0.0, 1.0],
                [1.0, 2e-06, -1e-06, -0.0, -2e-06, 0.77416, -0.63299, 0.37472, -0.0, 0.632991, 0.77416, -0.0, 0.0, 0.0, 0.0, 1.0],
                [1.0, 1e-06, -1e-06, -0.0, -1e-06, 0.746327, -0.66558, 0.37472, -1e-06, 0.66558, 0.746327, -0.0, 0.0, 0.0, 0.0, 1.0]
            ]
        },
        {
            "name": "Torso",
            "time": [0.0, 0.1, 0.2, 0.3, 0.4, 0.45, 0.5, 0.6, 0.7, 0.9333, 1.2],
            "transform": [
                [0.998912, -0.04664, -0.000131, -0.0, 0.04664, 0.998896, 0.005596, 0.05, -0.00013, -0.005596, 0.999985, 0.0, 0.0, 0.0, 0.0, 1.0],
                [0.999988, -0.004852, 0.000157, -0.0, 0.004852, 0.997891, -0.064731, 0.05, 0.000157, 0.064731, 0.997903, 0.0, 0.0, 0.0, 0.0, 1.0],
                [0.999989, -0.004852, 0.000157, -0.0, 0.004852, 0.997891, -0.064731, 0.05, 0.000157, 0.064731, 0.997903, -0.0, 0.0, 0.0, 0.0, 1.0],
                [0.999988, -0.004852, 0.000157, 0.0, 0.004852, 0.997891, -0.064731, 0.05, 0.000157, 0.064731, 0.997903, 0.0, 0.0, 0.0, 0.0, 1.0],
                [0.999346, -0.034364, -0.01125, -0.0, 0.031493, 0.980064, -0.196173, 0.05, 0.017767, 0.19569, 0.980505, -0.0, 0.0, 0.0, 0.0, 1.0],
                [0.999749, -0.021367, -0.006722, -0.0, 0.02049, 0.993618, -0.110921, 0.05, 0.009049, 0.110755, 0.993806, 0.0, 0.0, 0.0, 0.0, 1.0],
                [0.999961, -0.008825, -0.001099, 0.0, 0.008794, 0.999647, -0.025049, 0.05, 0.00132, 0.025039, 0.999685, -0.0, 0.0, 0.0, 0.0, 1.0],
                [0.999871, -0.01609, 0.000611, -0.0, 0.016038, 0.998597, 0.050471, 0.05, -0.001423, -0.050454, 0.998725, 0.0, 0.0, 0.0, 0.0, 1.0],
                [0.992492, -0.119171, 0.027518, -0.0, 0.120748, 0.99053, -0.065345, 0.05, -0.01947, 0.068178, 0.997483, 0.0, 0.0, 0.0, 0.0, 1.0],
                [0.984151, -0.175819, 0.023136, 0.0, 0.177325, 0.977034, -0.118154, 0.05, -0.001831, 0.120384, 0.992726, -0.0, 0.0, 0.0, 0.0, 1.0],
                [0.970568, -0.239836, 0.021858, -0.0, 0.239835, 0.954334, -0.178118, 0.05, 0.021859, 0.178118, 0.983767, 0.0, 0.0, 0.0, 0.0, 1.0]
            ]
        },
        {
            "name": "Chest",
            "time": [0.0, 0.1, 0.2, 0.3, 0.4, 0.45, 0.5, 0.6, 0.7, 0.9333, 1.2],
            "transform": [
                [0.381823, 0.043518, -0.92321, -0.0, -0.011738, 0.999038, 0.042238, 0.3, 0.924161, -0.005291, 0.381967, -0.0, 0.0, 0.0, 0.0, 1.0],
                [0.539201, -0.000606, -0.842177, 0.0, 0.039569, 0.998913, 0.024615, 0.3, 0.841247, -0.046596, 0.538639, -0.0, 0.0, 0.0, 0.0, 1.0],
                [0.964512, 0.157712, -0.211765, 0.0, -0.079867, 0.938706, 0.335339, 0.3, 0.251672, -0.306525, 0.917989, -0.0, 0.0, 0.0, 0.0, 1.0],
                [0.796568, -0.052095, 0.602299, -0.0, -0.011072, 0.994856, 0.100693, 0.3, -0.604447, -0.086878, 0.791894, 0.0, 0.0, 0.0, 0.0, 1.0],
                [0.080042, -0.152931, 0.98499, 0.0, -0.191036, 0.96749, 0.165738, 0.3, -0.978314, -0.201435, 0.048225, 0.0, 0.0, 0.0, 0.0, 1.0],
                [-0.145458, -0.042921, 0.988433, -0.0, 0.046794, 0.997642, 0.050207, 0.3, -0.988257, 0.053555, -0.143107, -0.0, 0.0, 0.0, 0.0, 1.0],
                [-0.212744, 0.002848, 0.977104, 0.0, 0.050744, 0.998678, 0.008138, 0.3, -0.97579, 0.051313, -0.212608, -0.0, 0.0, 0.0, 0.0, 1.0],
                [0.878481, -0.003779, 0.477762, -0.0, 0.056955, 0.993666, -0.096867, 0.3, -0.47437, 0.112307, 0.873133, 0.0, 0.0, 0.0, 0.0, 1.0],
                [0.860535, 0.039749, -0.507837, -0.0, 0.056329, 0.983411, 0.172423, 0.3, 0.506267, -0.176982, 0.844021, -0.0, 0.0, 0.0, 0.0, 1.0],
                [0.918657, 0.02395, -0.394329, 0.0, 0.064085, 0.975906, 0.208569, 0.3, 0.389823, -0.216874, 0.894988, 0.0, 0.0, 0.0, 0.0, 1.0],
                [0.965926, -1e-06, -0.258818, 0.0, 0.066988, 0.965926, 0.25, 0.3, 0.249999, -0.25882, 0.933012, 0.0, 0.0, 0.0, 0.0, 1.0]
            ]
        },
        {
            "name": "Head",
            "time": [0.0, 0.1, 0.2, 0.3, 0.4, 0.45, 0.5, 0.6, 0.6333, 0.7, 0.9333, 1.2],
            "transform": [
                [-0.912705, 0.186422, 0.363615, -0.0, 0.069614, 0.947796, -0.311187, 0.400001, -0.402645, -0.25871, -0.878036, -0.0, 0.0, 0.0, 0.0, 1.0],
                [0.510855, 0.17601, 0.841456, -0.0, -0.281274, 0.959163, -0.029868, 0.4, -0.81235, -0.221421, 0.5395, 0.0, 0.0, 0.0, 0.0, 1.0],
                [0.748704, 0.14123, -0.647686, -0.0, -0.100766, 0.989935, 0.099376, 0.4, 0.655201, -0.009138, 0.755399, -0.0, 0.0, 0.0, 0.0, 1.0],
                [-0.101935, 0.455547, -0.884356, 0.0, -0.076076, 0.882814, 0.463521, 0.400001, 0.991878, 0.114527, -0.055334, -0.0, 0.0, 0.0, 0.0, 1.0],
                [-0.42959, 0.340722, -0.836278, 0.0, 0.306736, 0.926081, 0.219742, 0.4, 0.849332, -0.162118, -0.502347, 0.0, 0.0, 0.0, 0.0, 1.0],
                [-0.139934, 0.190556, -0.971652, 0.0, 0.427175, 0.896905, 0.114377, 0.400001, 0.893275, -0.39906, -0.206909, 0.0, 0.0, 0.0, 0.0, 1.0],
                [0.188904, -0.264565, -0.945685, -0.0, 0.408644, 0.896859, -0.169277, 0.400001, 0.892931, -0.354471, 0.277534, -0.0, 0.0, 0.0, 0.0, 1.0],
                [0.991445, 0.040361, 0.12413, -0.0, -0.019288, 0.985854, -0.166494, 0.400001, -0.129094, 0.162675, 0.978198, 0.0, 0.0, 0.0, 0.0, 1.0],
                [0.736255, 0.230607, 0.636199, 0.0, -0.110802, 0.968537, -0.222843, 0.4, -0.667571, 0.093577, 0.738642, 0.0, 0.0, 0.0, 0.0, 1.0],
                [-0.095446, 0.070652, 0.992924, 0.0, -0.209303, 0.973755, -0.089408, 0.4, -0.973181, -0.216356, -0.078153, -0.0, 0.0, 0.0, 0.0, 1.0],
                [-0.219063, 0.017598, 0.975552, -0.0, -0.162265, 0.985257, -0.05421, 0.4, -0.962123, -0.170173, -0.212979, 0.0, 0.0, 0.0, 0.0, 1.0],
                [-0.418005, -0.0551, 0.906773, 0.0, -0.08224, 0.996355, 0.022632, 0.4, -0.904715, -0.065112, -0.421013, -0.0, 0.0, 0.0, 0.0, 1.0]
            ]
        },
        {
            "name": "Shoulder_R",
            "time": [0.0, 0.1, 0.2, 0.3, 0.4, 0.45, 0.5, 0.6, 0.6333, 0.7, 0.9333, 1.2],
            "transform": [
                [-0.008133, 0.940336, 0.34015, -0.0, 0.002175, -0.340144, 0.940372, 0.400001, 0.999964, 0.008388, 0.000721, -0.0, 0.0, 0.0, 0.0, 1.0],
                [0.048614, 0.994924, 0.088105, -0.0, -0.013021, -0.08757, 0.996074, 0.4, 0.998733, -0.04957, 0.008698, 0.0, 0.0, 0.0, 0.0, 1.0],
                [0.011102, 0.996141, 0.087063, -0.0, -0.002976, -0.087035, 0.996201, 0.4, 0.999934, -0.011319, 0.001998, -0.0, 0.0, 0.0, 0.0, 1.0],
                [0.01195, 0.99613, 0.087072, 0.0, -0.003203, -0.08704, 0.9962, 0.400001, 0.999924, -0.012183, 0.00215, -0.0, 0.0, 0.0, 0.0, 1.0],
                [0.034409, 0.995564, 0.087556, 0.0, -0.009217, -0.087288, 0.996141, 0.4, 0.999365, -0.035083, 0.006173, 0.0, 0.0, 0.0, 0.0, 1.0],
                [0.258881, 0.953105, 0.15675, 0.0, -0.069328, -0.143529, 0.987215, 0.400001, 0.963418, -0.266438, 0.02892, 0.0, 0.0, 0.0, 0.0, 1.0],
                [0.469259, 0.854269, 0.223652, -0.0, -0.125665, -0.18609, 0.974464, 0.400001, 0.874073, -0.485381, 0.020027, -0.0, 0.0, 0.0, 0.0, 1.0],
                [0.018849, 0.908037, 0.418465, -0.0, -0.005051, -0.418447, 0.908227, 0.400001, 0.999809, -0.019233, -0.003301, 0.0, 0.0, 0.0, 0.0, 1.0],
                [0.013883, 0.922863, 0.384877, 0.0, -0.003721, -0.384863, 0.922966, 0.4, 0.999896, -0.014245, -0.001909, 0.0, 0.0, 0.0, 0.0, 1.0],
                [-0.077243, 0.925871, 0.369859, 0.0, 0.020682, -0.3694, 0.92904, 0.4, 0.996797, 0.079411, 0.009385, -0.0, 0.0, 0.0, 0.0, 1.0],
                [-0.099575, 0.91795, 0.383996, -0.0, 0.026662, -0.383314, 0.923233, 0.4, 0.994672, 0.102169, 0.013694, 0.0, 0.0, 0.0, 0.0, 1.0],
                [-0.124972, 0.908045, 0.399794, 0.0, 0.033463, -0.398867, 0.916398, 0.4, 0.991596, 0.127903, 0.019461, -0.0, 0.0, 0.0, 0.0, 1.0]
            ]
        },
        {
            "name": "Arm_R",
            "time": [0.0, 0.1, 0.2, 0.3, 0.4, 0.45, 0.5, 0.5833, 0.6, 0.6333, 0.7, 0.9333, 1.2],
            "transform": [
                [-0.385074, -0.600481, -0.700813, -1.9e-05, -0.429242, 0.788769, -0.439991, 0.388503, 0.816987, 0.131389, -0.561487, -0.00091, 0.0, 0.0, 0.0, 1.0],
                [0.310774, -0.625365, -0.715777, -1.9e-05, -0.950388, -0.193841, -0.243281, 0.388503, 0.013392, 0.755871, -0.654582, -0.00091, 0.0, 0.0, 0.0, 1.0],
                [0.093811, -0.388726, -0.916564, -1.9e-05, -0.981164, -0.192249, -0.018888, 0.388503, -0.168867, 0.901072, -0.399439, -0.00091, 0.0, 0.0, 0.0, 1.0],
                [-0.02642, -0.21303, -0.976687, -1.9e-05, -0.99529, 0.096764, 0.005818, 0.388502, 0.093269, 0.972241, -0.214583, -0.00091, 0.0, 0.0, 0.0, 1.0],
                [0.115197, -0.713112, -0.691519, -1.9e-05, -0.992005, -0.046471, -0.117332, 0.388502, 0.051536, 0.699507, -0.712764, -0.00091, 0.0, 0.0, 0.0, 1.0],
                [0.199918, -0.906243, -0.372498, -1.9e-05, -0.940356, -0.070663, -0.332771, 0.388503, 0.27525, 0.416807, -0.866319, -0.00091, 0.0, 0.0, 0.0, 1.0],
                [-0.066801, -0.93702, 0.342826, -1.9e-05, -0.719266, -0.192908, -0.667414, 0.388502, 0.691514, -0.291168, -0.661081, -0.00091, 0.0, 0.0, 0.0, 1.0],
                [0.181259, -0.886082, 0.426618, -1.9e-05, -0.35037, -0.463524, -0.81387, 0.388502, 0.918905, -0.001953, -0.394474, -0.00091, 0.0, 0.0, 0.0, 1.0],
                [0.176091, -0.865711, 0.468546, -1.9e-05, -0.174237, -0.49588, -0.85073, 0.388503, 0.968831, 0.068168, -0.238159, -0.00091, 0.0, 0.0, 0.0, 1.0],
                [0.06262, -0.988716, -0.136079, -1.9e-05, 0.109731, 0.142341, -0.983716, 0.388502, 0.991985, 0.046668, 0.117406, -0.00091, 0.0, 0.0, 0.0, 1.0],
                [-0.265718, -0.717393, -0.644003, -1.9e-05, -0.127922, 0.688348, -0.714011, 0.388502, 0.955525, -0.107343, -0.274677, -0.00091, 0.0, 0.0, 0.0, 1.0],
                [-0.199402, -0.516353, -0.832837, -1.9e-05, -0.106794, 0.856293, -0.505327, 0.388502, 0.97408, -0.011821, -0.22589, -0.00091, 0.0, 0.0, 0.0, 1.0],
                [-0.103686, -0.631651, -0.768287, -1.9e-05, -0.250903, 0.764079, -0.594331, 0.388502, 0.962442, 0.131142, -0.237708, -0.00091, 0.0, 0.0, 0.0, 1.0]
            ]
        },
        {
            "name": "Hand_R",
            "time": [0.0, 0.1, 0.2, 0.3, 0.4, 0.45, 0.5, 0.6, 0.6333, 0.7, 0.9333, 1.2],
            "transform": [
                [1.000001, 0.0, 0.0, -0.0, -0.0, 0.995034, -0.099554, 0.329779, -0.0, 0.099554, 0.995033, 0.0, 0.0, 0.0, 0.0, 1.0],
                [1.000001, 0.0, 0.0, -0.0, -0.0, 1.000001, -0.0, 0.329779, -0.0, 0.0, 1.0, -0.0, 0.0, 0.0, 0.0, 1.0],
                [1.0, 0.0, 0.0, 0.0, -0.0, 1.000001, -0.0, 0.329779, -0.0, 0.0, 1.000001, -0.0, 0.0, 0.0, 0.0, 1.0],
                [1.000001, 0.0, 0.0, 0.0, -0.0, 1.0, -0.0, 0.329779, -1e-06, 0.0, 1.000001, -0.0, 0.0, 0.0, 0.0, 1.0],
                [1.000001, 0.0, 0.0, -0.0, -0.0, 1.0, -0.0, 0.329779, -0.0, 0.0, 1.000001, 0.0, 0.0, 0.0, 0.0, 1.0],
                [0.99494, 0.100399, 0.003966, -0.0, -0.096739, 0.967842, -0.232219, 0.329779, -0.027153, 0.23066, 0.972656, 0.0, 0.0, 0.0, 0.0, 1.0],
                [0.980085, 0.197975, -0.015511, -0.0, -0.183571, 0.873441, -0.451004, 0.329779, -0.07574, 0.44487, 0.892387, 0.0, 0.0, 0.0, 0.0, 1.0],
                [1.0, 0.0, 0.0, -0.0, -0.0, 0.992239, -0.124361, 0.329779, -0.0, 0.124361, 0.992239, 0.0, 0.0, 0.0, 0.0, 1.0],
                [1.000002, 0.0, 0.0, -0.0, -0.0, 0.996689, -0.08133, 0.329779, -0.0, 0.08133, 0.996688, -0.0, 0.0, 0.0, 0.0, 1.0],
                [1.0, 0.0, 0.0, 0.0, -0.0, 0.998946, -0.045915, 0.329779, -0.0, 0.045915, 0.998946, 0.0, 0.0, 0.0, 0.0, 1.0],
                [1.0, 0.0, 0.0, -0.0, -0.0, 0.998126, -0.061204, 0.329779, -0.0, 0.061204, 0.998127, -0.0, 0.0, 0.0, 0.0, 1.0],
                [1.000001, 0.0, 0.0, -0.0, -0.0, 0.996903, -0.078656, 0.329779, -0.0, 0.078656, 0.996903, 0.0, 0.0, 0.0, 0.0, 1.0]
            ]
        },
        {
            "name": "Tool_R",
            "time": [0.0, 0.0333, 0.1, 0.2, 0.3, 0.35, 0.4, 0.45, 0.5, 0.5833, 0.6, 0.6333, 0.7, 0.9333, 1.2],
            "transform": [
                [1.0, -0.0, 0.0, -0.02, -0.0, -0.977476, 0.211044, 0.291425, 0.0, -0.211044, -0.977477, 0.0, 0.0, 0.0, 0.0, 1.0],
                [0.625433, 0.699252, -0.346237, -0.02, 0.591134, -0.714259, -0.374692, 0.291425, -0.509308, 0.029672, -0.860073, 0.0, 0.0, 0.0, 0.0, 1.0],
                [-0.009823, 0.780727, 0.624795, -0.02, 0.877434, 0.306409, -0.369084, 0.291425, -0.479597, 0.544591, -0.688046, -0.0, 0.0, 0.0, 0.0, 1.0],
                [-0.268761, -0.949864, -0.15977, -0.02, 0.884906, -0.309001, 0.348511, 0.291425, -0.380407, -0.047715, 0.923588, 0.0, 0.0, 0.0, 0.0, 1.0],
                [-0.226553, 0.973985, -0.005161, -0.02, 0.972446, 0.22589, -0.057654, 0.291425, -0.054988, -0.018081, -0.998324, 0.0, 0.0, 0.0, 0.0, 1.0],
                [-0.16644, 0.332726, 0.92822, -0.02, 0.94711, 0.315882, 0.056597, 0.291425, -0.274376, 0.888545, -0.367703, 0.0, 0.0, 0.0, 0.0, 1.0],
                [-0.131322, -0.785364, 0.604945, -0.02, 0.78498, 0.290307, 0.547293, 0.291425, -0.605443, 0.546741, 0.578371, -0.0, 0.0, 0.0, 0.0, 1.0],
                [0.360469, -0.477064, -0.801544, -0.02, 0.674472, -0.460272, 0.577268, 0.291425, -0.644322, -0.748705, 0.155853, 0.0, 0.0, 0.0, 0.0, 1.0],
                [0.966105, 0.216684, -0.140321, 0.065454, 0.05921, -0.715064, -0.696546, 0.715613, -0.251269, 0.664629, -0.703657, 0.428518, 0.0, 0.0, 0.0, 1.0],
                [0.999052, 0.017282, -0.039957, -0.000574, 0.016269, -0.99954, -0.025547, 0.352685, -0.04038, 0.024873, -0.998875, 0.8572, 0.0, 0.0, 0.0, 1.0],
                [1.0, 0.0, 0.0, -0.020001, 0.0, -0.92041, -0.390951, 0.639934, 0.0, 0.390951, -0.920411, 0.933983, 0.0, 0.0, 0.0, 1.0],
                [1.0, -0.0, 0.0, -0.02, 0.0, -0.613935, -0.789356, 0.863179, 0.0, 0.789356, -0.613936, 0.52262, 0.0, 0.0, 0.0, 1.0],
                [1.0, 0.0, 0.0, -0.02, 0.0, -0.634226, -0.773148, 0.291425, 0.0, 0.773147, -0.634226, -0.0, 0.0, 0.0, 0.0, 1.0],
                [1.0, 0.0, 0.0, -0.02, 0.0, -0.634226, -0.773148, 0.291425, 0.0, 0.773147, -0.634226, -0.0, 0.0, 0.0, 0.0, 1.0],
                [1.0, -0.0, 0.0, -0.02, 0.0, -0.634226, -0.773148, 0.291426, 0.0, 0.773147, -0.634226, -0.0, 0.0, 0.0, 0.0, 1.0]
            ]
        },
        {
            "name": "Elbow_R",
            "time": [0.0, 0.1, 0.2, 0.3, 0.4, 0.45, 0.5, 0.6, 0.7, 0.9333, 1.2],
            "transform": [
                [-1.000001, -0.0, -1e-06, -0.0, 1e-06, 0.049839, -0.99876, 0.329779, -0.0, -0.998758, -0.049839, 0.0, 0.0, 0.0, 0.0, 1.0],
                [-1.000001, -1e-06, -0.0, -0.0, 0.0, 0.0, -1.000001, 0.329779, 0.0, -1.0, -0.0, -0.0, 0.0, 0.0, 0.0, 1.0],
                [-1.0, -0.0, -1e-06, 0.0, 1e-06, -0.0, -1.000001, 0.329779, -0.0, -1.000001, 0.0, -0.0, 0.0, 0.0, 0.0, 1.0],
                [-1.000001, 0.0, -0.0, 0.0, 0.0, 0.0, -1.000001, 0.329779, 0.0, -1.000001, -0.0, -0.0, 0.0, 0.0, 0.0, 1.0],
                [-1.000001, -0.0, 0.0, -0.0, 0.0, 0.0, -1.0, 0.329779, 0.0, -1.000001, -0.0, 0.0, 0.0, 0.0, 0.0, 1.0],
                [-1.000001, -1e-06, 0.0, -0.0, -1e-06, 0.116159, -0.993232, 0.329779, 1e-06, -0.993231, -0.116158, 0.0, 0.0, 0.0, 0.0, 1.0],
                [-1.000001, -0.0, -0.0, -0.0, 0.0, 0.229175, -0.973386, 0.329779, 0.0, -0.973386, -0.229175, 0.0, 0.0, 0.0, 0.0, 1.0],
                [-1.000001, -0.0, -1e-06, 0.0, 1e-06, 0.062302, -0.998058, 0.329779, 0.0, -0.998059, -0.062302, 0.0, 0.0, 0.0, 0.0, 1.0],
                [-1.000001, -0.0, -0.0, 0.0, 1e-06, 0.022964, -0.999737, 0.329779, 0.0, -0.999737, -0.022964, -0.0, 0.0, 0.0, 0.0, 1.0],
                [-1.0, -0.0, -1e-06, -0.0, 1e-06, 0.030616, -0.999532, 0.329779, 0.0, -0.999532, -0.030616, -0.0, 0.0, 0.0, 0.0, 1.0],
                [-1.000001, 0.0, -1e-06, -0.0, 1e-06, 0.039358, -0.999226, 0.329779, 0.0, -0.999226, -0.039359, 0.0, 0.0, 0.0, 0.0, 1.0]
            ]
        },
        {
            "name": "Shoulder_L",
            "time": [0.0, 0.1, 0.2, 0.3, 0.4, 0.45, 0.5, 0.6, 0.7, 0.9333, 1.2],
            "transform": [
                [0.00015, -0.95278, -0.303659, -0.0, 4e-05, -0.303659, 0.952781, 0.400001, -1.0, -0.000155, -8e-06, -0.0, 0.0, 0.0, 0.0, 1.0],
                [0.000149, -0.952781, -0.303659, -0.0, 4e-05, -0.303659, 0.952782, 0.4, -1.0, -0.000154, -8e-06, 0.0, 0.0, 0.0, 0.0, 1.0],
                [0.272628, -0.954218, -0.123046, -0.0, 0.073006, -0.107004, 0.991575, 0.4, -0.959346, -0.279314, 0.040492, -0.0, 0.0, 0.0, 0.0, 1.0],
                [0.482983, -0.830802, -0.27658, 0.0, 0.129337, -0.244712, 0.960931, 0.400001, -0.866025, -0.499885, -0.010739, -0.0, 0.0, 0.0, 0.0, 1.0],
                [0.478267, -0.833566, -0.276458, 0.0, 0.128074, -0.245228, 0.960969, 0.4, -0.868826, -0.495006, -0.010526, 0.0, 0.0, 0.0, 0.0, 1.0],
                [0.412786, -0.852342, -0.321125, 0.0, 0.110539, -0.303078, 0.946534, 0.400001, -0.904096, -0.426212, -0.03089, 0.0, 0.0, 0.0, 0.0, 1.0],
                [0.34601, -0.863818, -0.36619, -0.0, 0.092657, -0.356929, 0.929525, 0.400001, -0.933644, -0.355555, -0.043462, -0.0, 0.0, 0.0, 0.0, 1.0],
                [0.242626, -0.885516, -0.396225, -0.0, 0.064972, -0.392679, 0.917378, 0.400001, -0.967942, -0.248323, -0.03774, 0.0, 0.0, 0.0, 0.0, 1.0],
                [0.000149, -0.952781, -0.303659, 0.0, 4e-05, -0.303659, 0.952781, 0.4, -1.0, -0.000154, -8e-06, -0.0, 0.0, 0.0, 0.0, 1.0],
                [0.000149, -0.952781, -0.303659, -0.0, 4e-05, -0.303659, 0.952781, 0.4, -1.0, -0.000154, -7e-06, 0.0, 0.0, 0.0, 0.0, 1.0],
                [0.000149, -0.952781, -0.303659, 0.0, 4e-05, -0.303659, 0.952781, 0.4, -1.0, -0.000154, -7e-06, -0.0, 0.0, 0.0, 0.0, 1.0]
            ]
        },
        {
            "name": "Arm_L",
            "time": [0.0, 0.1, 0.2, 0.3, 0.4, 0.45, 0.5, 0.6, 0.7, 0.9333, 1.2],
            "transform": [
                [-0.832228, 0.543386, -0.110131, 1.9e-05, -0.359755, -0.68039, -0.638472, 0.388503, -0.421869, -0.491734, 0.761725, -0.000909, 0.0, 0.0, 0.0, 1.0],
                [-0.440601, 0.769629, -0.462107, 1.9e-05, -0.875036, -0.483149, 0.02964, 0.388503, -0.200454, 0.41742, 0.886329, -0.000909, 0.0, 0.0, 0.0, 1.0],
                [-0.565143, 0.653325, -0.503764, 1.9e-05, -0.731679, -0.679022, -0.059786, 0.388503, -0.381127, 0.334806, 0.861769, -0.000909, 0.0, 0.0, 0.0, 1.0],
                [-0.388477, 0.914854, -0.110131, 1.9e-05, -0.677771, -0.364665, -0.638471, 0.388503, -0.624268, -0.173388, 0.761725, -0.000909, 0.0, 0.0, 0.0, 1.0],
                [-0.458292, 0.735062, -0.499652, 1.9e-05, -0.643359, -0.662223, -0.384123, 0.388503, -0.613234, 0.145415, 0.776401, -0.000909, 0.0, 0.0, 0.0, 1.0],
                [-0.423769, 0.872964, -0.241567, 1.9e-05, -0.655849, -0.479675, -0.582902, 0.388503, -0.624725, -0.088585, 0.775804, -0.000909, 0.0, 0.0, 0.0, 1.0],
                [-0.390378, 0.91943, 0.047471, 1.9e-05, -0.658244, -0.24269, -0.712613, 0.388503, -0.643677, -0.309436, 0.69995, -0.000909, 0.0, 0.0, 0.0, 1.0],
                [-0.719987, 0.685989, -0.105066, 1.9e-05, -0.479871, -0.601478, -0.638708, 0.388503, -0.501342, -0.409444, 0.762241, -0.000909, 0.0, 0.0, 0.0, 1.0],
                [-0.41805, 0.881082, -0.221198, 1.9e-05, -0.339817, -0.377493, -0.861408, 0.388503, -0.842471, -0.284945, 0.457218, -0.000909, 0.0, 0.0, 0.0, 1.0],
                [-0.243915, 0.946788, -0.209996, 1.9e-05, -0.283525, -0.276693, -0.918181, 0.388503, -0.927426, -0.164419, 0.335928, -0.000909, 0.0, 0.0, 0.0, 1.0],
                [-0.045776, 0.984528, -0.169144, 1.9e-05, -0.196217, -0.174884, -0.96484, 0.388503, -0.979491, -0.010978, 0.201187, -0.000909, 0.0, 0.0, 0.0, 1.0]
            ]
        },
        {
            "name": "Hand_L",
            "time": [0.0, 0.1, 0.2, 0.3, 0.4, 0.45, 0.5, 0.6, 0.7, 0.9333, 1.2],
            "transform": [
                [1.0, 0.0, 0.0, 0.0, -0.0, 0.993491, -0.113907, 0.329779, -0.0, 0.113907, 0.993491, -0.0, 0.0, 0.0, 0.0, 1.0],
                [1.0, 0.0, 0.0, -0.0, -0.0, 0.99349, -0.113907, 0.329779, -0.0, 0.113907, 0.993491, -0.0, 0.0, 0.0, 0.0, 1.0],
                [1.0, 0.0, 0.0, 0.0, -0.0, 1.0, 1e-06, 0.329779, -0.0, -1e-06, 1.0, 0.0, 0.0, 0.0, 0.0, 1.0],
                [1.0, 0.0, 0.0, 0.0, -0.0, 0.993491, -0.113907, 0.329779, -0.0, 0.113907, 0.993491, -0.0, 0.0, 0.0, 0.0, 1.0],
                [1.0, 0.000946, -2e-06, -0.0, -0.000946, 0.999991, -0.003861, 0.329779, -2e-06, 0.003861, 0.999992, -0.0, 0.0, 0.0, 0.0, 1.0],
                [1.0, 0.000473, -0.0, 0.0, -0.000473, 0.999997, -0.00193, 0.329779, -1e-06, 0.00193, 0.999997, 0.0, 0.0, 0.0, 0.0, 1.0],
                [1.0, 0.0, 0.0, -0.0, -0.0, 0.999999, 1e-06, 0.329779, -0.0, -1e-06, 0.999999, -0.0, 0.0, 0.0, 0.0, 1.0],
                [0.999999, 0.0, 0.0, -0.0, -0.0, 0.999999, 1e-06, 0.329779, -0.0, -1e-06, 1.000001, -0.0, 0.0, 0.0, 0.0, 1.0],
                [1.0, 1e-06, -0.0, 0.0, -1e-06, 0.866833, -0.498597, 0.329779, -0.0, 0.498597, 0.866833, -0.0, 0.0, 0.0, 0.0, 1.0],
                [0.999999, 1e-06, 0.0, 0.0, -1e-06, 0.7909, -0.611945, 0.329779, -0.0, 0.611944, 0.7909, -0.0, 0.0, 0.0, 0.0, 1.0],
                [1.0, 1e-06, -0.0, 0.0, -1e-06, 0.68784, -0.725863, 0.329779, -1e-06, 0.725862, 0.68784, -0.0, 0.0, 0.0, 0.0, 1.0]
            ]
        },
        {
            "name": "Tool_L",
            "time": [0.0, 0.1, 0.2, 0.3, 0.4, 0.5, 0.7, 0.9, 1.2],
            "transform": [
                [1.0, -0.0, 0.0, 0.02, 0.0, -1.0, 0.0, 0.291426, 0.0, -0.0, -1.000001, -0.0, 0.0, 0.0, 0.0, 1.0],
                [1.0, -0.0, 0.0, 0.02, 0.0, -1.0, 0.0, 0.291426, 0.0, -0.0, -1.000001, 0.0, 0.0, 0.0, 0.0, 1.0],
                [1.0, 0.0, 0.0, 0.02, 0.0, -1.0, -0.0, 0.291426, 0.0, -0.0, -1.000001, -0.0, 0.0, 0.0, 0.0, 1.0],
                [1.0, 0.0, 0.0, 0.02, 0.0, -1.0, 0.0, 0.291426, 0.0, 0.0, -1.000001, -0.0, 0.0, 0.0, 0.0, 1.0],
                [1.0, -0.0, 0.0, 0.02, 0.0, -1.0, 0.0, 0.291426, 0.0, -0.0, -1.0, -0.0, 0.0, 0.0, 0.0, 1.0],
                [1.0, -0.0, 0.0, 0.02, -0.0, -1.0, 0.0, 0.291426, 0.0, 0.0, -1.000001, -0.0, 0.0, 0.0, 0.0, 1.0],
                [1.0, 0.0, 0.0, 0.02, 0.0, -1.0, -0.0, 0.291425, 0.0, 0.0, -1.0, -0.0, 0.0, 0.0, 0.0, 1.0],
                [1.0, -0.0, 0.0, 0.02, -0.0, -1.0, -0.0, 0.291426, 0.0, -0.0, -1.0, -0.0, 0.0, 0.0, 0.0, 1.0],
                [1.0, -0.0, 0.0, 0.02, 0.0, -1.0, 0.0, 0.291426, 0.0, 0.0, -1.0, -0.0, 0.0, 0.0, 0.0, 1.0]
            ]
        },
        {
            "name": "Elbow_L",
            "time": [0.0, 0.1, 0.2, 0.3, 0.4, 0.45, 0.5, 0.6, 0.7, 0.9333, 1.2],
            "transform": [
                [-1.0, -0.0, -0.0, 0.0, 0.0, 0.057046, -0.998371, 0.329779, 0.0, -0.998371, -0.057046, -0.0, 0.0, 0.0, 0.0, 1.0],
                [-1.0, -0.0, -0.0, -0.0, 0.0, 0.057046, -0.998372, 0.329779, 0.0, -0.998371, -0.057047, -0.0, 0.0, 0.0, 0.0, 1.0],
                [-1.0, -0.0, -0.0, 0.0, 0.0, -0.0, -1.000001, 0.329779, 0.0, -1.000001, 0.0, 0.0, 0.0, 0.0, 0.0, 1.0],
                [-1.0, 0.0, -0.0, 0.0, 0.0, 0.057046, -0.998372, 0.329779, 0.0, -0.998371, -0.057046, -0.0, 0.0, 0.0, 0.0, 1.0],
                [-1.0, -0.0, -1e-06, -0.0, -0.0, 0.00193, -0.999997, 0.329779, 0.0, -0.999996, -0.00193, -0.0, 0.0, 0.0, 0.0, 1.0],
                [-1.0, -0.0, -1e-06, 0.0, 0.0, 0.000965, -0.999999, 0.329779, -0.0, -0.999999, -0.000965, 0.0, 0.0, 0.0, 0.0, 1.0],
                [-1.0, -1e-06, -1e-06, 0.0, 1e-06, -0.0, -1.0, 0.329779, 0.0, -1.0, 0.0, -0.0, 0.0, 0.0, 0.0, 1.0],
                [-1.0, -0.0, -0.0, 0.0, 1e-06, -1e-06, -1.0, 0.329779, 0.0, -1.0, 1e-06, -0.0, 0.0, 0.0, 0.0, 1.0],
                [-1.0, 0.0, -0.0, 0.0, 0.0, 0.258037, -0.966135, 0.329779, 0.0, -0.966135, -0.258037, -0.0, 0.0, 0.0, 0.0, 1.0],
                [-1.0, 0.0, -0.0, 0.0, 0.0, 0.323341, -0.946282, 0.329779, -0.0, -0.946282, -0.323342, -0.0, 0.0, 0.0, 0.0, 1.0],
                [-1.0, -0.0, -0.0, -0.0, 0.0, 0.39507, -0.918651, 0.329779, 0.0, -0.918651, -0.395069, -0.0, 0.0, 0.0, 0.0, 1.0]
            ]
        }
    ]
}