{
    "animation": [
        {
            "name": "Root",
            "time": [0.0, 0.1, 0.2, 0.2667, 0.3, 0.3333, 0.3667, 0.4, 0.7, 0.8, 0.9, 0.95, 1.0, 1.1, 1.1667, 1.2333, 1.3, 1.4, 1.5, 1.6],
            "transform": [
                [-0.957498, 0.077481, 0.277838, -5e-06, 0.281189, 0.465354, 0.839272, 0.000946, -0.064266, 0.881727, -0.467363, 0.610691, 0.0, 0.0, 0.0, 1.0],
                [-0.114445, 0.110551, 0.987259, -5e-06, 0.834274, 0.550232, 0.035097, 0.400404, -0.539342, 0.827661, -0.155201, 0.575055, 0.0, 0.0, 0.0, 1.0],
                [0.791317, 0.285722, 0.540537, -5e-06, 0.295705, 0.594958, -0.747384, 0.870946, -0.535141, 0.751258, 0.386311, 0.503782, 0.0, 0.0, 0.0, 1.0],
                [0.967566, 0.058826, 0.245673, -5e-06, 0.200831, 0.410807, -0.889328, 1.16702, -0.15324, 0.909823, 0.385669, 0.473122, 0.0, 0.0, 0.0, 1.0],
                [0.951739, -0.033484, -0.305076, -5e-06, -0.253849, 0.47279, -0.843819, 1.290226, 0.172492, 0.880539, 0.441473, 0.52538, 0.0, 0.0, 0.0, 1.0],
                [0.720369, 0.035039, -0.692705, -5e-06, -0.667306, 0.307348, -0.678409, 1.456465, 0.189131, 0.950952, 0.244786, 0.530437, 0.0, 0.0, 0.0, 1.0],
                [0.657651, 0.104664, -0.746017, -5e-06, -0.736912, 0.294958, -0.608243, 1.541134, 0.156383, 0.94976, 0.271108, 0.606384, 0.0, 0.0, 0.0, 1.0],
                [0.330862, 0.104492, -0.937876, -5e-06, -0.940703, 0.115384, -0.319004, 1.550946, 0.074882, 0.98781, 0.136472, 0.617176, 0.0, 0.0, 0.0, 1.0],
                [-0.383119, 0.078529, -0.920355, -5e-06, -0.890595, 0.232952, 0.390608, 1.550946, 0.245073, 0.969312, -0.019311, 0.665761, 0.0, 0.0, 0.0, 1.0],
                [-0.89669, 0.12097, -0.425809, -5e-06, -0.409474, 0.13875, 0.901709, 1.550946, 0.168161, 0.982911, -0.074882, 0.608982, 0.0, 0.0, 0.0, 1.0],
                [-0.918604, 0.078529, 0.387299, -5e-06, 0.394652, 0.232952, 0.88881, 1.550947, -0.020425, 0.969312, -0.244982, 0.608982, 0.0, 0.0, 0.0, 1.0],
                [-0.829473, 0.090175, 0.55122, -5e-06, 0.556728, 0.213063, 0.802906, 1.550946, -0.045043, 0.972868, -0.226933, 0.615646, 0.0, 0.0, 0.0, 1.0],
                [-0.698225, 0.098392, 0.709084, -5e-06, 0.712674, 0.189142, 0.675515, 1.550946, -0.067652, 0.977008, -0.202185, 0.62231, 0.0, 0.0, 0.0, 1.0],
                [-0.311283, 0.098098, 0.94524, -5e-06, 0.945368, 0.133348, 0.297486, 1.550946, -0.096863, 0.986202, -0.134247, 0.635637, 0.0, 0.0, 0.0, 1.0],
                [0.242406, 0.063978, 0.968063, -5e-06, 0.966249, 0.073756, -0.246826, 1.550946, -0.087192, 0.995222, -0.04394, 0.651185, 0.0, 0.0, 0.0, 1.0],
                [0.688181, 0.008601, 0.725488, -5e-06, 0.724606, 0.042546, -0.687848, 1.550946, -0.036783, 0.999057, 0.023047, 0.666734, 0.0, 0.0, 0.0, 1.0],
                [0.975297, 0.011841, 0.22058, -5e-06, 0.220288, 0.021981, -0.975187, 1.550946, -0.016395, 0.999688, 0.018829, 0.690169, 0.0, 0.0, 0.0, 1.0],
                [0.995862, 0.008591, -0.090474, -5e-06, -0.090568, 0.011286, -0.995826, 1.550946, -0.007534, 0.999899, 0.012018, 0.708024, 0.0, 0.0, 0.0, 1.0],
                [0.949571, 0.004211, -0.313525, -5e-06, -0.313542, 0.004389, -0.949564, 1.550946, -0.002623, 0.999982, 0.005488, 0.72588, 0.0, 0.0, 0.0, 1.0],
                [0.882948, -0.0, -0.469472, -5e-06, -0.469472, 0.0, -0.882948, 1.550946, 0.0, 1.0, -0.0, 0.743735, 0.0, 0.0, 0.0, 1.0]
            ]
        },
        {
            "name": "Thigh_R",
            "time": [0.0, 0.1, 0.2, 0.2667, 0.3, 0.3333, 0.3667, 0.4, 0.7, 0.8, 0.9, 1.0, 1.1, 1.2333, 1.3, 1.4, 1.5, 1.6],
            "transform": [
                [0.956434, -0.271785, 0.10661, 0.124994, -0.288804, -0.934236, 0.209271, -0.002831, 0.042723, -0.230944, -0.972029, -1.2e-05, 0.0, 0.0, 0.0, 1.0],
                [0.986635, -0.154971, 0.050334, 0.124994, -0.162308, -0.961928, 0.219883, -0.00283, 0.014342, -0.225114, -0.974226, -1.2e-05, 0.0, 0.0, 0.0, 1.0],
                [0.99764, 0.048617, -0.048465, 0.124994, 0.050351, -0.99811, 0.035217, -0.00283, -0.046662, -0.037574, -0.998203, -1.2e-05, 0.0, 0.0, 0.0, 1.0],
                [0.992756, -0.107804, 0.053022, 0.124994, -0.102172, -0.989786, -0.099417, -0.00283, 0.063198, 0.093279, -0.993631, -1.2e-05, 0.0, 0.0, 0.0, 1.0],
                [0.998628, -0.051421, 0.009814, 0.124994, -0.051845, -0.997436, 0.049335, -0.00283, 0.007252, -0.049776, -0.998733, -1.2e-05, 0.0, 0.0, 0.0, 1.0],
                [0.949593, 0.311311, 0.036825, 0.124994, 0.303063, -0.881645, -0.361735, -0.002831, -0.080146, 0.354662, -0.931552, -1.2e-05, 0.0, 0.0, 0.0, 1.0],
                [0.941347, 0.336927, 0.018543, 0.124994, 0.331482, -0.913061, -0.237567, -0.00283, -0.063112, 0.22978, -0.971193, -1.2e-05, 0.0, 0.0, 0.0, 1.0],
                [0.896737, 0.435917, -0.076396, 0.124994, 0.440549, -0.895702, 0.060281, -0.002831, -0.042151, -0.087713, -0.995253, -1.2e-05, 0.0, 0.0, 0.0, 1.0],
                [0.996746, 0.077406, -0.022441, 0.124994, 0.080593, -0.95792, 0.275486, -0.002831, -0.000173, -0.276398, -0.961043, -1.2e-05, 0.0, 0.0, 0.0, 1.0],
                [0.97862, -0.165662, 0.121888, 0.124994, -0.20439, -0.717287, 0.666125, -0.002831, -0.022923, -0.676797, -0.735812, -1.2e-05, 0.0, 0.0, 0.0, 1.0],
                [0.964466, 0.218272, -0.148866, 0.124994, 0.264204, -0.797228, 0.542792, -0.00283, -0.000203, -0.562836, -0.826568, -1.2e-05, 0.0, 0.0, 0.0, 1.0],
                [0.930444, 0.324222, -0.17074, 0.124994, 0.366241, -0.83787, 0.404773, -0.002831, -0.011822, -0.439151, -0.898335, -1.2e-05, 0.0, 0.0, 0.0, 1.0],
                [0.992053, 0.123986, -0.021337, 0.124994, 0.120682, -0.889923, 0.439854, -0.002831, 0.035547, -0.438934, -0.897815, -1.2e-05, 0.0, 0.0, 0.0, 1.0],
                [0.988188, -0.088989, 0.124753, 0.124994, -0.108195, -0.98169, 0.156773, -0.00283, 0.108518, -0.168419, -0.979724, -1.2e-05, 0.0, 0.0, 0.0, 1.0],
                [0.993383, 0.027989, 0.111383, 0.124994, 0.006354, -0.981755, 0.19004, -0.002831, 0.11467, -0.188075, -0.975437, -1.2e-05, 0.0, 0.0, 0.0, 1.0],
                [0.989832, 0.074227, 0.121331, 0.124994, 0.061602, -0.992594, 0.104689, -0.002831, 0.128203, -0.09615, -0.987076, -1.2e-05, 0.0, 0.0, 0.0, 1.0],
                [0.984253, 0.10804, 0.139899, 0.124994, 0.103941, -0.993919, 0.036306, -0.002831, 0.142971, -0.021193, -0.9895, -1.2e-05, 0.0, 0.0, 0.0, 1.0],
                [0.981135, 0.10002, 0.165435, 0.124994, 0.103092, -0.99462, -0.010065, -0.002831, 0.163538, 0.026931, -0.986169, -1.2e-05, 0.0, 0.0, 0.0, 1.0]
            ]
        },
        {
            "name": "Leg_R",
            "time": [0.0, 0.1, 0.2, 0.2667, 0.3, 0.3333, 0.3667, 0.4, 0.7, 0.8, 0.9, 1.0, 1.1, 1.2333, 1.3, 1.4, 1.5, 1.6],
            "transform": [
                [1.000001, -0.0, 5e-06, 0.0, -4e-06, 0.519042, 0.85475, 0.37472, -3e-06, -0.854748, 0.519042, 0.0, 0.0, 0.0, 0.0, 1.0],
                [1.000001, 1e-06, 5e-06, -0.0, -4e-06, 0.643561, 0.765396, 0.37472, -2e-06, -0.765396, 0.643561, -0.0, 0.0, 0.0, 0.0, 1.0],
                [1.000001, 1e-06, 4e-06, -0.0, -4e-06, 0.747609, 0.66414, 0.37472, -2e-06, -0.66414, 0.747609, 0.0, 0.0, 0.0, 0.0, 1.0],
                [1.000002, 2e-06, 4e-06, -0.0, -4e-06, 0.77746, 0.628934, 0.37472, -2e-06, -0.628936, 0.777459, -0.0, 0.0, 0.0, 0.0, 1.0],
                [1.000002, 2e-06, 4e-06, 0.0, -4e-06, 0.836355, 0.548189, 0.37472, -2e-06, -0.54819, 0.836355, -0.0, 0.0, 0.0, 0.0, 1.0],
                [1.000002, 4e-06, 2e-06, -0.0, -4e-06, 0.999987, 0.005263, 0.37472, -2e-06, -0.005263, 0.999987, -0.0, 0.0, 0.0, 0.0, 1.0],
                [1.000002, 4e-06, 2e-06, -0.0, -4e-06, 0.999989, 0.00486, 0.37472, -2e-06, -0.00486, 0.999989, -0.0, 0.0, 0.0, 0.0, 1.0],
                [1.000002, 3e-06, 4e-06, -0.0, -4e-06, 0.954053, 0.299642, 0.37472, -2e-06, -0.299643, 0.954052, -0.0, 0.0, 0.0, 0.0, 1.0],
                [1.000002, 4e-06, 2e-06, 0.0, -4e-06, 0.999987, 0.005162, 0.37472, -3e-06, -0.005162, 0.999987, -0.0, 0.0, 0.0, 0.0, 1.0],
                [1.000002, 0.0, 5e-06, -0.0, -4e-06, 0.581919, 0.813248, 0.37472, -2e-06, -0.813247, 0.581919, 0.0, 0.0, 0.0, 0.0, 1.0],
                [1.000002, -0.0, 5e-06, 0.0, -4e-06, 0.478887, 0.877877, 0.37472, -2e-06, -0.877877, 0.478887, 0.0, 0.0, 0.0, 0.0, 1.0],
                [1.000002, -1e-06, 5e-06, -0.0, -4e-06, 0.350504, 0.936563, 0.37472, -2e-06, -0.936562, 0.350504, -0.0, 0.0, 0.0, 0.0, 1.0],
                [1.000002, -1e-06, 5e-06, 0.0, -4e-06, 0.371605, 0.928392, 0.37472, -3e-06, -0.928391, 0.371606, 0.0, 0.0, 0.0, 0.0, 1.0],
                [1.000002, 1e-06, 4e-06, 0.0, -4e-06, 0.697777, 0.716317, 0.37472, -3e-06, -0.716316, 0.697777, 0.0, 0.0, 0.0, 0.0, 1.0],
                [1.000002, 1e-06, 4e-06, 0.0, -4e-06, 0.739112, 0.673585, 0.37472, -2e-06, -0.673584, 0.739112, 0.0, 0.0, 0.0, 0.0, 1.0],
                [1.000002, 2e-06, 4e-06, -0.0, -4e-06, 0.839458, 0.543427, 0.37472, -2e-06, -0.543426, 0.839458, -0.0, 0.0, 0.0, 0.0, 1.0],
                [1.000002, 3e-06, 4e-06, -0.0, -4e-06, 0.927588, 0.37361, 0.37472, -2e-06, -0.373609, 0.927587, 0.0, 0.0, 0.0, 0.0, 1.0],
                [1.000001, 4e-06, 3e-06, -0.0, -4e-06, 0.988698, 0.149932, 0.37472, -3e-06, -0.149932, 0.988697, 0.0, 0.0, 0.0, 0.0, 1.0]
            ]
        },
        {
            "name": "Knee_R",
            "time": [0.0, 0.1, 0.2, 0.2667, 0.3, 0.3333, 0.3667, 0.4, 0.7, 0.8, 0.9, 1.0, 1.1, 1.2333, 1.3, 1.4, 1.5, 1.6],
            "transform": [
                [1.0, 2e-06, -4e-06, 0.0, -4e-06, 3e-06, -1.0, 0.37472, -2e-06, 1.0, 3e-06, -0.0, 0.0, 0.0, 0.0, 1.0],
                [1.0, 2e-06, -4e-06, -0.0, -4e-06, 3e-06, -1.0, 0.37472, -2e-06, 1.0, 3e-06, -0.0, 0.0, 0.0, 0.0, 1.0],
                [1.0, 2e-06, -4e-06, -0.0, -4e-06, 3e-06, -1.0, 0.37472, -2e-06, 1.0, 3e-06, 0.0, 0.0, 0.0, 0.0, 1.0],
                [1.0, 2e-06, -4e-06, -0.0, -4e-06, 3e-06, -1.0, 0.37472, -2e-06, 1.0, 3e-06, 0.0, 0.0, 0.0, 0.0, 1.0],
                [1.0, 2e-06, -4e-06, 0.0, -4e-06, 3e-06, -1.0, 0.37472, -2e-06, 1.0, 3e-06, -0.0, 0.0, 0.0, 0.0, 1.0],
                [1.0, 2e-06, -4e-06, -0.0, -4e-06, 3e-06, -1.0, 0.37472, -2e-06, 1.0, 3e-06, -0.0, 0.0, 0.0, 0.0, 1.0],
                [1.0, 2e-06, -4e-06, 0.0, -4e-06, 3e-06, -1.0, 0.37472, -2e-06, 1.0, 3e-06, -0.0, 0.0, 0.0, 0.0, 1.0],
                [1.0, 2e-06, -4e-06, -0.0, -4e-06, 3e-06, -1.0, 0.37472, -2e-06, 1.0, 3e-06, -0.0, 0.0, 0.0, 0.0, 1.0],
                [1.0, 2e-06, -4e-06, 0.0, -4e-06, 3e-06, -1.0, 0.37472, -2e-06, 1.0, 3e-06, -0.0, 0.0, 0.0, 0.0, 1.0],
                [1.0, 2e-06, -4e-06, -0.0, -4e-06, 3e-06, -1.0, 0.37472, -2e-06, 1.0, 3e-06, 0.0, 0.0, 0.0, 0.0, 1.0],
                [1.0, 2e-06, -4e-06, -0.0, -4e-06, 3e-06, -1.0, 0.37472, -2e-06, 1.0, 3e-06, 0.0, 0.0, 0.0, 0.0, 1.0],
                [1.0, 2e-06, -4e-06, -0.0, -4e-06, 3e-06, -1.0, 0.37472, -2e-06, 1.0, 3e-06, -0.0, 0.0, 0.0, 0.0, 1.0],
                [1.0, 2e-06, -4e-06, 0.0, -4e-06, 3e-06, -1.0, 0.37472, -2e-06, 1.0, 3e-06, -0.0, 0.0, 0.0, 0.0, 1.0],
                [1.0, 2e-06, -4e-06, 0.0, -4e-06, 3e-06, -1.0, 0.37472, -2e-06, 1.0, 3e-06, 0.0, 0.0, 0.0, 0.0, 1.0],
                [1.0, 2e-06, -4e-06, 0.0, -4e-06, 3e-06, -1.0, 0.37472, -2e-06, 1.0, 3e-06, 0.0, 0.0, 0.0, 0.0, 1.0],
                [1.0, 2e-06, -4e-06, -0.0, -4e-06, 3e-06, -1.0, 0.37472, -2e-06, 1.0, 3e-06, -0.0, 0.0, 0.0, 0.0, 1.0],
                [1.0, 2e-06, -4e-06, -0.0, -4e-06, 3e-06, -1.0, 0.37472, -2e-06, 1.0, 3e-06, 0.0, 0.0, 0.0, 0.0, 1.0],
                [1.0, 2e-06, -4e-06, -0.0, -4e-06, 3e-06, -1.0, 0.37472, -2e-06, 1.0, 3e-06, 0.0, 0.0, 0.0, 0.0, 1.0]
            ]
        },
        {
            "name": "Thigh_L",
            "time": [0.0, 0.1, 0.2, 0.2667, 0.3, 0.3333, 0.3667, 0.4, 0.7, 0.8, 0.9, 1.0, 1.1, 1.2333, 1.3, 1.4, 1.5, 1.6],
            "transform": [
                [0.986372, 0.16259, -0.025186, -0.125006, 0.160339, -0.915601, 0.368735, -0.002831, 0.036892, -0.367749, -0.929193, -1.2e-05, 0.0, 0.0, 0.0, 1.0],
                [0.994578, -0.102728, 0.0162, -0.125006, -0.10357, -0.992504, 0.064874, -0.00283, 0.009414, -0.0662, -0.997762, -1.2e-05, 0.0, 0.0, 0.0, 1.0],
                [0.801174, 0.51786, -0.299904, -0.125006, 0.426482, -0.142536, 0.893194, -0.002831, 0.419803, -0.843508, -0.335054, -1.2e-05, 0.0, 0.0, 0.0, 1.0],
                [0.994838, 0.083454, -0.057733, -0.125006, 0.052246, 0.06651, 0.996417, -0.002831, 0.086995, -0.99429, 0.061806, -1.2e-05, 0.0, 0.0, 0.0, 1.0],
                [0.938647, -0.225245, 0.261166, -0.125006, -0.298041, -0.148742, 0.942894, -0.002831, -0.173536, -0.962882, -0.206748, -1.2e-05, 0.0, 0.0, 0.0, 1.0],
                [0.989284, -0.077262, 0.123888, -0.125006, -0.137899, -0.773234, 0.618945, -0.002831, 0.047974, -0.629396, -0.775602, -1.2e-05, 0.0, 0.0, 0.0, 1.0],
                [0.997556, 0.040436, 0.056991, -0.125006, 0.012587, -0.906209, 0.422642, -0.00283, 0.068736, -0.420892, -0.904503, -1.2e-05, 0.0, 0.0, 0.0, 1.0],
                [0.968457, 0.248162, 0.022529, -0.125006, 0.234857, -0.939253, 0.250292, -0.002831, 0.083273, -0.237106, -0.967909, -1.2e-05, 0.0, 0.0, 0.0, 1.0],
                [0.971232, 0.237863, -0.011376, -0.125006, 0.238098, -0.96914, 0.063859, -0.002831, 0.004165, -0.06473, -0.997895, -1.2e-05, 0.0, 0.0, 0.0, 1.0],
                [0.92542, 0.364521, -0.103546, -0.125006, 0.375322, -0.844013, 0.383114, -0.002831, 0.052258, -0.393405, -0.91788, -1.2e-05, 0.0, 0.0, 0.0, 1.0],
                [0.925994, 0.358863, -0.117277, -0.125006, 0.371337, -0.809642, 0.454521, -0.00283, 0.068158, -0.464434, -0.882982, -1.2e-05, 0.0, 0.0, 0.0, 1.0],
                [0.957592, 0.260693, -0.122706, -0.125006, 0.285805, -0.80546, 0.519182, -0.002831, 0.036512, -0.532235, -0.84581, -1.2e-05, 0.0, 0.0, 0.0, 1.0],
                [0.986432, 0.124746, -0.106729, -0.125006, 0.163577, -0.802161, 0.574265, -0.002831, -0.013977, -0.583932, -0.811682, -1.2e-05, 0.0, 0.0, 0.0, 1.0],
                [0.983506, -0.174074, -0.049137, -0.125006, -0.125782, -0.853433, 0.505799, -0.00283, -0.129981, -0.491276, -0.861252, -1.2e-05, 0.0, 0.0, 0.0, 1.0],
                [0.976862, -0.177541, -0.11925, -0.125006, -0.14465, -0.959162, 0.243076, -0.002831, -0.157535, -0.220202, -0.962649, -1.2e-05, 0.0, 0.0, 0.0, 1.0],
                [0.976995, -0.118395, -0.17738, -0.125006, -0.112359, -0.992706, 0.043735, -0.00283, -0.181264, -0.022799, -0.98317, -1.2e-05, 0.0, 0.0, 0.0, 1.0],
                [0.975983, -0.076165, -0.204098, -0.125006, -0.035321, -0.979818, 0.196747, -0.00283, -0.214965, -0.184813, -0.958976, -1.2e-05, 0.0, 0.0, 0.0, 1.0],
                [0.967617, -0.104624, -0.229721, -0.125006, -0.066112, -0.983332, 0.169378, -0.002831, -0.243613, -0.148706, -0.958405, -1.2e-05, 0.0, 0.0, 0.0, 1.0]
            ]
        },
        {
            "name": "Leg_L",
            "time": [0.0, 0.1, 0.2, 0.2667, 0.3, 0.3333, 0.3667, 0.4, 0.7, 0.8, 0.9, 1.0, 1.1, 1.2333, 1.3, 1.4, 1.5, 1.6],
            "transform": [
                [0.999999, 0.0, 2e-06, 0.0, -1e-06, 0.664551, 0.747244, 0.37472, -1e-06, -0.747244, 0.664551, 0.0, 0.0, 0.0, 0.0, 1.0],
                [0.999999, 1e-06, 1e-06, 0.0, -1e-06, 0.999987, 0.005128, 0.37472, -1e-06, -0.005128, 0.999987, -0.0, 0.0, 0.0, 0.0, 1.0],
                [0.999999, 1e-06, 1e-06, -0.0, -1e-06, 0.999986, 0.005295, 0.37472, -1e-06, -0.005295, 0.999987, 0.0, 0.0, 0.0, 0.0, 1.0],
                [0.999999, -1e-06, 1e-06, 0.0, -1e-06, 0.109528, 0.993984, 0.37472, -1e-06, -0.993984, 0.109528, 0.0, 0.0, 0.0, 0.0, 1.0],
                [0.999999, -1e-06, 1e-06, 0.0, -1e-06, -0.067037, 0.99775, 0.37472, -1e-06, -0.99775, -0.067037, -0.0, 0.0, 0.0, 0.0, 1.0],
                [0.999999, -1e-06, 1e-06, -0.0, -1e-06, 0.020889, 0.999781, 0.37472, -1e-06, -0.999781, 0.020889, 0.0, 0.0, 0.0, 0.0, 1.0],
                [0.999999, -0.0, 2e-06, 0.0, -1e-06, 0.457599, 0.889158, 0.37472, -1e-06, -0.889158, 0.457599, -0.0, 0.0, 0.0, 0.0, 1.0],
                [0.999999, -0.0, 2e-06, -0.0, -1e-06, 0.616535, 0.787326, 0.37472, -1e-06, -0.787326, 0.616535, -0.0, 0.0, 0.0, 0.0, 1.0],
                [0.999999, 1e-06, 1e-06, -0.0, -1e-06, 0.874099, 0.485746, 0.37472, -1e-06, -0.485746, 0.874098, 0.0, 0.0, 0.0, 0.0, 1.0],
                [0.999999, 0.0, 2e-06, 0.0, -1e-06, 0.698262, 0.71584, 0.37472, -1e-06, -0.715841, 0.698262, -0.0, 0.0, 0.0, 0.0, 1.0],
                [0.999999, 0.0, 2e-06, 0.0, -1e-06, 0.698398, 0.715707, 0.37472, -1e-06, -0.715708, 0.698398, -0.0, 0.0, 0.0, 0.0, 1.0],
                [0.999999, 0.0, 2e-06, -0.0, -1e-06, 0.702361, 0.711819, 0.37472, -1e-06, -0.711819, 0.702361, 0.0, 0.0, 0.0, 0.0, 1.0],
                [0.999999, 0.0, 2e-06, 0.0, -1e-06, 0.680672, 0.732586, 0.37472, -1e-06, -0.732587, 0.680672, -0.0, 0.0, 0.0, 0.0, 1.0],
                [0.999999, 0.0, 2e-06, 0.0, -1e-06, 0.645626, 0.763652, 0.37472, -1e-06, -0.763652, 0.645626, -0.0, 0.0, 0.0, 0.0, 1.0],
                [0.999999, 0.0, 2e-06, -0.0, -1e-06, 0.762726, 0.646719, 0.37472, -1e-06, -0.64672, 0.762726, 0.0, 0.0, 0.0, 0.0, 1.0],
                [0.999999, 1e-06, 1e-06, -0.0, -1e-06, 0.883267, 0.468868, 0.37472, -1e-06, -0.468868, 0.883267, -0.0, 0.0, 0.0, 0.0, 1.0],
                [0.999999, 1e-06, 1e-06, -0.0, -1e-06, 0.872054, 0.489408, 0.37472, -1e-06, -0.489409, 0.872053, -0.0, 0.0, 0.0, 0.0, 1.0],
                [0.999999, 1e-06, 1e-06, -0.0, -1e-06, 0.964486, 0.264131, 0.37472, -1e-06, -0.264131, 0.964485, 0.0, 0.0, 0.0, 0.0, 1.0]
            ]
        },
        {
            "name": "Knee_L",
            "time": [0.0, 0.1, 0.2, 0.2667, 0.3, 0.3333, 0.3667, 0.4, 0.7, 0.8, 0.9, 1.0, 1.1, 1.2333, 1.3, 1.4, 1.5, 1.6],
            "transform": [
                [1.0, 1e-06, -1e-06, 0.0, -1e-06, 0.409543, -0.912291, 0.37472, -0.0, 0.91229, 0.409543, 0.0, 0.0, 0.0, 0.0, 1.0],
                [0.999998, 2e-06, -2e-06, 0.0, -2e-06, 0.002564, -0.999997, 0.37472, -2e-06, 0.999995, 0.002565, 0.0, 0.0, 0.0, 0.0, 1.0],
                [1.0, 0.0, -1e-06, -0.0, -2e-06, 0.00265, -0.999996, 0.37472, -1e-06, 0.999996, 0.00265, 0.0, 0.0, 0.0, 0.0, 1.0],
                [1.0, 1e-06, -1e-06, 0.0, -1e-06, 0.667261, -0.744824, 0.374721, -0.0, 0.744824, 0.667261, 0.0, 0.0, 0.0, 0.0, 1.0],
                [1.0, 1e-06, -1e-06, -0.0, -1e-06, 0.730425, -0.682994, 0.37472, -1e-06, 0.682994, 0.730425, 0.0, 0.0, 0.0, 0.0, 1.0],
                [1.0, 1e-06, -1e-06, -0.0, -1e-06, 0.699683, -0.714453, 0.37472, -0.0, 0.714453, 0.699683, 0.0, 0.0, 0.0, 0.0, 1.0],
                [1.0, 1e-06, -1e-06, 0.0, -1e-06, 0.52077, -0.853697, 0.37472, -0.0, 0.853697, 0.52077, -0.0, 0.0, 0.0, 0.0, 1.0],
                [1.0, 1e-06, -1e-06, -0.0, -1e-06, 0.437873, -0.899037, 0.37472, -0.0, 0.899037, 0.437873, -0.0, 0.0, 0.0, 0.0, 1.0],
                [1.0, 1e-06, -1e-06, -0.0, -2e-06, 0.2509, -0.968013, 0.37472, -0.0, 0.968013, 0.2509, 0.0, 0.0, 0.0, 0.0, 1.0],
                [1.0, 1e-06, -1e-06, 0.0, -2e-06, 0.388419, -0.921483, 0.37472, -0.0, 0.921483, 0.388419, -0.0, 0.0, 0.0, 0.0, 1.0],
                [1.0, 1e-06, -1e-06, 0.0, -2e-06, 0.388331, -0.92152, 0.37472, -0.0, 0.92152, 0.388331, -0.0, 0.0, 0.0, 0.0, 1.0],
                [1.0, 1e-06, -1e-06, -0.0, -2e-06, 0.385772, -0.922594, 0.37472, -1e-06, 0.922594, 0.385772, 0.0, 0.0, 0.0, 0.0, 1.0],
                [1.0, 1e-06, -1e-06, 0.0, -1e-06, 0.39958, -0.916698, 0.37472, -0.0, 0.916698, 0.39958, -0.0, 0.0, 0.0, 0.0, 1.0],
                [1.0, 1e-06, -1e-06, 0.0, -1e-06, 0.420937, -0.90709, 0.37472, -0.0, 0.90709, 0.420937, -0.0, 0.0, 0.0, 0.0, 1.0],
                [1.0, 1e-06, -1e-06, -0.0, -1e-06, 0.344438, -0.938809, 0.37472, -0.0, 0.938809, 0.344438, 0.0, 0.0, 0.0, 0.0, 1.0],
                [1.0, 1e-06, -1e-06, -0.0, -1e-06, 0.241592, -0.970378, 0.37472, -0.0, 0.970378, 0.241592, -0.0, 0.0, 0.0, 0.0, 1.0],
                [1.0, 1e-06, -1e-06, 0.0, -1e-06, 0.25293, -0.967484, 0.37472, -1e-06, 0.967485, 0.25293, -0.0, 0.0, 0.0, 0.0, 1.0],
                [1.0, 1e-06, -1e-06, 0.0, -1e-06, 0.133255, -0.991082, 0.37472, -0.0, 0.991082, 0.133255, 0.0, 0.0, 0.0, 0.0, 1.0]
            ]
        },
        {
            "name": "Torso",
            "time": [0.0, 0.1, 0.2, 0.2667, 0.3, 0.3333, 0.3667, 0.4, 0.7, 0.8, 0.9, 0.95, 1.0, 1.1, 1.2333, 1.3, 1.4, 1.5, 1.6],
            "transform": [
                [0.994862, 0.045427, -0.090486, 0.0, -0.046615, 0.998852, -0.011063, 0.05, 0.089879, 0.015224, 0.995836, 0.0, 0.0, 0.0, 0.0, 1.0],
                [0.996428, 0.033053, -0.077717, 0.0, -0.034766, 0.999179, -0.020796, 0.05, 0.076966, 0.023424, 0.996759, -0.0, 0.0, 0.0, 0.0, 1.0],
                [0.998622, 0.008606, -0.051781, 0.0, -0.010675, 0.999151, -0.0398, 0.05, 0.051394, 0.040298, 0.997865, -0.0, 0.0, 0.0, 0.0, 1.0],
                [0.999243, -0.03886, -0.001918, 0.0, 0.03888, 0.99918, 0.011326, 0.05, 0.001477, -0.011392, 0.999934, 0.0, 0.0, 0.0, 0.0, 1.0],
                [0.995572, -0.09399, -0.001531, -0.0, 0.093997, 0.995558, 0.005398, 0.05, 0.001017, -0.005518, 0.999984, -0.0, 0.0, 0.0, 0.0, 1.0],
                [0.997917, -0.064229, -0.006047, -0.0, 0.064049, 0.9976, -0.026314, 0.05, 0.007723, 0.025872, 0.999635, 0.0, 0.0, 0.0, 0.0, 1.0],
                [0.999337, -0.034551, -0.011509, 0.0, 0.03383, 0.997751, -0.057866, 0.05, 0.013482, 0.057438, 0.998258, 0.0, 0.0, 0.0, 0.0, 1.0],
                [0.999827, -0.005043, -0.0179, 0.0, 0.003427, 0.996011, -0.089168, 0.05, 0.018278, 0.089091, 0.995856, -0.0, 0.0, 0.0, 0.0, 1.0],
                [0.998881, 0.028539, -0.037714, 0.0, -0.032252, 0.99428, -0.101824, 0.05, 0.034592, 0.102926, 0.994087, 0.0, 0.0, 0.0, 0.0, 1.0],
                [0.998881, 0.028539, -0.037714, 0.0, -0.032252, 0.99428, -0.101824, 0.05, 0.034592, 0.102926, 0.994087, -0.0, 0.0, 0.0, 0.0, 1.0],
                [0.979832, 0.179404, -0.088003, 0.0, -0.182082, 0.983006, -0.02334, 0.05, 0.08232, 0.038893, 0.995847, -0.0, 0.0, 0.0, 0.0, 1.0],
                [0.983118, 0.162163, -0.084757, -0.0, -0.161916, 0.986756, 0.009831, 0.05, 0.085229, 0.004058, 0.996353, 0.0, 0.0, 0.0, 0.0, 1.0],
                [0.987158, 0.137504, -0.081319, 0.0, -0.134496, 0.990049, 0.041404, 0.05, 0.086203, -0.029935, 0.995828, 0.0, 0.0, 0.0, 0.0, 1.0],
                [0.994916, 0.065756, -0.076281, 0.0, -0.058874, 0.994272, 0.089205, 0.05, 0.08171, -0.084261, 0.993088, 0.0, 0.0, 0.0, 0.0, 1.0],
                [0.997399, -0.002761, -0.072026, -0.0, -0.000977, 0.998657, -0.051809, 0.05, 0.072072, 0.051745, 0.996056, -0.0, 0.0, 0.0, 0.0, 1.0],
                [0.996151, -0.014956, -0.086371, -0.0, 0.012251, 0.99942, -0.031774, 0.05, 0.086796, 0.030594, 0.995756, 0.0, 0.0, 0.0, 0.0, 1.0],
                [0.994951, -0.024038, -0.097448, 0.0, 0.022521, 0.999608, -0.016633, 0.05, 0.097809, 0.014354, 0.995102, 0.0, 0.0, 0.0, 0.0, 1.0],
                [0.993536, -0.032931, -0.108643, -0.0, 0.032951, 0.999456, -0.001611, 0.05, 0.108637, -0.001979, 0.99408, -0.0, 0.0, 0.0, 0.0, 1.0],
                [0.991907, -0.041629, -0.119948, -0.0, 0.043531, 0.998964, 0.013283, 0.05, 0.119271, -0.018397, 0.992691, 0.0, 0.0, 0.0, 0.0, 1.0]
            ]
        },
        {
            "name": "Chest",
            "time": [0.0, 0.1, 0.2, 0.2667, 0.3, 0.3333, 0.3667, 0.4, 0.7, 0.8, 0.9, 1.0, 1.1, 1.1667, 1.2333, 1.3, 1.4, 1.5, 1.6],
            "transform": [
                [0.891651, -0.00494, 0.452695, -0.0, -0.052909, 0.991951, 0.115038, 0.3, -0.449619, -0.126525, 0.884213, -0.0, 0.0, 0.0, 0.0, 1.0],
                [0.68009, -0.063005, 0.730416, 0.0, -0.026735, 0.993506, 0.110591, 0.3, -0.732641, -0.094739, 0.67399, 0.0, 0.0, 0.0, 0.0, 1.0],
                [0.870442, -0.184539, 0.456372, -0.0, 0.151065, 0.982479, 0.109148, 0.3, -0.468518, -0.026065, 0.883069, -0.0, 0.0, 0.0, 0.0, 1.0],
                [0.982166, -0.007619, 0.187859, 0.0, 0.011578, 0.999733, -0.019989, 0.3, -0.187657, 0.021808, 0.981992, 0.0, 0.0, 0.0, 0.0, 1.0],
                [0.969817, 0.024377, -0.242609, -0.0, -0.049854, 0.993794, -0.099434, 0.3, 0.23868, 0.108528, 0.965015, -0.0, 0.0, 0.0, 0.0, 1.0],
                [0.909967, -0.083431, -0.4062, -0.0, 0.025776, 0.989037, -0.145398, 0.3, 0.413877, 0.121837, 0.902143, 0.0, 0.0, 0.0, 0.0, 1.0],
                [0.958054, -0.191685, -0.213045, -0.0, 0.160451, 0.974724, -0.155459, 0.3, 0.237459, 0.114755, 0.964595, -0.0, 0.0, 0.0, 0.0, 1.0],
                [0.923408, -0.069001, -0.377566, -0.0, 0.007882, 0.986909, -0.161083, 0.3, 0.383738, 0.145769, 0.911864, -0.0, 0.0, 0.0, 0.0, 1.0],
                [0.899753, 0.081517, -0.428718, -0.0, -0.150126, 0.980256, -0.128682, 0.3, 0.409764, 0.180144, 0.894226, 0.0, 0.0, 0.0, 0.0, 1.0],
                [0.909895, 0.031359, -0.413651, 0.0, -0.055754, 0.997336, -0.047034, 0.3, 0.411075, 0.065859, 0.909219, 0.0, 0.0, 0.0, 0.0, 1.0],
                [0.914636, -0.013098, -0.404066, 0.0, 0.025116, 0.999385, 0.024457, 0.3, 0.403497, -0.032518, 0.914402, -0.0, 0.0, 0.0, 0.0, 1.0],
                [0.908903, 0.000879, -0.417006, 0.0, -0.001769, 0.999997, -0.001749, 0.3, 0.417003, 0.002328, 0.908902, -0.0, 0.0, 0.0, 0.0, 1.0],
                [0.902616, 0.014342, -0.430207, -0.0, -0.029005, 0.999199, -0.027544, 0.3, 0.429468, 0.03734, 0.90231, -0.0, 0.0, 0.0, 0.0, 1.0],
                [0.997001, 0.02936, 0.071598, -0.0, -0.023585, 0.996498, -0.080214, 0.3, -0.073702, 0.078285, 0.994203, -0.0, 0.0, 0.0, 0.0, 1.0],
                [0.885892, 0.043594, -0.461838, -0.0, -0.093539, 0.991912, -0.085797, 0.3, 0.454363, 0.119207, 0.882805, 0.0, 0.0, 0.0, 0.0, 1.0],
                [0.879274, 0.028921, -0.475437, 0.0, -0.070059, 0.995151, -0.069032, 0.3, 0.471136, 0.094006, 0.877037, 0.0, 0.0, 0.0, 0.0, 1.0],
                [0.873863, 0.018038, -0.485837, 0.0, -0.052009, 0.997045, -0.056529, 0.3, 0.483382, 0.074666, 0.872219, 0.0, 0.0, 0.0, 0.0, 1.0],
                [0.868142, 0.007421, -0.49626, -0.0, -0.033841, 0.998446, -0.04427, 0.3, 0.49516, 0.055227, 0.867045, -0.0, 0.0, 0.0, 0.0, 1.0],
                [0.862121, -0.002923, -0.506694, 0.0, -0.015575, 0.999358, -0.032265, 0.3, 0.506463, 0.035709, 0.861522, 0.0, 0.0, 0.0, 0.0, 1.0]
            ]
        },
        {
            "name": "Head",
            "time": [0.0, 0.1, 0.2, 0.2667, 0.3, 0.3333, 0.3667, 0.4, 0.7, 0.8, 0.9, 0.95, 1.0, 1.1, 1.1667, 1.2333, 1.3, 1.4, 1.5, 1.6],
            "transform": [
                [0.686078, 0.138527, -0.714218, -0.0, 0.096178, 0.955819, 0.277776, 0.4, 0.721142, -0.259268, 0.642443, 0.0, 0.0, 0.0, 0.0, 1.0],
                [-0.351754, 0.198691, -0.914763, 0.0, 0.256011, 0.960377, 0.110155, 0.4, 0.900404, -0.195442, -0.388683, 0.0, 0.0, 0.0, 0.0, 1.0],
                [0.663865, -0.195105, -0.721954, -0.0, 0.095068, 0.979554, -0.177302, 0.4, 0.741785, 0.04907, 0.66884, -0.0, 0.0, 0.0, 0.0, 1.0],
                [0.906531, -0.022546, -0.421537, 0.0, 0.016319, 0.999698, -0.018375, 0.4, 0.421823, 0.009779, 0.906625, 0.0, 0.0, 0.0, 0.0, 1.0],
                [0.881073, 0.119844, 0.457545, 0.0, -0.014114, 0.973598, -0.227833, 0.4, -0.47277, 0.19428, 0.859502, 0.0, 0.0, 0.0, 0.0, 1.0],
                [0.380652, 0.161375, 0.910529, 0.0, -0.112665, 0.985413, -0.127547, 0.4, -0.917829, -0.054034, 0.393281, 0.0, 0.0, 0.0, 0.0, 1.0],
                [0.548252, 0.167056, 0.819458, 0.0, -0.184007, 0.979931, -0.076662, 0.4, -0.815819, -0.108756, 0.567988, 0.0, 0.0, 0.0, 0.0, 1.0],
                [0.143699, -0.159965, 0.976607, -0.0, -0.105414, 0.97876, 0.175828, 0.4, -0.983991, -0.128215, 0.123784, -0.0, 0.0, 0.0, 0.0, 1.0],
                [-0.324792, -0.253179, 0.911269, 0.0, -0.174233, 0.963031, 0.205461, 0.400001, -0.929599, -0.092041, -0.356897, -0.0, 0.0, 0.0, 0.0, 1.0],
                [0.600773, -0.004482, 0.799407, 0.0, -0.002914, 0.999965, 0.007797, 0.400001, -0.799414, -0.007014, 0.60074, -0.0, 0.0, 0.0, 0.0, 1.0],
                [0.722859, -0.288557, 0.627861, -0.0, 0.130766, 0.94934, 0.285753, 0.4, -0.67851, -0.124456, 0.723972, 0.0, 0.0, 0.0, 0.0, 1.0],
                [0.784497, -0.224951, 0.577894, -0.0, 0.134029, 0.971367, 0.196169, 0.4, -0.605476, -0.076439, 0.792184, -0.0, 0.0, 0.0, 0.0, 1.0],
                [0.850785, -0.141806, 0.506019, -0.0, 0.104236, 0.98931, 0.101987, 0.4, -0.515072, -0.034024, 0.856472, 0.0, 0.0, 0.0, 0.0, 1.0],
                [0.896548, 0.172177, -0.408112, 0.0, -0.057236, 0.958668, 0.278712, 0.4, 0.439232, -0.22652, 0.869347, -0.0, 0.0, 0.0, 0.0, 1.0],
                [0.66446, 0.043979, -0.746029, -0.0, 0.181875, 0.958736, 0.218508, 0.4, 0.724855, -0.280874, 0.629043, 0.0, 0.0, 0.0, 0.0, 1.0],
                [0.95967, -0.095974, -0.264241, 0.0, 0.164246, 0.954233, 0.249926, 0.4, 0.228161, -0.283247, 0.931512, 0.0, 0.0, 0.0, 0.0, 1.0],
                [0.929981, -0.074479, 0.359983, -0.0, -0.019064, 0.968172, 0.249559, 0.4, -0.367113, -0.238948, 0.898962, 0.0, 0.0, 0.0, 0.0, 1.0],
                [0.765114, -0.085457, 0.638199, 0.0, -0.053206, 0.979373, 0.194928, 0.4, -0.641693, -0.183099, 0.744785, -0.0, 0.0, 0.0, 0.0, 1.0],
                [0.590548, -0.070544, 0.803913, 0.0, -0.05483, 0.990363, 0.127183, 0.400001, -0.805138, -0.119186, 0.580989, 0.0, 0.0, 0.0, 0.0, 1.0],
                [0.510053, -0.039893, 0.859217, 0.0, -0.027636, 0.997648, 0.062726, 0.400001, -0.859699, -0.055739, 0.507751, 0.0, 0.0, 0.0, 0.0, 1.0]
            ]
        },
        {
            "name": "Shoulder_R",
            "time": [0.0, 0.1, 0.2, 0.2667, 0.3, 0.3333, 0.3667, 0.4, 0.7, 0.8, 0.9, 1.0, 1.1, 1.2333, 1.3, 1.4, 1.5, 1.6],
            "transform": [
                [0.042561, 0.933625, 0.355713, -0.0, -0.0114, -0.355558, 0.934585, 0.4, 0.999029, -0.043832, -0.004489, 0.0, 0.0, 0.0, 0.0, 1.0],
                [-0.053712, 0.941646, 0.332289, 0.0, 0.014381, -0.332005, 0.943168, 0.4, 0.998453, 0.055438, 0.004291, 0.0, 0.0, 0.0, 0.0, 1.0],
                [-0.241658, 0.926665, 0.287911, -0.0, 0.06471, -0.280654, 0.957625, 0.4, 0.968201, 0.250049, 0.007858, -0.0, 0.0, 0.0, 0.0, 1.0],
                [-0.221858, 0.91641, 0.333123, 0.0, 0.059408, -0.328299, 0.942704, 0.4, 0.973267, 0.228937, 0.018394, 0.0, 0.0, 0.0, 0.0, 1.0],
                [-0.250011, 0.873956, 0.416767, 0.0, 0.066947, -0.413802, 0.907902, 0.4, 0.965925, 0.254887, 0.044946, 0.0, 0.0, 0.0, 0.0, 1.0],
                [-0.250011, 0.873956, 0.416767, 0.0, 0.066947, -0.413802, 0.907902, 0.4, 0.965925, 0.254886, 0.044946, 0.0, 0.0, 0.0, 0.0, 1.0],
                [-0.250011, 0.873956, 0.416767, 0.0, 0.066947, -0.413802, 0.907902, 0.4, 0.965925, 0.254886, 0.044946, 0.0, 0.0, 0.0, 0.0, 1.0],
                [0.002029, 0.906368, 0.422482, -0.0, -0.000546, -0.422481, 0.906371, 0.4, 0.999997, -0.002069, -0.000362, -0.0, 0.0, 0.0, 0.0, 1.0],
                [0.402275, 0.886874, 0.227219, 0.0, -0.107727, -0.200608, 0.973731, 0.400001, 0.909158, -0.416185, 0.014841, -0.0, 0.0, 0.0, 0.0, 1.0],
                [0.482981, 0.846908, 0.22243, 0.0, -0.129339, -0.182235, 0.974711, 0.400001, 0.866025, -0.499536, 0.021522, -0.0, 0.0, 0.0, 0.0, 1.0],
                [0.477306, 0.84936, 0.225312, -0.0, -0.127819, -0.186571, 0.974091, 0.4, 0.869391, -0.493738, 0.019513, 0.0, 0.0, 0.0, 0.0, 1.0],
                [-0.006448, 0.967686, 0.252072, -0.0, 0.001724, -0.252066, 0.967708, 0.4, 0.999977, 0.006674, -4.3e-05, 0.0, 0.0, 0.0, 0.0, 1.0],
                [-0.005859, 0.966147, 0.257922, 0.0, 0.001566, -0.257917, 0.966165, 0.4, 0.999981, 0.006065, -2e-06, -0.0, 0.0, 0.0, 0.0, 1.0],
                [-0.00435, 0.96246, 0.271387, 0.0, 0.001162, -0.271384, 0.96247, 0.4, 0.99999, 0.004502, 6.2e-05, 0.0, 0.0, 0.0, 0.0, 1.0],
                [-0.003092, 0.959595, 0.281367, -0.0, 0.000825, -0.281366, 0.9596, 0.4, 0.999995, 0.003199, 7.8e-05, 0.0, 0.0, 0.0, 0.0, 1.0],
                [-0.002067, 0.957363, 0.288877, 0.0, 0.000551, -0.288877, 0.957366, 0.4, 0.999998, 0.002138, 7e-05, -0.0, 0.0, 0.0, 0.0, 1.0],
                [-0.000987, 0.955092, 0.296308, 0.0, 0.000261, -0.296308, 0.955093, 0.400001, 0.999999, 0.00102, 4.3e-05, 0.0, 0.0, 0.0, 0.0, 1.0],
                [0.000148, 0.95278, 0.30366, 0.0, -4.3e-05, -0.30366, 0.952781, 0.400001, 1.0, -0.000154, -4e-06, 0.0, 0.0, 0.0, 0.0, 1.0]
            ]
        },
        {
            "name": "Arm_R",
            "time": [0.0, 0.1, 0.2, 0.2667, 0.3, 0.3333, 0.3667, 0.4, 0.7, 0.8, 0.9, 1.0, 1.1, 1.2333, 1.3, 1.4, 1.5, 1.6],
            "transform": [
                [-0.451215, -0.87253, -0.187338, -1.9e-05, -0.016421, 0.218003, -0.975807, 0.388502, 0.89226, -0.437224, -0.112696, -0.00091, 0.0, 0.0, 0.0, 1.0],
                [-0.73452, -0.677423, 0.039687, -1.9e-05, -0.146141, 0.100803, -0.984112, 0.388502, 0.66266, -0.728652, -0.173042, -0.00091, 0.0, 0.0, 0.0, 1.0],
                [0.138694, -0.841723, 0.521789, -1.9e-05, -0.832512, -0.384452, -0.398892, 0.388503, 0.536361, -0.379072, -0.754068, -0.00091, 0.0, 0.0, 0.0, 1.0],
                [0.456436, -0.889318, 0.027849, -1.9e-05, -0.69185, -0.374419, -0.617374, 0.388502, 0.559471, 0.262525, -0.786174, -0.00091, 0.0, 0.0, 0.0, 1.0],
                [0.552546, -0.763437, 0.334444, -1.9e-05, -0.3427, -0.573869, -0.743793, 0.388502, 0.759768, 0.296367, -0.578722, -0.00091, 0.0, 0.0, 0.0, 1.0],
                [0.210923, -0.953281, -0.216243, -1.9e-05, -0.186611, 0.177881, -0.966195, 0.388502, 0.959523, 0.244148, -0.140375, -0.00091, 0.0, 0.0, 0.0, 1.0],
                [0.307105, -0.612111, -0.7287, -1.9e-05, -0.075666, 0.747572, -0.659854, 0.388502, 0.948661, 0.257784, 0.183268, -0.00091, 0.0, 0.0, 0.0, 1.0],
                [0.172674, -0.21277, -0.961723, -1.9e-05, -0.386825, 0.883292, -0.264872, 0.388503, 0.905841, 0.417755, 0.070217, -0.00091, 0.0, 0.0, 0.0, 1.0],
                [-0.005127, 0.369471, -0.929227, -1.9e-05, 0.087982, 0.925801, 0.367625, 0.388503, 0.996107, -0.07987, -0.037253, -0.00091, 0.0, 0.0, 0.0, 1.0],
                [-0.166886, -0.376241, -0.911367, -1.9e-05, 0.234609, 0.882628, -0.407337, 0.388503, 0.957656, -0.281794, -0.059028, -0.00091, 0.0, 0.0, 0.0, 1.0],
                [0.123883, -0.827184, -0.548102, -1.9e-05, -0.258985, 0.506259, -0.822573, 0.388502, 0.957902, 0.243854, -0.151512, -0.00091, 0.0, 0.0, 0.0, 1.0],
                [0.615073, -0.597177, -0.514842, -1.9e-05, -0.69972, -0.112449, -0.705511, 0.388503, 0.363421, 0.794186, -0.487022, -0.00091, 0.0, 0.0, 0.0, 1.0],
                [0.685491, -0.663343, -0.300126, -1.9e-05, -0.639902, -0.352265, -0.682959, 0.388503, 0.347312, 0.660214, -0.66595, -0.00091, 0.0, 0.0, 0.0, 1.0],
                [0.50637, -0.559479, -0.656179, -1.9e-05, -0.861878, -0.304123, -0.405801, 0.388502, 0.027477, 0.771031, -0.636203, -0.00091, 0.0, 0.0, 0.0, 1.0],
                [0.422754, -0.878844, -0.221153, -1.9e-05, -0.608448, -0.094401, -0.787958, 0.388503, 0.671616, 0.467673, -0.574641, -0.00091, 0.0, 0.0, 0.0, 1.0],
                [-0.26045, -0.878067, -0.401448, -1.9e-05, -0.030146, 0.422992, -0.905631, 0.388502, 0.965016, -0.22377, -0.136639, -0.00091, 0.0, 0.0, 0.0, 1.0],
                [-0.410447, 0.263224, -0.873066, -1.9e-05, 0.570008, 0.821387, -0.020329, 0.388502, 0.711775, -0.505999, -0.487176, -0.00091, 0.0, 0.0, 0.0, 1.0],
                [0.110002, -0.05528, -0.992392, -1.9e-05, 0.811799, 0.581088, 0.057615, 0.388502, 0.573483, -0.81196, 0.108797, -0.00091, 0.0, 0.0, 0.0, 1.0]
            ]
        },
        {
            "name": "Hand_R",
            "time": [0.0, 0.1, 0.2, 0.2667, 0.3, 0.3333, 0.3667, 0.4, 0.7, 0.8, 0.9, 1.0, 1.1, 1.2333, 1.3, 1.4, 1.5, 1.6],
            "transform": [
                [1.000003, 0.0, 0.0, 0.0, -0.0, 0.999988, -0.005168, 0.329779, -0.0, 0.005166, 0.999989, 0.0, 0.0, 0.0, 0.0, 1.0],
                [1.000003, 0.0, 0.0, -0.0, -0.0, 0.99999, -0.004935, 0.329779, -0.0, 0.004934, 0.99999, 0.0, 0.0, 0.0, 0.0, 1.0],
                [1.000003, 0.0, 0.0, 0.0, -0.0, 0.99999, -0.004901, 0.329779, -0.0, 0.004901, 0.99999, 0.0, 0.0, 0.0, 0.0, 1.0],
                [1.0, 0.0, 0.0, 0.0, -0.0, 0.999993, -0.004524, 0.329779, -0.0, 0.004524, 0.999993, 0.0, 0.0, 0.0, 0.0, 1.0],
                [0.999999, 0.0, 0.0, -0.0, -0.0, 1.000003, -0.0, 0.329779, -0.0, 0.0, 1.000001, -0.0, 0.0, 0.0, 0.0, 1.0],
                [1.0, 0.0, 0.0, -0.0, -0.0, 1.000003, -0.0, 0.329779, -0.0, 0.0, 1.000002, 0.0, 0.0, 0.0, 0.0, 1.0],
                [1.0, 0.0, 0.0, 0.0, -0.0, 1.000003, -0.0, 0.329779, -0.0, 0.0, 1.000002, 0.0, 0.0, 0.0, 0.0, 1.0],
                [1.0, 0.0, 0.0, 0.0, -0.0, 1.000003, -0.0, 0.329779, -0.0, 0.0, 1.000002, -0.0, 0.0, 0.0, 0.0, 1.0],
                [1.0, 0.0, 0.0, 0.0, -0.0, 1.000003, -0.0, 0.329779, -0.0, 0.0, 1.000002, -0.0, 0.0, 0.0, 0.0, 1.0],
                [1.000001, 0.0, 0.0, -0.0, -0.0, 1.000003, -0.0, 0.329779, -0.0, 0.0, 1.000002, 0.0, 0.0, 0.0, 0.0, 1.0],
                [1.000001, 0.0, 0.0, 0.0, -0.0, 0.999989, -0.005246, 0.329779, -0.0, 0.005246, 0.999988, 0.0, 0.0, 0.0, 0.0, 1.0],
                [1.0, 0.0, 0.0, 0.0, -0.0, 0.999987, -0.005459, 0.329779, -0.0, 0.005459, 0.999987, -0.0, 0.0, 0.0, 0.0, 1.0],
                [1.000001, 0.0, 0.0, 0.0, -0.0, 0.999991, -0.004778, 0.329779, -0.0, 0.004778, 0.99999, 0.0, 0.0, 0.0, 0.0, 1.0],
                [1.000001, 0.0, 0.0, -0.0, -0.0, 0.999988, -0.005364, 0.329779, -0.0, 0.005364, 0.999987, -0.0, 0.0, 0.0, 0.0, 1.0],
                [1.0, 0.0, 0.0, -0.0, -0.0, 0.99999, -0.004777, 0.329779, -0.0, 0.004777, 0.999989, -0.0, 0.0, 0.0, 0.0, 1.0],
                [1.0, 0.0, 0.0, -0.0, -0.0, 0.99999, -0.004873, 0.329779, -0.0, 0.004873, 0.999988, -0.0, 0.0, 0.0, 0.0, 1.0],
                [1.0, 0.0, 0.0, 0.0, -0.0, 1.000001, -0.0, 0.329779, -0.0, 0.0, 1.0, -0.0, 0.0, 0.0, 0.0, 1.0],
                [1.0, 0.0, 0.0, 0.0, -0.0, 0.936792, -0.349889, 0.329779, -0.0, 0.349889, 0.936791, 0.0, 0.0, 0.0, 0.0, 1.0]
            ]
        },
        {
            "name": "Tool_R",
            "time": [0.0, 0.1, 0.15, 0.2, 0.2667, 0.3, 0.3333, 0.3667, 0.4, 0.7, 0.8, 0.9, 0.95, 1.0, 1.1, 1.1333, 1.1667, 1.1833, 1.2, 1.2333, 1.2667, 1.3, 1.4, 1.5, 1.6],
            "transform": [
                [1.0, -0.0, -0.0, -0.02, -0.0, -0.709174, -0.705033, 0.291425, 0.0, 0.705034, -0.709174, 0.0, 0.0, 0.0, 0.0, 1.0],
                [1.0, -0.0, -0.0, -0.02, -0.0, -0.964627, -0.263615, 0.291425, -0.0, 0.263615, -0.964629, 0.0, 0.0, 0.0, 0.0, 1.0],
                [1.000001, -0.0, -0.0, -0.02, -0.0, -0.99373, -0.111793, 0.366254, -0.0, 0.111793, -0.993732, 0.502727, 0.0, 0.0, 0.0, 1.0],
                [1.0, -0.0, 0.0, -0.02, -0.0, -0.990335, 0.138697, 0.342216, 0.0, -0.138697, -0.990335, 1.02289, 0.0, 0.0, 0.0, 1.0],
                [0.995344, 0.024546, -0.093222, 0.085985, 0.067591, -0.86721, 0.493333, -0.134278, -0.068733, -0.497336, -0.86483, 1.116184, 0.0, 0.0, 0.0, 1.0],
                [1.000002, -1e-06, -0.0, -0.020001, -1e-06, -0.926295, 0.376797, 0.188882, -0.0, -0.376797, -0.926295, 1.289009, 0.0, 0.0, 0.0, 1.0],
                [1.000001, -0.0, -0.0, -0.02, -0.0, -0.977244, 0.212122, 0.147051, -0.0, -0.212122, -0.977243, 0.529686, 0.0, 0.0, 0.0, 1.0],
                [1.000001, -0.0, 0.0, -0.020001, 0.0, -0.841009, -0.541021, 0.557841, 0.0, 0.541021, -0.841009, 0.478, 0.0, 0.0, 0.0, 1.0],
                [1.000002, 0.0, 0.0, -0.02, 0.0, -0.917096, -0.398667, 0.476082, -0.0, 0.398667, -0.917096, 0.498658, 0.0, 0.0, 0.0, 1.0],
                [1.000001, 0.0, 0.0, -0.02, 0.0, -0.820664, -0.571411, 0.291425, -0.0, 0.571411, -0.820664, 0.0, 0.0, 0.0, 0.0, 1.0],
                [1.000001, -0.0, 0.0, -0.02, 0.0, -0.224606, -0.97445, 0.291426, 0.0, 0.97445, -0.224606, -0.0, 0.0, 0.0, 0.0, 1.0],
                [-0.013091, -0.895695, 0.44448, -0.02, -0.224586, -0.430526, -0.87419, 0.291425, 0.974367, -0.111268, -0.195525, 0.0, 0.0, 0.0, 0.0, 1.0],
                [-0.745917, 0.153577, 0.648092, -0.02, -0.656904, -0.00903, -0.75392, 0.291425, -0.109932, -0.988095, 0.107621, 0.0, 0.0, 0.0, 0.0, 1.0],
                [-0.588145, 0.613927, 0.526482, -0.02, -0.802146, -0.525867, -0.282887, 0.291425, 0.103187, -0.588692, 0.801744, -0.0, 0.0, 0.0, 0.0, 1.0],
