{
  "animation": [
    {
      "name": "Root",
      "time": [0.0, 0.5, 1.0, 0.0833, 0.1667, 0.25, 0.3333, 0.5833, 0.6667, 0.75, 0.8333],
      "transform": [
        [1.0, 0.0, 0.0, -5e-06, 0.0, 0.148362, -0.988933, 0.000946, 0.0, 0.988933, 0.148362, 0.557292, 0.0, 0.0, 0.0, 1.0],
        [1.0, 0.0, 0.0, -5e-06, 0.0, 0.148362, -0.988933, 0.000946, 0.0, 0.988933, 0.148362, 0.678627, 0.0, 0.0, 0.0, 1.0],
        [1.0, 0.0, 0.0, -5e-06, 0.0, 0.148362, -0.988933, 0.000946, 0.0, 0.988933, 0.148362, 0.804235, 0.0, 0.0, 0.0, 1.0],
        [1.0, 0.0, 0.0, -5e-06, 0.0, 0.148362, -0.988933, 0.000946, 0.0, 0.988933, 0.148362, 0.8359, 0.0, 0.0, 0.0, 1.0],
        [1.0, 0.0, 0.0, -5e-06, 0.0, 0.148362, -0.988933, 0.000946, 0.0, 0.988933, 0.148362, 0.664521, 0.0, 0.0, 0.0, 1.0],
        [1.0, 0.0, 0.0, -5e-06, 0.0, 0.148362, -0.988933, 0.000946, 0.0, 0.988933, 0.148362, 0.557292, 0.0, 0.0, 0.0, 1.0],
        [1.0, 0.0, 0.0, -5e-06, 0.0, 0.148362, -0.988933, 0.000946, 0.0, 0.988933, 0.148362, 0.678627, 0.0, 0.0, 0.0, 1.0],
        [1.0, 0.0, 0.0, -5e-06, 0.0, 0.148362, -0.988933, 0.000946, 0.0, 0.988933, 0.148362, 0.804235, 0.0, 0.0, 0.0, 1.0],
        [1.0, 0.0, 0.0, -5e-06, 0.0, 0.148362, -0.988933, 0.000946, 0.0, 0.988933, 0.148362, 0.8359, 0.0, 0.0, 0.0, 1.0],
        [1.0, 0.0, 0.0, -5e-06, 0.0, 0.148362, -0.988933, 0.000946, 0.0, 0.988933, 0.148362, 0.664521, 0.0, 0.0, 0.0, 1.0],
        [1.0, 0.0, 0.0, -5e-06, 0.0, 0.148362, -0.988933, 0.000946, 0.0, 0.988933, 0.148362, 0.557292, 0.0, 0.0, 0.0, 1.0]
      ]
    },
    {
      "name": "Thigh_R",
      "time": [0.0, 0.5, 1.0, 0.0833, 0.1667, 0.25, 0.3333, 0.5833, 0.6667, 0.75, 0.8333],
      "transform": [
        [1.0, -0.0, -0.0, 0.124994, 0.0, -0.668534, -0.743681, -0.002831, -0.0, 0.743681, -0.668534, -1.2e-05, 0.0, 0.0, 0.0, 1.0],
        [1.0, -0.0, -0.0, 0.124994, -0.0, -0.995349, -0.096336, -0.002831, -0.0, 0.096337, -0.995349, -1.2e-05, 0.0, 0.0, 0.0, 1.0],
        [1.0, -0.0, 0.0, 0.124994, -0.0, -0.641166, 0.767402, -0.002831, 0.0, -0.767402, -0.641167, -1.2e-05, 0.0, 0.0, 0.0, 1.0],
        [1.0, -0.0, 0.0, 0.124994, -0.0, -0.439642, 0.898173, -0.002831, 0.0, -0.898173, -0.439642, -1.2e-05, 0.0, 0.0, 0.0, 1.0],
        [1.0, -0.0, 0.0, 0.124994, -0.0, -0.439642, 0.898173, -0.002831, 0.0, -0.898173, -0.439642, -1.2e-05, 0.0, 0.0, 0.0, 1.0],
        [1.0, -0.0, 0.0, 0.124994, 0.0, -0.339925, 0.940452, -0.002831, -0.0, -0.940452, -0.339926, -1.2e-05, 0.0, 0.0, 0.0, 1.0],
        [1.0, -0.0, -0.0, 0.124994, 0.0, -0.861329, 0.508048, -0.002831, -0.0, -0.508047, -0.861329, -1.2e-05, 0.0, 0.0, 0.0, 1.0],
        [1.0, -0.0, -0.0, 0.124994, 0.0, -0.982081, 0.188457, -0.002831, -0.0, -0.188456, -0.982082, -1.2e-05, 0.0, 0.0, 0.0, 1.0],
        [1.0, 0.0, 0.0, 0.124994, 0.0, -0.908897, -0.41702, -0.002831, 0.0, 0.41702, -0.908897, -1.2e-05, 0.0, 0.0, 0.0, 1.0],
        [1.0, -0.0, 0.0, 0.124994, 0.0, -0.661392, -0.75004, -0.002831, 0.0, 0.750041, -0.661391, -1.2e-05, 0.0, 0.0, 0.0, 1.0],
        [1.0, -0.0, -0.0, 0.124994, 0.0, -0.668534, -0.743681, -0.002831, -0.0, 0.743681, -0.668534, -1.2e-05, 0.0, 0.0, 0.0, 1.0]
      ]
    },
    {
      "name": "Leg_R",
      "time": [0.0, 0.5, 1.0, 0.0833, 0.1667, 0.25, 0.3333, 0.5833, 0.6667, 0.75, 0.8333],
      "transform": [
        [1.0, 0.0, 1e-06, 0.0, -0.0, 0.967864, 0.251472, 0.37472, -1e-06, -0.251472, 0.967864, 0.0, 0.0, 0.0, 0.0, 1.0],
        [1.0, -0.0, 0.0, 0.0, -0.0, 0.241202, 0.970475, 0.37472, -0.0, -0.970475, 0.241202, -0.0, 0.0, 0.0, 0.0, 1.0],
        [1.0, -0.0, 0.0, 0.0, -0.0, -0.087826, 0.996136, 0.37472, -0.0, -0.996136, -0.087826, 0.0, 0.0, 0.0, 0.0, 1.0],
        [1.0, -0.0, 0.0, 0.0, -0.0, 0.319981, 0.947424, 0.37472, -1e-06, -0.947424, 0.319981, -0.0, 0.0, 0.0, 0.0, 1.0],
        [1.0, -0.0, 0.0, 0.0, -0.0, 0.319981, 0.947424, 0.37472, -1e-06, -0.947424, 0.319981, 0.0, 0.0, 0.0, 0.0, 1.0],
        [1.0, -0.0, 0.0, 0.0, -0.0, 0.045765, 0.998952, 0.37472, -0.0, -0.998952, 0.045765, 0.0, 0.0, 0.0, 0.0, 1.0],
        [1.0, 0.0, 0.0, 0.0, -0.0, 0.641311, 0.767281, 0.37472, -0.0, -0.767281, 0.641311, 0.0, 0.0, 0.0, 0.0, 1.0],
        [1.0, 0.0, 0.0, 0.0, -0.0, 0.957875, 0.287187, 0.37472, -0.0, -0.287187, 0.957875, 0.0, 0.0, 0.0, 0.0, 1.0],
        [1.0, 0.0, 0.0, 0.0, -0.0, 0.957875, 0.287187, 0.37472, -0.0, -0.287187, 0.957875, -0.0, 0.0, 0.0, 0.0, 1.0],
        [1.0, 0.0, 0.0, -0.0, -0.0, 0.957875, 0.287187, 0.37472, -0.0, -0.287187, 0.957875, -0.0, 0.0, 0.0, 0.0, 1.0],
        [1.0, 0.0, 1e-06, 0.0, -0.0, 0.967864, 0.251472, 0.37472, -1e-06, -0.251472, 0.967864, 0.0, 0.0, 0.0, 0.0, 1.0]
      ]
    },
    {
      "name": "Knee_R",
      "time": [0.0, 0.5, 1.0, 0.0833, 0.1667, 0.25, 0.3333, 0.5833, 0.6667, 0.75, 0.8333],
      "transform": [
        [1.0, 0.0, -0.0, 0.0, -0.0, 1e-06, -1.0, 0.37472, -0.0, 1.0, 1e-06, 0.0, 0.0, 0.0, 0.0, 1.0],
        [1.0, 0.0, -0.0, 0.0, -0.0, 0.402359, -0.915482, 0.37472, 0.0, 0.915482, 0.402359, -0.0, 0.0, 0.0, 0.0, 1.0],
        [1.0, 0.0, -0.0, 0.0, -0.0, 0.673366, -0.739309, 0.37472, 0.0, 0.739309, 0.673366, 0.0, 0.0, 0.0, 0.0, 1.0],
        [1.0, 0.0, -0.0, 0.0, -0.0, 0.541202, -0.840893, 0.37472, 0.0, 0.840893, 0.541202, -0.0, 0.0, 0.0, 0.0, 1.0],
        [1.0, 0.0, -0.0, 0.0, -0.0, 0.541202, -0.840893, 0.37472, 0.0, 0.840893, 0.541202, 0.0, 0.0, 0.0, 0.0, 1.0],
        [1.0, 0.0, 0.0, 0.0, -0.0, 0.654864, -0.755747, 0.37472, -0.0, 0.755747, 0.654864, 0.0, 0.0, 0.0, 0.0, 1.0],
        [1.0, 0.0, 0.0, 0.0, -0.0, 0.459929, -0.887956, 0.37472, -0.0, 0.887956, 0.459929, 0.0, 0.0, 0.0, 0.0, 1.0],
        [1.0, 0.0, -0.0, 0.0, -0.0, 1e-06, -1.0, 0.37472, -0.0, 1.0, 1e-06, 0.0, 0.0, 0.0, 0.0, 1.0],
        [1.0, 0.0, -0.0, 0.0, -0.0, 1e-06, -1.0, 0.37472, -0.0, 1.0, 1e-06, -0.0, 0.0, 0.0, 0.0, 1.0],
        [1.0, 0.0, -0.0, -0.0, -0.0, 1e-06, -1.0, 0.37472, -0.0, 1.0, 1e-06, -0.0, 0.0, 0.0, 0.0, 1.0],
        [1.0, 0.0, -0.0, 0.0, -0.0, 1e-06, -1.0, 0.37472, -0.0, 1.0, 1e-06, 0.0, 0.0, 0.0, 0.0, 1.0]
      ]
    },
    {
      "name": "Thigh_L",
      "time": [0.0, 0.5, 1.0, 0.0833, 0.1667, 0.25, 0.3333, 0.5833, 0.6667, 0.75, 0.8333],
      "transform": [
        [1.0, -0.0, 0.0, -0.125006, -0.0, -0.339925, 0.940452, -0.002831, 0.0, -0.940452, -0.339926, -1.2e-05, 0.0, 0.0, 0.0, 1.0],
        [1.0, -0.0, 0.0, -0.125006, -0.0, -0.861329, 0.508048, -0.002831, 0.0, -0.508047, -0.861329, -1.2e-05, 0.0, 0.0, 0.0, 1.0],
        [1.0, -0.0, 0.0, -0.125006, -0.0, -0.982081, 0.188457, -0.002831, -0.0, -0.188456, -0.982082, -1.2e-05, 0.0, 0.0, 0.0, 1.0],
        [1.0, -0.0, -0.0, -0.125006, -0.0, -0.908897, -0.41702, -0.002831, -0.0, 0.41702, -0.908897, -1.2e-05, 0.0, 0.0, 0.0, 1.0],
        [1.0, -0.0, -1e-06, -0.125006, -0.0, -0.661392, -0.75004, -0.002831, -0.0, 0.750041, -0.661392, -1.2e-05, 0.0, 0.0, 0.0, 1.0],
        [1.0, -0.0, -0.0, -0.125006, 0.0, -0.668534, -0.743681, -0.002831, 0.0, 0.743682, -0.668534, -1.2e-05, 0.0, 0.0, 0.0, 1.0],
        [1.0, -0.0, -0.0, -0.125006, 0.0, -0.995349, -0.096336, -0.002831, -0.0, 0.096337, -0.995349, -1.2e-05, 0.0, 0.0, 0.0, 1.0],
        [1.0, -0.0, -0.0, -0.125006, 0.0, -0.641166, 0.767402, -0.002831, -0.0, -0.767402, -0.641167, -1.2e-05, 0.0, 0.0, 0.0, 1.0],
        [1.0, -0.0, -0.0, -0.125006, 0.0, -0.439642, 0.898173, -0.002831, -0.0, -0.898173, -0.439642, -1.2e-05, 0.0, 0.0, 0.0, 1.0],
        [1.0, -0.0, -0.0, -0.125006, 0.0, -0.439642, 0.898173, -0.002831, -0.0, -0.898173, -0.439642, -1.2e-05, 0.0, 0.0, 0.0, 1.0],
        [1.0, -0.0, 0.0, -0.125006, -0.0, -0.339925, 0.940452, -0.002831, 0.0, -0.940452, -0.339926, -1.2e-05, 0.0, 0.0, 0.0, 1.0]
      ]
    },
    {
      "name": "Leg_L",
      "time": [0.0, 0.5, 1.0, 0.0833, 0.1667, 0.25, 0.3333, 0.5833, 0.6667, 0.75, 0.8333],
      "transform": [
        [1.0, -1e-06, 0.0, 0.0, -0.0, 0.045765, 0.998952, 0.37472, -1e-06, -0.998952, 0.045765, -0.0, 0.0, 0.0, 0.0, 1.0],
        [1.0, -1e-06, 1e-06, 0.0, -0.0, 0.641311, 0.767281, 0.37472, -1e-06, -0.767281, 0.641311, 0.0, 0.0, 0.0, 0.0, 1.0],
        [1.0, -0.0, 1e-06, -0.0, -0.0, 0.957875, 0.287187, 0.37472, -1e-06, -0.287187, 0.957875, 0.0, 0.0, 0.0, 0.0, 1.0],
        [1.0, -0.0, 1e-06, -0.0, -0.0, 0.957875, 0.287187, 0.37472, -1e-06, -0.287187, 0.957875, -0.0, 0.0, 0.0, 0.0, 1.0],
        [1.0, -0.0, 1e-06, 0.0, -0.0, 0.957875, 0.287187, 0.37472, -1e-06, -0.287187, 0.957875, 0.0, 0.0, 0.0, 0.0, 1.0],
        [1.0, 0.0, 1e-06, 0.0, -0.0, 0.967864, 0.251472, 0.37472, -1e-06, -0.251472, 0.967865, 0.0, 0.0, 0.0, 0.0, 1.0],
        [1.0, -1e-06, 1e-06, 0.0, -0.0, 0.241202, 0.970475, 0.37472, -1e-06, -0.970475, 0.241202, -0.0, 0.0, 0.0, 0.0, 1.0],
        [1.0, -1e-06, 0.0, -0.0, -0.0, -0.087826, 0.996136, 0.37472, -1e-06, -0.996136, -0.087826, 0.0, 0.0, 0.0, 0.0, 1.0],
        [1.0, -1e-06, 1e-06, 0.0, -0.0, 0.319981, 0.947424, 0.37472, -1e-06, -0.947424, 0.319981, 0.0, 0.0, 0.0, 0.0, 1.0],
        [1.0, -1e-06, 1e-06, 0.0, -0.0, 0.319981, 0.947424, 0.37472, -1e-06, -0.947424, 0.319981, 0.0, 0.0, 0.0, 0.0, 1.0],
        [1.0, -1e-06, 0.0, 0.0, -0.0, 0.045765, 0.998952, 0.37472, -1e-06, -0.998952, 0.045765, -0.0, 0.0, 0.0, 0.0, 1.0]
      ]
    },
    {
      "name": "Knee_L",
      "time": [0.0, 0.5, 1.0, 0.0833, 0.1667, 0.25, 0.3333, 0.5833, 0.6667, 0.75, 0.8333],
      "transform": [
        [1.0, 0.0, -0.0, 0.0, -0.0, 0.654864, -0.755747, 0.37472, 0.0, 0.755747, 0.654864, -0.0, 0.0, 0.0, 0.0, 1.0],
        [1.0, 0.0, -0.0, 0.0, -0.0, 0.459929, -0.887956, 0.37472, 0.0, 0.887956, 0.459929, 0.0, 0.0, 0.0, 0.0, 1.0],
        [1.0, 0.0, -0.0, -0.0, -0.0, 1e-06, -1.0, 0.37472, -0.0, 1.0, 1e-06, 0.0, 0.0, 0.0, 0.0, 1.0],
        [1.0, 0.0, -0.0, -0.0, -0.0, 1e-06, -1.0, 0.37472, -0.0, 1.0, 1e-06, -0.0, 0.0, 0.0, 0.0, 1.0],
        [1.0, 0.0, -0.0, 0.0, -0.0, 1e-06, -1.0, 0.37472, -0.0, 1.0, 1e-06, 0.0, 0.0, 0.0, 0.0, 1.0],
        [1.0, 0.0, -0.0, 0.0, -0.0, 1e-06, -1.0, 0.37472, -0.0, 1.0, 1e-06, 0.0, 0.0, 0.0, 0.0, 1.0],
        [1.0, 0.0, -0.0, 0.0, -0.0, 0.402359, -0.915482, 0.37472, -0.0, 0.915482, 0.402359, -0.0, 0.0, 0.0, 0.0, 1.0],
        [1.0, 0.0, -0.0, -0.0, -0.0, 0.673366, -0.739309, 0.37472, -0.0, 0.739309, 0.673366, 0.0, 0.0, 0.0, 0.0, 1.0],
        [1.0, 0.0, -0.0, 0.0, -0.0, 0.541202, -0.840893, 0.37472, -0.0, 0.840893, 0.541202, 0.0, 0.0, 0.0, 0.0, 1.0],
        [1.0, 0.0, -0.0, 0.0, -0.0, 0.541202, -0.840893, 0.37472, -0.0, 0.840893, 0.541202, 0.0, 0.0, 0.0, 0.0, 1.0],
        [1.0, 0.0, -0.0, 0.0, -0.0, 0.654864, -0.755747, 0.37472, 0.0, 0.755747, 0.654864, -0.0, 0.0, 0.0, 0.0, 1.0]
      ]
    },
    {
      "name": "Torso",
      "time": [0.0, 0.5, 1.0, 0.0833, 0.1667, 0.25, 0.3333, 0.5833, 0.6667, 0.75, 0.8333],
      "transform": [
        [0.992254, 0.02065, -0.1225, 0.0, -0.007678, 0.994397, 0.10543, 0.05, 0.123991, -0.103673, 0.986853, -0.0, 0.0, 0.0, 0.0, 1.0],
        [0.992254, 0.02065, -0.1225, 0.0, -0.007678, 0.994397, 0.10543, 0.05, 0.123991, -0.103673, 0.986853, -0.0, 0.0, 0.0, 0.0, 1.0],
        [0.992254, 0.02065, -0.1225, 0.0, -0.007678, 0.994397, 0.10543, 0.05, 0.123991, -0.103673, 0.986853, -0.0, 0.0, 0.0, 0.0, 1.0],
        [0.992254, 0.02065, -0.1225, 0.0, -0.007678, 0.994397, 0.10543, 0.05, 0.123991, -0.103673, 0.986853, 0.0, 0.0, 0.0, 0.0, 1.0],
        [0.992254, 0.02065, -0.1225, 0.0, -0.007678, 0.994397, 0.10543, 0.05, 0.123991, -0.103673, 0.986853, -0.0, 0.0, 0.0, 0.0, 1.0],
        [0.992254, 0.02065, -0.1225, 0.0, -0.007678, 0.994397, 0.10543, 0.05, 0.123991, -0.103673, 0.986853, -0.0, 0.0, 0.0, 0.0, 1.0],
        [0.992254, 0.02065, -0.1225, 0.0, -0.007678, 0.994397, 0.10543, 0.05, 0.123991, -0.103673, 0.986853, -0.0, 0.0, 0.0, 0.0, 1.0],
        [0.992254, 0.02065, -0.1225, 0.0, -0.007678, 0.994397, 0.10543, 0.05, 0.123991, -0.103673, 0.986853, -0.0, 0.0, 0.0, 0.0, 1.0],
        [0.992254, 0.02065, -0.1225, 0.0, -0.007678, 0.994397, 0.10543, 0.05, 0.123991, -0.103673, 0.986853, 0.0, 0.0, 0.0, 0.0, 1.0],
        [0.992254, 0.02065, -0.1225, 0.0, -0.007678, 0.994397, 0.10543, 0.05, 0.123991, -0.103673, 0.986853, -0.0, 0.0, 0.0, 0.0, 1.0],
        [0.992254, 0.02065, -0.1225, 0.0, -0.007678, 0.994397, 0.10543, 0.05, 0.123991, -0.103673, 0.986853, -0.0, 0.0, 0.0, 0.0, 1.0]
      ]
    },
    {
      "name": "Chest",
      "time": [0.0, 0.5, 1.0, 0.0833, 0.1667, 0.25, 0.3333, 0.5833, 0.6667, 0.75, 0.8333],
      "transform": [
        [1.0, 0.0, 0.0, -0.0, 0.0, 0.984387, 0.176019, 0.3, 0.0, -0.176019, 0.984387, -0.0, 0.0, 0.0, 0.0, 1.0],
        [1.0, 0.0, 0.0, -0.0, 0.0, 0.984387, 0.176019, 0.3, 0.0, -0.176019, 0.984387, 0.0, 0.0, 0.0, 0.0, 1.0],
        [1.0, 0.0, 0.0, 0.0, 0.0, 0.984387, 0.176019, 0.3, 0.0, -0.176019, 0.984387, 0.0, 0.0, 0.0, 0.0, 1.0],
        [1.0, 0.0, 0.0, 0.0, 0.0, 0.984387, 0.176019, 0.3, 0.0, -0.176019, 0.984387, -0.0, 0.0, 0.0, 0.0, 1.0],
        [1.0, 0.0, 0.0, 0.0, 0.0, 0.984387, 0.176019, 0.3, 0.0, -0.176019, 0.984387, -0.0, 0.0, 0.0, 0.0, 1.0],
        [1.0, 0.0, 0.0, -0.0, 0.0, 0.984387, 0.176019, 0.3, 0.0, -0.176019, 0.984387, -0.0, 0.0, 0.0, 0.0, 1.0],
        [1.0, 0.0, 0.0, -0.0, 0.0, 0.984387, 0.176019, 0.3, 0.0, -0.176019, 0.984387, 0.0, 0.0, 0.0, 0.0, 1.0],
        [1.0, 0.0, 0.0, 0.0, 0.0, 0.984387, 0.176019, 0.3, 0.0, -0.176019, 0.984387, 0.0, 0.0, 0.0, 0.0, 1.0],
        [1.0, 0.0, 0.0, 0.0, 0.0, 0.984387, 0.176019, 0.3, 0.0, -0.176019, 0.984387, -0.0, 0.0, 0.0, 0.0, 1.0],
        [1.0, 0.0, 0.0, 0.0, 0.0, 0.984387, 0.176019, 0.3, 0.0, -0.176019, 0.984387, -0.0, 0.0, 0.0, 0.0, 1.0],
        [1.0, 0.0, 0.0, -0.0, 0.0, 0.984387, 0.176019, 0.3, 0.0, -0.176019, 0.984387, -0.0, 0.0, 0.0, 0.0, 1.0]
      ]
    },
    {
      "name": "Head",
      "time": [0.0, 0.5, 1.0, 0.0833, 0.1667, 0.25, 0.3333, 0.5833, 0.6667, 0.75, 0.8333],
      "transform": [
        [0.991838, 0.023762, 0.125271, 0.0, 0.038525, 0.880711, -0.472084, 0.4, -0.121545, 0.473057, 0.872608, 0.0, 0.0, 0.0, 0.0, 1.0],
        [0.991838, 0.023762, 0.125271, 0.0, 0.038525, 0.880711, -0.472084, 0.4, -0.121545, 0.473057, 0.872608, 0.0, 0.0, 0.0, 0.0, 1.0],
        [0.991838, 0.023762, 0.125271, -0.0, 0.038525, 0.880711, -0.472084, 0.4, -0.121545, 0.473057, 0.872608, 0.0, 0.0, 0.0, 0.0, 1.0],
        [0.991838, 0.023762, 0.125271, 0.0, 0.038525, 0.880711, -0.472084, 0.4, -0.121545, 0.473057, 0.872608, 0.0, 0.0, 0.0, 0.0, 1.0],
        [0.991838, 0.023762, 0.125271, 0.0, 0.038525, 0.880711, -0.472084, 0.4, -0.121545, 0.473057, 0.872608, 0.0, 0.0, 0.0, 0.0, 1.0],
        [0.991838, 0.023762, 0.125271, 0.0, 0.038525, 0.880711, -0.472084, 0.4, -0.121545, 0.473057, 0.872608, 0.0, 0.0, 0.0, 0.0, 1.0],
        [0.991838, 0.023762, 0.125271, 0.0, 0.038525, 0.880711, -0.472084, 0.4, -0.121545, 0.473057, 0.872608, 0.0, 0.0, 0.0, 0.0, 1.0],
        [0.991838, 0.023762, 0.125271, -0.0, 0.038525, 0.880711, -0.472084, 0.4, -0.121545, 0.473057, 0.872608, 0.0, 0.0, 0.0, 0.0, 1.0],
        [0.991838, 0.023762, 0.125271, 0.0, 0.038525, 0.880711, -0.472084, 0.4, -0.121545, 0.473057, 0.872608, 0.0, 0.0, 0.0, 0.0, 1.0],
        [0.991838, 0.023762, 0.125271, 0.0, 0.038525, 0.880711, -0.472084, 0.4, -0.121545, 0.473057, 0.872608, 0.0, 0.0, 0.0, 0.0, 1.0],
        [0.991838, 0.023762, 0.125271, 0.0, 0.038525, 0.880711, -0.472084, 0.4, -0.121545, 0.473057, 0.872608, 0.0, 0.0, 0.0, 0.0, 1.0]
      ]
    },
    {
      "name": "Shoulder_R",
      "time": [0.0, 0.5, 1.0, 0.0833, 0.1667, 0.25, 0.3333, 0.5833, 0.6667, 0.75, 0.8333],
      "transform": [
        [-0.411901, 0.897637, 0.156796, 0.0, -0.224269, -0.266642, 0.93734, 0.4, 0.883199, 0.350927, 0.311142, 0.0, 0.0, 0.0, 0.0, 1.0],
        [-0.411901, 0.897637, 0.156796, 0.0, -0.224269, -0.266642, 0.93734, 0.4, 0.883199, 0.350927, 0.311142, 0.0, 0.0, 0.0, 0.0, 1.0],
        [-0.411901, 0.897637, 0.156796, -0.0, -0.224269, -0.266642, 0.93734, 0.4, 0.883199, 0.350927, 0.311142, 0.0, 0.0, 0.0, 0.0, 1.0],
        [-0.411901, 0.897637, 0.156796, 0.0, -0.224269, -0.266642, 0.93734, 0.4, 0.883199, 0.350927, 0.311142, 0.0, 0.0, 0.0, 0.0, 1.0],
        [-0.411901, 0.897637, 0.156796, 0.0, -0.224269, -0.266642, 0.93734, 0.4, 0.883199, 0.350927, 0.311142, 0.0, 0.0, 0.0, 0.0, 1.0],
        [-0.411901, 0.897637, 0.156796, 0.0, -0.224269, -0.266642, 0.93734, 0.4, 0.883199, 0.350927, 0.311142, 0.0, 0.0, 0.0, 0.0, 1.0],
        [-0.411901, 0.897637, 0.156796, 0.0, -0.224269, -0.266642, 0.93734, 0.4, 0.883199, 0.350927, 0.311142, 0.0, 0.0, 0.0, 0.0, 1.0],
        [-0.411901, 0.897637, 0.156796, -0.0, -0.224269, -0.266642, 0.93734, 0.4, 0.883199, 0.350927, 0.311142, 0.0, 0.0, 0.0, 0.0, 1.0],
        [-0.411901, 0.897637, 0.156796, 0.0, -0.224269, -0.266642, 0.93734, 0.4, 0.883199, 0.350927, 0.311142, 0.0, 0.0, 0.0, 0.0, 1.0],
        [-0.411901, 0.897637, 0.156796, 0.0, -0.224269, -0.266642, 0.93734, 0.4, 0.883199, 0.350927, 0.311142, 0.0, 0.0, 0.0, 0.0, 1.0],
        [-0.411901, 0.897637, 0.156796, 0.0, -0.224269, -0.266642, 0.93734, 0.4, 0.883199, 0.350927, 0.311142, 0.0, 0.0, 0.0, 0.0, 1.0]
      ]
    },
    {
      "name": "Arm_R",
      "time": [0.0, 0.5, 1.0, 0.1667, 0.25, 0.3333, 0.6667, 0.75, 0.8333],
      "transform": [
        [-0.564283, 0.753713, -0.336899, -0.0, 0.790845, 0.610611, 0.041452, 0.393861, 0.236957, -0.243044, -0.940628, -0.0, 0.0, 0.0, 0.0, 1.0],
        [-0.564283, 0.734353, -0.377241, -0.0, 0.790845, 0.61196, 0.008308, 0.393861, 0.236957, -0.293652, -0.926078, 0.0, 0.0, 0.0, 0.0, 1.0],
        [-0.564283, 0.734353, -0.377241, -0.0, 0.790845, 0.61196, 0.008308, 0.39386, 0.236957, -0.293652, -0.926078, 0.0, 0.0, 0.0, 0.0, 1.0],
        [-0.564283, 0.748905, -0.347457, -0.0, 0.790845, 0.611133, 0.032867, 0.393861, 0.236957, -0.256239, -0.93712, 0.0, 0.0, 0.0, 0.0, 1.0],
        [-0.564283, 0.753713, -0.336899, -0.0, 0.790845, 0.610611, 0.041452, 0.393861, 0.236957, -0.243044, -0.940628, -0.0, 0.0, 0.0, 0.0, 1.0],
        [-0.564283, 0.734353, -0.377241, -0.0, 0.790845, 0.61196, 0.008308, 0.393861, 0.236957, -0.293652, -0.926078, 0.0, 0.0, 0.0, 0.0, 1.0],
        [-0.564283, 0.734353, -0.377241, -0.0, 0.790845, 0.61196, 0.008308, 0.39386, 0.236957, -0.293652, -0.926078, 0.0, 0.0, 0.0, 0.0, 1.0],
        [-0.564283, 0.748905, -0.347457, -0.0, 0.790845, 0.611133, 0.032867, 0.393861, 0.236957, -0.256239, -0.93712, 0.0, 0.0, 0.0, 0.0, 1.0],
        [-0.564283, 0.753713, -0.336899, -0.0, 0.790845, 0.610611, 0.041452, 0.393861, 0.236957, -0.243044, -0.940628, -0.0, 0.0, 0.0, 0.0, 1.0]
      ]
    },
    {
      "name": "Hand_R",
      "time": [0.0, 0.5, 1.0, 0.0833, 0.1667, 0.25, 0.3333, 0.5833, 0.6667, 0.75, 0.8333],
      "transform": [
        [1.0, 0.0, 0.0, -0.0, -0.0, 0.987623, -0.156846, 0.3, -0.0, 0.156846, 0.987623, -0.0, 0.0, 0.0, 0.0, 1.0],
        [1.0, 0.0, 0.0, 0.0, -0.0, 0.987623, -0.156846, 0.3, -0.0, 0.156846, 0.987623, -0.0, 0.0, 0.0, 0.0, 1.0],
        [1.0, 0.0, 0.0, 0.0, -0.0, 0.987623, -0.156846, 0.3, -0.0, 0.156846, 0.987623, -0.0, 0.0, 0.0, 0.0, 1.0],
        [1.0, 0.0, 0.0, 0.0, -0.0, 0.987623, -0.156846, 0.3, -0.0, 0.156846, 0.987623, -0.0, 0.0, 0.0, 0.0, 1.0],
        [1.0, 0.0, 0.0, -0.0, -0.0, 0.987623, -0.156846, 0.3, -0.0, 0.156846, 0.987623, -0.0, 0.0, 0.0, 0.0, 1.0],
        [1.0, 0.0, 0.0, -0.0, -0.0, 0.987623, -0.156846, 0.3, -0.0, 0.156846, 0.987623, -0.0, 0.0, 0.0, 0.0, 1.0],
        [1.0, 0.0, 0.0, 0.0, -0.0, 0.987623, -0.156846, 0.3, -0.0, 0.156846, 0.987623, -0.0, 0.0, 0.0, 0.0, 1.0],
        [1.0, 0.0, 0.0, 0.0, -0.0, 0.987623, -0.156846, 0.3, -0.0, 0.156846, 0.987623, -0.0, 0.0, 0.0, 0.0, 1.0],
        [1.0, 0.0, 0.0, 0.0, -0.0, 0.987623, -0.156846, 0.3, -0.0, 0.156846, 0.987623, -0.0, 0.0, 0.0, 0.0, 1.0],
        [1.0, 0.0, 0.0, -0.0, -0.0, 0.987623, -0.156846, 0.3, -0.0, 0.156846, 0.987623, -0.0, 0.0, 0.0, 0.0, 1.0],
        [1.0, 0.0, 0.0, -0.0, -0.0, 0.987623, -0.156846, 0.3, -0.0, 0.156846, 0.987623, -0.0, 0.0, 0.0, 0.0, 1.0]
      ]
    },
    {
      "name": "Tool_R",
      "time": [0.0, 0.5, 1.0, 0.0833, 0.1667, 0.25, 0.3333, 0.5833, 0.6667, 0.75, 0.8333],
      "transform": [
        [-0.182317, -0.976218, 0.117298, 0.0, 0.118976, -0.140324, -0.982931, 0.272858, 0.975438, -0.165153, 0.141636, -0.0, 0.0, 0.0, 0.0, 1.0],
        [-0.182317, -0.976218, 0.117298, 0.0, 0.118976, -0.140324, -0.982931, 0.272858, 0.975438, -0.165153, 0.141636, -0.0, 0.0, 0.0, 0.0, 1.0],
        [-0.182317, -0.976218, 0.117298, 0.0, 0.118976, -0.140324, -0.982931, 0.272858, 0.975438, -0.165153, 0.141636, 0.0, 0.0, 0.0, 0.0, 1.0],
        [-0.182317, -0.976218, 0.117298, 0.0, 0.118976, -0.140324, -0.982931, 0.272858, 0.975438, -0.165153, 0.141636, 0.0, 0.0, 0.0, 0.0, 1.0],
        [-0.182317, -0.976218, 0.117298, 0.0, 0.118976, -0.140324, -0.982931, 0.272858, 0.975438, -0.165153, 0.141636, -0.0, 0.0, 0.0, 0.0, 1.0],
        [-0.182317, -0.976218, 0.117298, 0.0, 0.118976, -0.140324, -0.982931, 0.272858, 0.975438, -0.165153, 0.141636, -0.0, 0.0, 0.0, 0.0, 1.0],
        [-0.182317, -0.976218, 0.117298, 0.0, 0.118976, -0.140324, -0.982931, 0.272858, 0.975438, -0.165153, 0.141636, -0.0, 0.0, 0.0, 0.0, 1.0],
        [-0.182317, -0.976218, 0.117298, 0.0, 0.118976, -0.140324, -0.982931, 0.272858, 0.975438, -0.165153, 0.141636, 0.0, 0.0, 0.0, 0.0, 1.0],
        [-0.182317, -0.976218, 0.117298, 0.0, 0.118976, -0.140324, -0.982931, 0.272858, 0.975438, -0.165153, 0.141636, 0.0, 0.0, 0.0, 0.0, 1.0],
        [-0.182317, -0.976218, 0.117298, 0.0, 0.118976, -0.140324, -0.982931, 0.272858, 0.975438, -0.165153, 0.141636, -0.0, 0.0, 0.0, 0.0, 1.0],
        [-0.182317, -0.976218, 0.117298, 0.0, 0.118976, -0.140324, -0.982931, 0.272858, 0.975438, -0.165153, 0.141636, -0.0, 0.0, 0.0, 0.0, 1.0]
      ]
    },
    {
      "name": "Elbow_R",
      "time": [0.0, 0.5, 1.0, 0.0833, 0.1667, 0.25, 0.3333, 0.5833, 0.6667, 0.75, 0.8333],
      "transform": [
        [-1.0, 0.0, -0.0, -0.0, 0.0, -0.0, -1.0, 0.3, -0.0, -1.0, 0.0, -0.0, 0.0, 0.0, 0.0, 1.0],
        [-1.0, 0.0, -0.0, 0.0, 0.0, 0.0, -1.0, 0.3, -0.0, -1.0, 0.0, -0.0, 0.0, 0.0, 0.0, 1.0],
        [-1.0, 0.0, -0.0, 0.0, 0.0, 0.0, -1.0, 0.3, -0.0, -1.0, 0.0, -0.0, 0.0, 0.0, 0.0, 1.0],
        [-1.0, 0.0, -0.0, 0.0, 0.0, 0.0, -1.0, 0.3, -0.0, -1.0, 0.0, -0.0, 0.0, 0.0, 0.0, 1.0],
        [-1.0, 0.0, -0.0, -0.0, 0.0, -0.0, -1.0, 0.3, -0.0, -1.0, 0.0, -0.0, 0.0, 0.0, 0.0, 1.0],
        [-1.0, 0.0, -0.0, -0.0, 0.0, -0.0, -1.0, 0.3, -0.0, -1.0, 0.0, -0.0, 0.0, 0.0, 0.0, 1.0],
        [-1.0, 0.0, -0.0, 0.0, 0.0, 0.0, -1.0, 0.3, -0.0, -1.0, 0.0, -0.0, 0.0, 0.0, 0.0, 1.0],
        [-1.0, 0.0, -0.0, 0.0, 0.0, 0.0, -1.0, 0.3, -0.0, -1.0, 0.0, -0.0, 0.0, 0.0, 0.0, 1.0],
        [-1.0, 0.0, -0.0, 0.0, 0.0, 0.0, -1.0, 0.3, -0.0, -1.0, 0.0, -0.0, 0.0, 0.0, 0.0, 1.0],
        [-1.0, 0.0, -0.0, -0.0, 0.0, -0.0, -1.0, 0.3, -0.0, -1.0, 0.0, -0.0, 0.0, 0.0, 0.0, 1.0],
        [-1.0, 0.0, -0.0, -0.0, 0.0, -0.0, -1.0, 0.3, -0.0, -1.0, 0.0, -0.0, 0.0, 0.0, 0.0, 1.0]
      ]
    },
    {
      "name": "Shoulder_L",
      "time": [0.0, 0.5, 1.0, 0.0833, 0.1667, 0.25, 0.3333, 0.5833, 0.6667, 0.75, 0.8333],
      "transform": [
        [0.199318, -0.977557, -0.068222, 0.0, 0.064005, -0.056483, 0.99635, 0.4, -0.977842, -0.202957, 0.051311, 0.0, 0.0, 0.0, 0.0, 1.0],
        [0.199318, -0.977557, -0.068222, 0.0, 0.064005, -0.056483, 0.99635, 0.4, -0.977842, -0.202957, 0.051311, 0.0, 0.0, 0.0, 0.0, 1.0],
        [0.199318, -0.977557, -0.068222, -0.0, 0.064005, -0.056483, 0.99635, 0.4, -0.977842, -0.202957, 0.051311, 0.0, 0.0, 0.0, 0.0, 1.0],
        [0.199318, -0.977557, -0.068222, 0.0, 0.064005, -0.056483, 0.99635, 0.4, -0.977842, -0.202957, 0.051311, 0.0, 0.0, 0.0, 0.0, 1.0],
        [0.199318, -0.977557, -0.068222, 0.0, 0.064005, -0.056483, 0.99635, 0.4, -0.977842, -0.202957, 0.051311, 0.0, 0.0, 0.0, 0.0, 1.0],
        [0.199318, -0.977557, -0.068222, 0.0, 0.064005, -0.056483, 0.99635, 0.4, -0.977842, -0.202957, 0.051311, 0.0, 0.0, 0.0, 0.0, 1.0],
        [0.199318, -0.977557, -0.068222, 0.0, 0.064005, -0.056483, 0.99635, 0.4, -0.977842, -0.202957, 0.051311, 0.0, 0.0, 0.0, 0.0, 1.0],
        [0.199318, -0.977557, -0.068222, -0.0, 0.064005, -0.056483, 0.99635, 0.4, -0.977842, -0.202957, 0.051311, 0.0, 0.0, 0.0, 0.0, 1.0],
        [0.199318, -0.977557, -0.068222, 0.0, 0.064005, -0.056483, 0.99635, 0.4, -0.977842, -0.202957, 0.051311, 0.0, 0.0, 0.0, 0.0, 1.0],
        [0.199318, -0.977557, -0.068222, 0.0, 0.064005, -0.056483, 0.99635, 0.4, -0.977842, -0.202957, 0.051311, 0.0, 0.0, 0.0, 0.0, 1.0],
        [0.199318, -0.977557, -0.068222, 0.0, 0.064005, -0.056483, 0.99635, 0.4, -0.977842, -0.202957, 0.051311, 0.0, 0.0, 0.0, 0.0, 1.0]
      ]
    },
    {
      "name": "Arm_L",
      "time": [0.0, 0.5, 1.0, 0.1667, 0.25, 0.3333, 0.6667, 0.75, 0.8333],
      "transform": [
        [0.139963, 0.990152, 0.003195, 0.0, -0.8463, 0.121303, -0.518712, 0.39386, -0.513991, 0.069897, 0.854943, -0.0, 0.0, 0.0, 0.0, 1.0],
        [0.020739, 0.976655, 0.21381, 0.0, -0.887686, 0.116378, -0.445498, 0.39386, -0.459981, -0.180557, 0.869377, -0.0, 0.0, 0.0, 0.0, 1.0],
        [0.020739, 0.976655, 0.21381, -0.0, -0.887686, 0.116378, -0.445498, 0.39386, -0.459981, -0.180557, 0.869377, -0.0, 0.0, 0.0, 0.0, 1.0],
        [0.10687, 0.988851, 0.103695, 0.0, -0.856436, 0.14453, -0.49561, 0.39386, -0.505071, -0.035842, 0.862333, -0.0, 0.0, 0.0, 0.0, 1.0],
        [0.139963, 0.990152, 0.003195, 0.0, -0.8463, 0.121303, -0.518712, 0.39386, -0.513991, 0.069897, 0.854943, -0.0, 0.0, 0.0, 0.0, 1.0],
        [0.020739, 0.976655, 0.21381, 0.0, -0.887686, 0.116378, -0.445498, 0.39386, -0.459981, -0.180557, 0.869377, -0.0, 0.0, 0.0, 0.0, 1.0],
        [0.020739, 0.976655, 0.21381, -0.0, -0.887686, 0.116378, -0.445498, 0.39386, -0.459981, -0.180557, 0.869377, -0.0, 0.0, 0.0, 0.0, 1.0],
        [0.10687, 0.988851, 0.103695, 0.0, -0.856436, 0.14453, -0.49561, 0.39386, -0.505071, -0.035842, 0.862333, -0.0, 0.0, 0.0, 0.0, 1.0],
        [0.139963, 0.990152, 0.003195, 0.0, -0.8463, 0.121303, -0.518712, 0.39386, -0.513991, 0.069897, 0.854943, -0.0, 0.0, 0.0, 0.0, 1.0]
      ]
    },
    {
      "name": "Hand_L",
      "time": [0.0, 0.5, 1.0, 0.0833, 0.1667, 0.25, 0.3333, 0.5833, 0.6667, 0.75, 0.8333],
      "transform": [
        [1.0, 0.0, 0.0, -0.0, -0.0, 0.996262, -0.086378, 0.3, -0.0, 0.086378, 0.996262, 0.0, 0.0, 0.0, 0.0, 1.0],
        [1.0, 0.0, 0.0, -0.0, 0.0, 0.996262, -0.086378, 0.3, 0.0, 0.086378, 0.996262, 0.0, 0.0, 0.0, 0.0, 1.0],
        [1.0, 0.0, 0.0, 0.0, -0.0, 0.996262, -0.086378, 0.3, -0.0, 0.086378, 0.996262, -0.0, 0.0, 0.0, 0.0, 1.0],
        [1.0, 0.0, 0.0, 0.0, -0.0, 0.996262, -0.086378, 0.3, -0.0, 0.086378, 0.996262, 0.0, 0.0, 0.0, 0.0, 1.0],
        [1.0, 0.0, 0.0, 0.0, -0.0, 0.996262, -0.086378, 0.3, -0.0, 0.086378, 0.996262, -0.0, 0.0, 0.0, 0.0, 1.0],
        [1.0, 0.0, 0.0, -0.0, -0.0, 0.996262, -0.086378, 0.3, -0.0, 0.086378, 0.996262, 0.0, 0.0, 0.0, 0.0, 1.0],
        [1.0, 0.0, 0.0, -0.0, 0.0, 0.996262, -0.086378, 0.3, 0.0, 0.086378, 0.996262, 0.0, 0.0, 0.0, 0.0, 1.0],
        [1.0, 0.0, 0.0, 0.0, -0.0, 0.996262, -0.086378, 0.3, -0.0, 0.086378, 0.996262, -0.0, 0.0, 0.0, 0.0, 1.0],
        [1.0, 0.0, 0.0, 0.0, -0.0, 0.996262, -0.086378, 0.3, -0.0, 0.086378, 0.996262, 0.0, 0.0, 0.0, 0.0, 1.0],
        [1.0, 0.0, 0.0, 0.0, -0.0, 0.996262, -0.086378, 0.3, -0.0, 0.086378, 0.996262, -0.0, 0.0, 0.0, 0.0, 1.0],
        [1.0, 0.0, 0.0, -0.0, -0.0, 0.996262, -0.086378, 0.3, -0.0, 0.086378, 0.996262, 0.0, 0.0, 0.0, 0.0, 1.0]
      ]
    },
    {
      "name": "Tool_L",
      "time": [0.0, 0.5, 1.0, 0.0833, 0.1667, 0.25, 0.3333, 0.5833, 0.6667, 0.75, 0.8333],
      "transform": [
        [0.46705, 0.380291, -0.798275, 0.0, 0.092906, -0.918899, -0.383397, 0.272858, -0.878818, 0.10483, -0.464234, 0.0, 0.0, 0.0, 0.0, 1.0],
        [0.46705, 0.380291, -0.798275, 0.0, 0.092906, -0.918899, -0.383397, 0.272858, -0.878818, 0.10483, -0.464234, -0.0, 0.0, 0.0, 0.0, 1.0],
        [0.46705, 0.380291, -0.798275, -0.0, 0.092906, -0.918899, -0.383397, 0.272858, -0.878818, 0.10483, -0.464234, -0.0, 0.0, 0.0, 0.0, 1.0],
        [0.46705, 0.380291, -0.798275, -0.0, 0.092906, -0.918899, -0.383397, 0.272858, -0.878818, 0.10483, -0.464234, 0.0, 0.0, 0.0, 0.0, 1.0],
        [0.46705, 0.380291, -0.798275, 0.0, 0.092906, -0.918899, -0.383397, 0.272858, -0.878818, 0.10483, -0.464234, 0.0, 0.0, 0.0, 0.0, 1.0],
        [0.46705, 0.380291, -0.798275, 0.0, 0.092906, -0.918899, -0.383397, 0.272858, -0.878818, 0.10483, -0.464234, 0.0, 0.0, 0.0, 0.0, 1.0],
        [0.46705, 0.380291, -0.798275, 0.0, 0.092906, -0.918899, -0.383397, 0.272858, -0.878818, 0.10483, -0.464234, -0.0, 0.0, 0.0, 0.0, 1.0],
        [0.46705, 0.380291, -0.798275, -0.0, 0.092906, -0.918899, -0.383397, 0.272858, -0.878818, 0.10483, -0.464234, -0.0, 0.0, 0.0, 0.0, 1.0],
        [0.46705, 0.380291, -0.798275, -0.0, 0.092906, -0.918899, -0.383397, 0.272858, -0.878818, 0.10483, -0.464234, 0.0, 0.0, 0.0, 0.0, 1.0],
        [0.46705, 0.380291, -0.798275, 0.0, 0.092906, -0.918899, -0.383397, 0.272858, -0.878818, 0.10483, -0.464234, 0.0, 0.0, 0.0, 0.0, 1.0],
        [0.46705, 0.380291, -0.798275, 0.0, 0.092906, -0.918899, -0.383397, 0.272858, -0.878818, 0.10483, -0.464234, 0.0, 0.0, 0.0, 0.0, 1.0]
      ]
    },
    {
      "name": "Elbow_L",
      "time": [0.0, 0.5, 1.0, 0.0833, 0.1667, 0.25, 0.3333, 0.5833, 0.6667, 0.75, 0.8333],
      "transform": [
        [-1.0, 0.0, -0.0, -0.0, 0.0, -0.0, -1.0, 0.3, -0.0, -1.0, -0.0, 0.0, 0.0, 0.0, 0.0, 1.0],
        [-1.0, 0.0, -0.0, -0.0, 0.0, -0.0, -1.0, 0.3, -0.0, -1.0, 0.0, 0.0, 0.0, 0.0, 0.0, 1.0],
        [-1.0, 0.0, -0.0, 0.0, 0.0, -0.0, -1.0, 0.3, -0.0, -1.0, -0.0, -0.0, 0.0, 0.0, 0.0, 1.0],
        [-1.0, 0.0, -0.0, 0.0, 0.0, -0.0, -1.0, 0.3, -0.0, -1.0, -0.0, 0.0, 0.0, 0.0, 0.0, 1.0],
        [-1.0, 0.0, -0.0, 0.0, 0.0, -0.0, -1.0, 0.3, -0.0, -1.0, -0.0, -0.0, 0.0, 0.0, 0.0, 1.0],
        [-1.0, 0.0, -0.0, -0.0, 0.0, -0.0, -1.0, 0.3, -0.0, -1.0, -0.0, 0.0, 0.0, 0.0, 0.0, 1.0],
        [-1.0, 0.0, -0.0, -0.0, 0.0, -0.0, -1.0, 0.3, -0.0, -1.0, 0.0, 0.0, 0.0, 0.0, 0.0, 1.0],
        [-1.0, 0.0, -0.0, 0.0, 0.0, -0.0, -1.0, 0.3, -0.0, -1.0, -0.0, -0.0, 0.0, 0.0, 0.0, 1.0],
        [-1.0, 0.0, -0.0, 0.0, 0.0, -0.0, -1.0, 0.3, -0.0, -1.0, -0.0, 0.0, 0.0, 0.0, 0.0, 1.0],
        [-1.0, 0.0, -0.0, 0.0, 0.0, -0.0, -1.0, 0.3, -0.0, -1.0, -0.0, -0.0, 0.0, 0.0, 0.0, 1.0],
        [-1.0, 0.0, -0.0, -0.0, 0.0, -0.0, -1.0, 0.3, -0.0, -1.0, -0.0, 0.0, 0.0, 0.0, 0.0, 1.0]
      ]
    }
  ]
}