{
    "animation": [
        {
            "name": "Root",
            "time": [0.0, 2.6667],
            "transform": [
                [0.882948, -0.0, -0.469472, -0.004793, -0.469472, 0.0, -0.882948, 0.000946, 0.0, 1.0, -0.0, 0.749295, 0.0, 0.0, 0.0, 1.0],
                [0.882948, -0.0, -0.469472, -0.004793, -0.469472, 0.0, -0.882948, 0.000946, 0.0, 1.0, -0.0, 0.749295, 0.0, 0.0, 0.0, 1.0]
            ]
        },
        {
            "name": "Thigh_R",
            "time": [0.0, 2.6667],
            "transform": [
                [0.983649, 0.057096, 0.170806, 0.124994, 0.070624, -0.994738, -0.074199, -0.002831, 0.165672, 0.085049, -0.982507, -1.2e-05, 0.0, 0.0, 0.0, 1.0],
                [0.983649, 0.057096, 0.170806, 0.124994, 0.070624, -0.994738, -0.074199, -0.002831, 0.165672, 0.085049, -0.982507, -1.2e-05, 0.0, 0.0, 0.0, 1.0]
            ]
        },
        {
            "name": "Leg_R",
            "time": [0.0, 2.6667],
            "transform": [
                [1.0, 4e-06, 3e-06, 0.0, -4e-06, 0.999987, 0.005403, 0.37472, -3e-06, -0.005403, 0.999985, -0.0, 0.0, 0.0, 0.0, 1.0],
                [1.0, 4e-06, 3e-06, 0.0, -4e-06, 0.999987, 0.005403, 0.37472, -3e-06, -0.005403, 0.999985, -0.0, 0.0, 0.0, 0.0, 1.0]
            ]
        },
        {
            "name": "Knee_R",
            "time": [0.0, 2.6667],
            "transform": [
                [1.0, 2e-06, -4e-06, 0.0, -4e-06, 3e-06, -1.0, 0.37472, -2e-06, 1.0, 3e-06, -0.0, 0.0, 0.0, 0.0, 1.0],
                [1.0, 2e-06, -4e-06, 0.0, -4e-06, 3e-06, -1.0, 0.37472, -2e-06, 1.0, 3e-06, -0.0, 0.0, 0.0, 0.0, 1.0]
            ]
        },
        {
            "name": "Thigh_L",
            "time": [0.0, 2.6667],
            "transform": [
                [0.964701, -0.067165, 0.254639, -0.125006, -0.081536, -0.995583, 0.046289, -0.002831, 0.250412, -0.065417, -0.965914, -1.2e-05, 0.0, 0.0, 0.0, 1.0],
                [0.964701, -0.067165, 0.254639, -0.125006, -0.081536, -0.995583, 0.046289, -0.002831, 0.250412, -0.065417, -0.965914, -1.2e-05, 0.0, 0.0, 0.0, 1.0]
            ]
        },
        {
            "name": "Leg_L",
            "time": [0.0, 2.6667],
            "transform": [
                [0.999999, 1e-06, 1e-06, 0.0, -1e-06, 0.995975, 0.089768, 0.37472, -1e-06, -0.089768, 0.995975, -0.0, 0.0, 0.0, 0.0, 1.0],
                [0.999999, 1e-06, 1e-06, 0.0, -1e-06, 0.995975, 0.089768, 0.37472, -1e-06, -0.089768, 0.995975, -0.0, 0.0, 0.0, 0.0, 1.0]
            ]
        },
        {
            "name": "Knee_L",
            "time": [0.0, 2.6667],
            "transform": [
                [1.0, 0.0, -1e-06, 0.0, -1e-06, 0.04493, -0.998991, 0.37472, -0.0, 0.99899, 0.04493, -0.0, 0.0, 0.0, 0.0, 1.0],
                [1.0, 0.0, -1e-06, 0.0, -1e-06, 0.04493, -0.998991, 0.37472, -0.0, 0.99899, 0.04493, -0.0, 0.0, 0.0, 0.0, 1.0]
            ]
        },
        {
            "name": "Torso",
            "time": [0.0, 2.6667],
            "transform": [
                [0.999682, -0.025213, 9.9e-05, 0.0, 0.025213, 0.999651, -0.007853, 0.05, 9.9e-05, 0.007853, 0.999969, -0.0, 0.0, 0.0, 0.0, 1.0],
                [0.999682, -0.025213, 9.9e-05, 0.0, 0.025213, 0.999651, -0.007853, 0.05, 9.9e-05, 0.007853, 0.999969, -0.0, 0.0, 0.0, 0.0, 1.0]
            ]
        },
        {
            "name": "Chest",
            "time": [0.0, 2.6667],
            "transform": [
                [0.965926, -1e-06, -0.258818, 0.0, -7.7e-05, 1.0, -0.00029, 0.3, 0.258818, 0.0003, 0.965926, -0.0, 0.0, 0.0, 0.0, 1.0],
                [0.965926, -1e-06, -0.258818, 0.0, -7.7e-05, 1.0, -0.00029, 0.3, 0.258818, 0.0003, 0.965926, -0.0, 0.0, 0.0, 0.0, 1.0]
            ]
        },
        {
            "name": "Head",
            "time": [0.0, 2.6667],
            "transform": [
                [0.742943, -0.061174, 0.666553, 0.0, -0.037385, 0.990469, 0.132572, 0.4, -0.668309, -0.123413, 0.733574, -0.0, 0.0, 0.0, 0.0, 1.0],
                [0.742943, -0.061174, 0.666553, 0.0, -0.037385, 0.990469, 0.132572, 0.4, -0.668309, -0.123413, 0.733574, -0.0, 0.0, 0.0, 0.0, 1.0]
            ]
        },
        {
            "name": "Shoulder_R",
            "time": [0.0, 2.6667],
            "transform": [
                [0.000148, 0.95278, 0.30366, 0.0, -4.3e-05, -0.303659, 0.952781, 0.4, 1.0, -0.000154, -4e-06, -0.0, 0.0, 0.0, 0.0, 1.0],
                [0.000148, 0.95278, 0.30366, 0.0, -4.3e-05, -0.303659, 0.952781, 0.4, 1.0, -0.000154, -4e-06, -0.0, 0.0, 0.0, 0.0, 1.0]
            ]
        },
        {
            "name": "Arm_R",
            "time": [0.0, 2.6667],
            "transform": [
                [0.253011, 0.122975, -0.959616, -1.9e-05, 0.773229, 0.570442, 0.276971, 0.388503, 0.581466, -0.812079, 0.04924, -0.00091, 0.0, 0.0, 0.0, 1.0],
                [0.253011, 0.122975, -0.959616, -1.9e-05, 0.773229, 0.570442, 0.276971, 0.388503, 0.581466, -0.812079, 0.04924, -0.00091, 0.0, 0.0, 0.0, 1.0]
            ]
        },
        {
            "name": "Hand_R",
            "time": [0.0, 2.6667],
            "transform": [
                [0.999749, 0.022275, -0.002089, 0.0, -0.02228, 0.982753, -0.183579, 0.329779, -0.002037, 0.18358, 0.983002, 0.0, 0.0, 0.0, 0.0, 1.0],
                [0.999749, 0.022275, -0.002089, 0.0, -0.02228, 0.982753, -0.183579, 0.329779, -0.002037, 0.18358, 0.983002, 0.0, 0.0, 0.0, 0.0, 1.0]
            ]
        },
        {
            "name": "Tool_R",
            "time": [0.0, 2.6667],
            "transform": [
                [1.0, 0.0, 0.0, -0.02, 0.0, -0.897891, -0.440218, 0.291425, 0.0, 0.440217, -0.897891, 0.0, 0.0, 0.0, 0.0, 1.0],
                [1.0, 0.0, 0.0, -0.02, 0.0, -0.897891, -0.440218, 0.291425, 0.0, 0.440217, -0.897891, 0.0, 0.0, 0.0, 0.0, 1.0]
            ]
        },
        {
            "name": "Elbow_R",
            "time": [0.0, 2.6667],
            "transform": [
                [-0.999999, -0.0, -0.0, 0.0, 1e-06, 0.092183, -0.995742, 0.329779, 0.0, -0.995741, -0.092183, 0.0, 0.0, 0.0, 0.0, 1.0],
                [-0.999999, -0.0, -0.0, 0.0, 1e-06, 0.092183, -0.995742, 0.329779, 0.0, -0.995741, -0.092183, 0.0, 0.0, 0.0, 0.0, 1.0]
            ]
        },
        {
            "name": "Shoulder_L",
            "time": [0.0, 2.6667],
            "transform": [
                [0.000149, -0.952781, -0.303659, 0.0, 4e-05, -0.303659, 0.952781, 0.4, -1.0, -0.000154, -8e-06, -0.0, 0.0, 0.0, 0.0, 1.0],
                [0.000149, -0.952781, -0.303659, 0.0, 4e-05, -0.303659, 0.952781, 0.4, -1.0, -0.000154, -8e-06, -0.0, 0.0, 0.0, 0.0, 1.0]
            ]
        },
        {
            "name": "Arm_L",
            "time": [0.0, 2.6667],
            "transform": [
                [0.027462, -0.106197, 0.993966, 1.9e-05, -0.930733, 0.360023, 0.06418, 0.388503, -0.364667, -0.926879, -0.088954, -0.000909, 0.0, 0.0, 0.0, 1.0],
                [0.027462, -0.106197, 0.993966, 1.9e-05, -0.930733, 0.360023, 0.06418, 0.388503, -0.364667, -0.926879, -0.088954, -0.000909, 0.0, 0.0, 0.0, 1.0]
            ]
        },
        {
            "name": "Hand_L",
            "time": [0.0, 2.6667],
            "transform": [
                [1.0, 0.0, 0.0, 0.0, -0.0, 0.979783, -0.200062, 0.329779, -0.0, 0.200062, 0.979782, -0.0, 0.0, 0.0, 0.0, 1.0],
                [1.0, 0.0, 0.0, 0.0, -0.0, 0.979783, -0.200062, 0.329779, -0.0, 0.200062, 0.979782, -0.0, 0.0, 0.0, 0.0, 1.0]
            ]
        },
        {
            "name": "Tool_L",
            "time": [0.0, 2.6667],
            "transform": [
                [1.0, 0.0, 0.0, 0.02, -0.0, -1.0, 0.0, 0.291426, 0.0, 0.0, -1.000001, -0.0, 0.0, 0.0, 0.0, 1.0],
                [1.0, 0.0, 0.0, 0.02, -0.0, -1.0, 0.0, 0.291426, 0.0, 0.0, -1.000001, -0.0, 0.0, 0.0, 0.0, 1.0]
            ]
        },
        {
            "name": "Elbow_L",
            "time": [0.0, 2.6667],
            "transform": [
                [-1.0, -0.0, -0.0, 0.0, 0.0, 0.10054, -0.994933, 0.329779, -0.0, -0.994933, -0.10054, -0.0, 0.0, 0.0, 0.0, 1.0],
                [-1.0, -0.0, -0.0, 0.0, 0.0, 0.10054, -0.994933, 0.329779, -0.0, -0.994933, -0.10054, -0.0, 0.0, 0.0, 0.0, 1.0]
            ]
        }
    ]
}