{
    "armature": {
        "joints": ["Root", "Thigh_R", "Leg_R", "Knee_R", "Thigh_L", "Leg_L", "Knee_L", "Torso", "Chest", "Head", "Shoulder_R", "Arm_R", "Hand_R", "Tool_R", "Elbow_R", "Shoulder_L", "Arm_L", "Hand_L", "Tool_L", "Elbow_L"],
        "hierarchy": [
            {
                "name": "Root",
                "transform": [1.0, 0.0, 0.0, -5e-06, 0.0, 0.0, -1.0, 0.000946, 0.0, 1.0, 0.0, 0.763972, 0.0, 0.0, 0.0, 1.0],
                "children": [
                    {
                        "name": "Thigh_R",
                        "transform": [1.0, -0.0, -0.0, 0.124994, 0.0, -1.0, 1e-06, -0.002831, -0.0, -0.0, -1.0, -1.2e-05, 0.0, 0.0, 0.0, 1.0],
                        "children": [
                            {
                                "name": "Leg_R",
                                "transform": [1.0, 0.0, 1e-06, 0.0, -0.0, 1.0, 0.0, 0.37472, -1e-06, -0.0, 1.0, 0.0, 0.0, 0.0, 0.0, 1.0],
                                "children": []
                            },
                            {
                                "name": "Knee_R",
                                "transform": [1.0, 0.0, -0.0, 0.0, -0.0, 1e-06, -1.0, 0.37472, -0.0, 1.0, 1e-06, 0.0, 0.0, 0.0, 0.0, 1.0],
                                "children": []
                            }
                        ]
                    },
                    {
                        "name": "Thigh_L",
                        "transform": [1.0, -0.0, -0.0, -0.125006, 0.0, -1.0, 1e-06, -0.002831, -0.0, -0.0, -1.0, -1.2e-05, 0.0, 0.0, 0.0, 1.0],
                        "children": [
                            {
                                "name": "Leg_L",
                                "transform": [1.0, 0.0, 1e-06, -0.0, -0.0, 1.0, 0.0, 0.37472, -1e-06, -0.0, 1.0, 0.0, 0.0, 0.0, 0.0, 1.0],
                                "children": []
                            },
                            {
                                "name": "Knee_L",
                                "transform": [1.0, 0.0, -0.0, -0.0, -0.0, 1e-06, -1.0, 0.37472, -0.0, 1.0, 1e-06, 0.0, 0.0, 0.0, 0.0, 1.0],
                                "children": []
                            }
                        ]
                    },
                    {
                        "name": "Torso",
                        "transform": [1.0, 0.0, 0.0, 0.0, 0.0, 1.0, 0.0, 0.05, 0.0, 0.0, 1.0, 0.0, 0.0, 0.0, 0.0, 1.0],
                        "children": [
                            {
                                "name": "Chest",
                                "transform": [1.0, 0.0, 0.0, 0.0, 0.0, 1.0, 0.0, 0.3, 0.0, 0.0, 1.0, 0.0, 0.0, 0.0, 0.0, 1.0],
                                "children": [
                                    {
                                        "name": "Head",
                                        "transform": [1.0, 0.0, 0.0, 0.0, 0.0, 1.0, 0.0, 0.4, 0.0, 0.0, 1.0, 0.0, 0.0, 0.0, 0.0, 1.0],
                                        "children": []
                                    },
                                    {
                                        "name": "Shoulder_R",
                                        "transform": [0.0, 0.952114, 0.305743, 0.0, 0.0, -0.305743, 0.952114, 0.4, 1.0, 0.0, -0.0, 0.0, 0.0, 0.0, 0.0, 1.0],
                                        "children": [
                                            {
                                                "name": "Arm_R",
                                                "transform": [0.0, -0.0, -1.0, -0.0, 0.952114, 0.305743, 0.0, 0.39386, 0.305743, -0.952114, 0.0, 0.0, 0.0, 0.0, 0.0, 1.0],
                                                "children": [
                                                    {
                                                        "name": "Hand_R",
                                                        "transform": [1.0, 0.0, 0.0, 0.0, -0.0, 0.993938, 0.109947, 0.3, -0.0, -0.109947, 0.993937, -0.0, 0.0, 0.0, 0.0, 1.0],
                                                        "children": [
                                                            {
                                                                "name": "Tool_R",
                                                                "transform": [1.0, 0.0, 0.0, -0.0, 0.0, -0.999836, 0.018122, 0.272858, 0.0, -0.018122, -0.999244, 0.0, 0.0, 0.0, 0.0, 1.0],
                                                                "children": []
                                                            }
                                                        ]
                                                    },
                                                    {
                                                        "name": "Elbow_R",
                                                        "transform": [-1.0, 0.0, -0.0, 0.0, 0.0, -0.0, -1.0, 0.3, -0.0, -1.0, 0.0, -0.0, 0.0, 0.0, 0.0, 1.0],
                                                        "children": []
                                                    }
                                                ]
                                            }
                                        ]
                                    },
                                    {
                                        "name": "Shoulder_L",
                                        "transform": [-0.0, -0.952114, -0.305743, 0.0, 0.0, -0.305743, 0.952114, 0.4, -1.0, 0.0, 0.0, 0.0, 0.0, 0.0, 0.0, 1.0],
                                        "children": [
                                            {
                                                "name": "Arm_L",
                                                "transform": [-0.0, -0.0, 1.0, -0.0, -0.952114, 0.305743, -0.0, 0.39386, -0.305743, -0.952114, -0.0, 0.0, 0.0, 0.0, 0.0, 1.0],
                                                "children": [
                                                    {
                                                        "name": "Hand_L",
                                                        "transform": [1.0, 0.0, 0.0, -0.0, -0.0, 0.993937, 0.109947, 0.3, -0.0, -0.109947, 0.993937, 0.0, 0.0, 0.0, 0.0, 1.0],
                                                        "children": [
                                                            {
                                                                "name": "Tool_L",
                                                                "transform": [1.0, 0.0, 0.0, -0.0, 0.0, -0.999836, 0.018122, 0.272858, 0.0, -0.018122, -0.999247, -0.0, 0.0, 0.0, 0.0, 1.0],
                                                                "children": []
                                                            }
                                                        ]
                                                    },
                                                    {
                                                        "name": "Elbow_L",
                                                        "transform": [-1.0, 0.0, -0.0, -0.0, 0.0, -0.0, -1.0, 0.3, -0.0, -1.0, -0.0, 0.0, 0.0, 0.0, 0.0, 1.0],
                                                        "children": []
                                                    }
                                                ]
                                            }
                                        ]
                                    }
                                ]
                            }
                        ]
                    }
                ]
            }
        ]
    },
    "animation": [
        {
            "name": "Root",
            "time": [0.0, 1.3333, 2.6667],
            "transform": [
                [0.23581, -0.061326, -0.969862, -0.113298, -0.967658, 0.077222, -0.240157, -0.009363, 0.089623, 0.995126, -0.041133, 0.64884, 0.0, 0.0, 0.0, 1.0],
                [0.23581, -0.061326, -0.969862, -0.113298, -0.967658, 0.077222, -0.240157, -0.009363, 0.089623, 0.995126, -0.041133, 0.639691, 0.0, 0.0, 0.0, 1.0],
                [0.23581, -0.061326, -0.969862, -0.113298, -0.967658, 0.077222, -0.240157, -0.009363, 0.089623, 0.995126, -0.041133, 0.64884, 0.0, 0.0, 0.0, 1.0]
            ]
        },
        {
            "name": "Thigh_R",
            "time": [0.0, 1.3333, 2.6667],
            "transform": [
                [0.910313, 0.40956, -0.059933, 0.124994, 0.41382, -0.897297, 0.153657, -0.002831, 0.009154, -0.164677, -0.986305, -1.2e-05, 0.0, 0.0, 0.0, 1.0],
                [0.910313, 0.406626, -0.07737, 0.124994, 0.41382, -0.889916, 0.191839, -0.002831, 0.009154, -0.20665, -0.978372, -1.2e-05, 0.0, 0.0, 0.0, 1.0],
                [0.910313, 0.40956, -0.059933, 0.124994, 0.41382, -0.897297, 0.153657, -0.002831, 0.009154, -0.164677, -0.986305, -1.2e-05, 0.0, 0.0, 0.0, 1.0]
            ]
        },
        {
            "name": "Leg_R",
            "time": [0.0, 1.3333, 2.6667],
            "transform": [
                [1.0, -0.0, 1e-06, 0.0, -0.0, 0.935922, 0.352207, 0.37472, -1e-06, -0.352207, 0.935922, 0.0, 0.0, 0.0, 0.0, 1.0],
                [1.0, -0.0, 1e-06, -0.0, -0.0, 0.889807, 0.456337, 0.37472, -1e-06, -0.456337, 0.889807, 0.0, 0.0, 0.0, 0.0, 1.0],
                [1.0, -0.0, 1e-06, 0.0, -0.0, 0.935922, 0.352207, 0.37472, -1e-06, -0.352207, 0.935922, 0.0, 0.0, 0.0, 0.0, 1.0]
            ]
        },
        {
            "name": "Knee_R",
            "time": [0.0, 1.3333, 2.6667],
            "transform": [
                [1.0, 0.0, -0.0, 0.0, -0.0, 0.164796, -0.986328, 0.37472, -0.0, 0.986328, 0.164796, 0.0, 0.0, 0.0, 0.0, 1.0],
                [1.0, 0.0, -0.0, -0.0, -0.0, 0.164796, -0.986328, 0.37472, -0.0, 0.986328, 0.164796, 0.0, 0.0, 0.0, 0.0, 1.0],
                [1.0, 0.0, -0.0, 0.0, -0.0, 0.164796, -0.986328, 0.37472, -0.0, 0.986328, 0.164796, 0.0, 0.0, 0.0, 0.0, 1.0]
            ]
        },
        {
            "name": "Thigh_L",
            "time": [0.0, 1.3333, 2.6667],
            "transform": [
                [0.867391, -0.461798, 0.185406, -0.125006, -0.480081, -0.678497, 0.556024, -0.002831, -0.130973, -0.5713, -0.810223, -1.2e-05, 0.0, 0.0, 0.0, 1.0],
                [0.859493, -0.444056, 0.253153, -0.125006, -0.504326, -0.656068, 0.561454, -0.002831, -0.083232, -0.610237, -0.787835, -1.2e-05, 0.0, 0.0, 0.0, 1.0],
                [0.867391, -0.461798, 0.185406, -0.125006, -0.480081, -0.678497, 0.556024, -0.002831, -0.130973, -0.5713, -0.810223, -1.2e-05, 0.0, 0.0, 0.0, 1.0]
            ]
        },
        {
            "name": "Leg_L",
            "time": [0.0, 1.3333, 2.6667],
            "transform": [
                [1.0, -0.0, 0.0, 0.0, -0.0, 0.786558, 0.617516, 0.37472, -1e-06, -0.617516, 0.786558, -0.0, 0.0, 0.0, 0.0, 1.0],
                [1.0, -0.0, 0.0, 0.0, 0.0, 0.739052, 0.673649, 0.37472, -1e-06, -0.673649, 0.739052, -0.0, 0.0, 0.0, 0.0, 1.0],
                [1.0, -0.0, 0.0, 0.0, -0.0, 0.786558, 0.617516, 0.37472, -1e-06, -0.617516, 0.786558, -0.0, 0.0, 0.0, 0.0, 1.0]
            ]
        },
        {
            "name": "Knee_L",
            "time": [0.0, 1.3333, 2.6667],
            "transform": [
                [1.0, 0.0, -0.0, 0.0, -0.0, 0.439384, -0.898299, 0.37472, 0.0, 0.898299, 0.439384, -0.0, 0.0, 0.0, 0.0, 1.0],
                [1.0, 0.0, -0.0, 0.0, -0.0, 0.439384, -0.898299, 0.37472, 0.0, 0.898299, 0.439384, -0.0, 0.0, 0.0, 0.0, 1.0],
                [1.0, 0.0, -0.0, 0.0, -0.0, 0.439384, -0.898299, 0.37472, 0.0, 0.898299, 0.439384, -0.0, 0.0, 0.0, 0.0, 1.0]
            ]
        },
        {
            "name": "Torso",
            "time": [0.0, 1.3333, 2.6667],
            "transform": [
                [0.9946, 0.03756, 0.096746, 0.0, -0.075164, 0.903494, 0.421959, 0.05, -0.071561, -0.426952, 0.901438, 0.0, 0.0, 0.0, 0.0, 1.0],
                [0.995663, 0.028367, 0.088598, 0.0, -0.060107, 0.923055, 0.379943, 0.05, -0.071003, -0.383621, 0.920757, 0.0, 0.0, 0.0, 0.0, 1.0],
                [0.9946, 0.03756, 0.096746, 0.0, -0.075164, 0.903494, 0.421959, 0.05, -0.071561, -0.426952, 0.901438, 0.0, 0.0, 0.0, 0.0, 1.0]
            ]
        },
        {
            "name": "Chest",
            "time": [0.0, 1.3333, 2.6667],
            "transform": [
                [0.999154, 0.004462, -0.040892, 0.0, -0.013507, 0.974566, -0.223692, 0.3, 0.038854, 0.224055, 0.973802, -0.0, 0.0, 0.0, 0.0, 1.0],
                [0.998905, 0.033523, -0.032641, -0.0, -0.037535, 0.990638, -0.131255, 0.3, 0.027935, 0.132336, 0.990811, -0.0, 0.0, 0.0, 0.0, 1.0],
                [0.999154, 0.004462, -0.040892, 0.0, -0.013507, 0.974566, -0.223692, 0.3, 0.038854, 0.224055, 0.973802, -0.0, 0.0, 0.0, 0.0, 1.0]
            ]
        },
        {
            "name": "Head",
            "time": [0.0, 1.3333, 2.6667],
            "transform": [
                [0.243908, 0.021006, 0.969571, 0.0, 0.180066, 0.9814, -0.066561, 0.4, -0.952935, 0.190821, 0.235589, -0.0, 0.0, 0.0, 0.0, 1.0],
                [0.244287, 0.011963, 0.969629, -0.0, 0.212865, 0.974873, -0.065656, 0.4, -0.946051, 0.222439, 0.235603, -0.0, 0.0, 0.0, 0.0, 1.0],
                [0.243908, 0.021006, 0.969571, 0.0, 0.180066, 0.9814, -0.066561, 0.4, -0.952935, 0.190821, 0.235589, -0.0, 0.0, 0.0, 0.0, 1.0]
            ]
        },
        {
            "name": "Shoulder_R",
            "time": [0.0, 1.3333, 2.6667],
            "transform": [
                [0.029822, 0.989338, 0.142553, 0.0, 0.047955, -0.143868, 0.988434, 0.4, 0.998404, -0.022641, -0.051735, -0.0, 0.0, 0.0, 0.0, 1.0],
                [0.024011, 0.992248, 0.12193, -0.0, 0.054574, -0.123085, 0.990894, 0.4, 0.998221, -0.017138, -0.057107, -0.0, 0.0, 0.0, 0.0, 1.0],
                [0.029822, 0.989338, 0.142553, 0.0, 0.047955, -0.143868, 0.988434, 0.4, 0.998404, -0.022641, -0.051735, -0.0, 0.0, 0.0, 0.0, 1.0]
            ]
        },
        {
            "name": "Arm_R",
            "time": [0.0, 1.3333, 2.6667],
            "transform": [
                [0.67191, 0.031656, -0.739956, -0.0, -0.091223, 0.995016, -0.040266, 0.39386, 0.734993, 0.094556, 0.671449, -0.0, 0.0, 0.0, 0.0, 1.0],
                [0.730105, 0.117429, -0.673169, 0.0, -0.143847, 0.989461, 0.016591, 0.39386, 0.668023, 0.08472, 0.739303, 0.0, 0.0, 0.0, 0.0, 1.0],
                [0.67191, 0.031656, -0.739956, -0.0, -0.091223, 0.995016, -0.040266, 0.39386, 0.734993, 0.094556, 0.671449, -0.0, 0.0, 0.0, 0.0, 1.0]
            ]
        },
        {
            "name": "Hand_R",
            "time": [0.0, 1.3333, 2.6667],
            "transform": [
                [1.0, 0.0, 0.0, 0.0, -0.0, 0.261539, -0.965193, 0.3, -0.0, 0.965193, 0.261539, 0.0, 0.0, 0.0, 0.0, 1.0],
                [1.0, 0.0, 0.0, 0.0, -0.0, 0.261539, -0.965193, 0.3, -0.0, 0.965193, 0.261539, 0.0, 0.0, 0.0, 0.0, 1.0],
                [1.0, 0.0, 0.0, 0.0, -0.0, 0.261539, -0.965193, 0.3, -0.0, 0.965193, 0.261539, 0.0, 0.0, 0.0, 0.0, 1.0]
            ]
        },
        {
            "name": "Tool_R",
            "time": [0.0, 1.3333, 2.6667],
            "transform": [
                [-0.491924, 0.828371, 0.26798, 0.0, 0.870632, 0.466887, 0.154972, 0.272858, 0.003265, 0.309368, -0.950314, -0.0, 0.0, 0.0, 0.0, 1.0],
                [-0.491924, 0.828371, 0.26798, -0.0, 0.870632, 0.466887, 0.154972, 0.272858, 0.003265, 0.309368, -0.950314, 0.0, 0.0, 0.0, 0.0, 1.0],
                [-0.491924, 0.828371, 0.26798, 0.0, 0.870632, 0.466887, 0.154972, 0.272858, 0.003265, 0.309368, -0.950314, -0.0, 0.0, 0.0, 0.0, 1.0]
            ]
        },
        {
            "name": "Elbow_R",
            "time": [0.0, 1.3333, 2.6667],
            "transform": [
                [-1.0, 0.0, 0.0, 0.0, 0.0, 0.612777, -0.790256, 0.3, -0.0, -0.790256, -0.612777, 0.0, 0.0, 0.0, 0.0, 1.0],
                [-1.0, 0.0, -0.0, 0.0, 0.0, 0.612777, -0.790256, 0.3, -0.0, -0.790256, -0.612777, 0.0, 0.0, 0.0, 0.0, 1.0],
                [-1.0, 0.0, 0.0, 0.0, 0.0, 0.612777, -0.790256, 0.3, -0.0, -0.790256, -0.612777, 0.0, 0.0, 0.0, 0.0, 1.0]
            ]
        },
        {
            "name": "Shoulder_L",
            "time": [0.0, 1.3333, 2.6667],
            "transform": [
                [0.029514, -0.920855, -0.388786, 0.0, 0.012455, -0.388587, 0.921328, 0.4, -0.999487, -0.032034, 0.0, -0.0, 0.0, 0.0, 0.0, 1.0],
                [0.03913, -0.902437, -0.429041, -0.0, 0.001279, -0.429324, 0.90315, 0.4, -0.999233, -0.035889, -0.015645, -0.0, 0.0, 0.0, 0.0, 1.0],
                [0.029514, -0.920855, -0.388786, 0.0, 0.012455, -0.388587, 0.921328, 0.4, -0.999487, -0.032034, 0.0, -0.0, 0.0, 0.0, 0.0, 1.0]
            ]
        },
        {
            "name": "Arm_L",
            "time": [0.0, 1.3333, 2.6667],
            "transform": [
                [0.923936, 0.322641, 0.205537, 0.0, -0.272731, 0.932313, -0.237508, 0.39386, -0.268254, 0.163386, 0.949392, -0.0, 0.0, 0.0, 0.0, 1.0],
                [0.928642, 0.316368, 0.193741, 0.0, -0.257498, 0.925642, -0.277276, 0.39386, -0.267056, 0.207603, 0.941054, -0.0, 0.0, 0.0, 0.0, 1.0],
                [0.923936, 0.322641, 0.205537, 0.0, -0.272731, 0.932313, -0.237508, 0.39386, -0.268254, 0.163386, 0.949392, -0.0, 0.0, 0.0, 0.0, 1.0]
            ]
        },
        {
            "name": "Hand_L",
            "time": [0.0, 1.3333, 2.6667],
            "transform": [
                [1.0, 0.0, 0.0, 0.0, -0.0, 0.985353, -0.170526, 0.3, -0.0, 0.170526, 0.985353, 0.0, 0.0, 0.0, 0.0, 1.0],
                [1.0, 0.0, 0.0, -0.0, -0.0, 0.985353, -0.170526, 0.3, -0.0, 0.170526, 0.985353, -0.0, 0.0, 0.0, 0.0, 1.0],
                [1.0, 0.0, 0.0, 0.0, -0.0, 0.985353, -0.170526, 0.3, -0.0, 0.170526, 0.985353, 0.0, 0.0, 0.0, 0.0, 1.0]
            ]
        },
        {
            "name": "Tool_L",
            "time": [0.0, 1.3333, 2.6667],
            "transform": [
                [1.0, -0.0, 0.0, 0.0, 0.0, 0.065135, -0.997876, 0.272858, 0.0, 0.99729, 0.065086, -0.0, 0.0, 0.0, 0.0, 1.0],
                [1.0, -0.0, 0.0, -0.0, 0.0, 0.065135, -0.997876, 0.272858, 0.0, 0.99729, 0.065086, 0.0, 0.0, 0.0, 0.0, 1.0],
                [1.0, -0.0, 0.0, 0.0, 0.0, 0.065135, -0.997876, 0.272858, 0.0, 0.99729, 0.065086, -0.0, 0.0, 0.0, 0.0, 1.0]
            ]
        },
        {
            "name": "Elbow_L",
            "time": [0.0, 1.3333, 2.6667],
            "transform": [
                [-1.0, 0.0, -0.0, 0.0, 0.0, -0.0, -1.0, 0.3, -0.0, -1.0, -0.0, 0.0, 0.0, 0.0, 0.0, 1.0],
                [-1.0, 0.0, -0.0, -0.0, 0.0, -0.0, -1.0, 0.3, -0.0, -1.0, -0.0, -0.0, 0.0, 0.0, 0.0, 1.0],
                [-1.0, 0.0, -0.0, 0.0, 0.0, -0.0, -1.0, 0.3, -0.0, -1.0, -0.0, 0.0, 0.0, 0.0, 0.0, 1.0]
            ]
        }
    ]
}