{
    "animation": [
        {
            "name": "Root",
            "time": [0.0, 0.1333, 0.1667, 0.2333, 0.2667, 0.3, 0.3333, 0.4, 0.8, 1.0, 1.1, 1.2, 1.3833, 1.45, 1.5167, 1.5833, 1.65, 1.7167, 1.9],
            "transform": [
                [0.21778, -0.0, -0.975998, -5e-06, -0.972284, -0.087156, -0.216951, 0.000946, -0.085064, 0.996195, -0.018981, 0.702258, 0.0, 0.0, 0.0, 1.0],
                [0.7297, 0.008767, -0.683711, -5e-06, -0.683279, -0.028417, -0.729604, 0.200946, -0.025826, 0.999558, -0.014746, 0.597955, 0.0, 0.0, 0.0, 1.0],
                [0.897316, -0.0, -0.441388, -5e-06, -0.441388, 0.0, -0.897316, 0.367613, 0.0, 1.0, -0.0, 0.545803, 0.0, 0.0, 0.0, 1.0],
                [0.995772, 0.045681, 0.079692, 0.001097, 0.072464, 0.14249, -0.98714, 0.657007, -0.056448, 0.988742, 0.138578, 0.610944, 0.0, 0.0, 0.0, 1.0],
                [0.783153, 0.003962, 0.621816, 0.0022, 0.592645, 0.297995, -0.748312, 0.946401, -0.188263, 0.954559, 0.231027, 0.676085, 0.0, 0.0, 0.0, 1.0],
                [0.424883, -0.007276, 0.905219, 0.002934, 0.869892, 0.280019, -0.406051, 0.951856, -0.250525, 0.959967, 0.125305, 0.624331, 0.0, 0.0, 0.0, 1.0],
                [-0.192382, -0.013657, 0.981225, 0.001465, 0.949665, 0.249326, 0.189665, 0.976401, -0.247235, 0.968323, -0.034996, 0.608294, 0.0, 0.0, 0.0, 1.0],
                [-0.530205, -0.0, 0.847869, -5e-06, 0.826954, 0.220742, 0.517126, 1.000946, -0.18716, 0.975332, -0.117038, 0.592258, 0.0, 0.0, 0.0, 1.0],
                [-0.873582, 0.036939, 0.485272, -5e-06, 0.486367, 0.101826, 0.867801, 1.000946, -0.017358, 0.994116, -0.106919, 0.633547, 0.0, 0.0, 0.0, 1.0],
                [-0.209801, 0.036939, 0.977046, -5e-06, 0.973415, 0.101826, 0.205172, 1.000946, -0.09191, 0.994116, -0.05732, 0.633547, 0.0, 0.0, 0.0, 1.0],
                [0.157224, 0.036939, 0.986872, -5e-06, 0.981813, 0.101826, -0.16023, 1.000946, -0.106408, 0.994116, -0.020258, 0.633547, 0.0, 0.0, 0.0, 1.0],
                [0.515453, 0.046268, 0.855668, -5e-06, 0.850835, 0.091129, -0.517469, 1.000946, -0.101918, 0.994764, 0.007606, 0.645568, 0.0, 0.0, 0.0, 1.0],
                [0.572823, 0.051074, 0.818086, -5e-06, 0.814519, 0.076338, -0.575092, 1.000946, -0.091823, 0.995773, 0.002128, 0.657588, 0.0, 0.0, 0.0, 1.0],
                [0.561677, 0.050825, 0.825794, -5e-06, 0.822735, 0.071042, -0.563969, 1.000946, -0.08733, 0.996178, -0.001912, 0.683905, 0.0, 0.0, 0.0, 1.0],
                [0.550506, 0.050648, 0.833293, -5e-06, 0.830714, 0.065779, -0.5528, 1.000946, -0.082812, 0.996548, -0.005863, 0.710223, 0.0, 0.0, 0.0, 1.0],
                [0.804424, 0.050564, 0.5919, -5e-06, 0.588941, 0.062581, -0.805749, 1.000946, -0.077784, 0.996758, 0.020562, 0.715708, 0.0, 0.0, 0.0, 1.0],
                [0.917481, 0.049917, 0.394635, -5e-06, 0.391616, 0.060609, -0.91813, 1.000946, -0.069749, 0.996913, 0.036059, 0.719234, 0.0, 0.0, 0.0, 1.0],
                [0.987613, 0.048454, -0.149243, -5e-06, -0.151963, 0.058371, -0.986661, 1.000946, -0.039096, 0.997118, 0.065012, 0.723935, 0.0, 0.0, 0.0, 1.0],
                [0.882948, -0.0, -0.469472, -5e-06, -0.469472, 0.0, -0.882948, 1.000946, 0.0, 1.0, -0.0, 0.743735, 0.0, 0.0, 0.0, 1.0]
            ]
        },
        {
            "name": "Thigh_R",
            "time": [0.0, 0.1333, 0.1667, 0.2333, 0.2667, 0.3, 0.3333, 0.4, 0.8, 1.0, 1.1, 1.2, 1.3833, 1.45, 1.5167, 1.5833, 1.65, 1.7167, 1.9],
            "transform": [
                [0.696467, -0.716461, 0.040203, 0.124994, -0.687236, -0.649838, 0.324681, -0.002831, -0.206496, -0.253758, -0.944969, -1.2e-05, 0.0, 0.0, 0.0, 1.0],
                [0.931854, 0.32857, -0.153915, 0.124994, 0.362322, -0.820154, 0.442799, -0.002831, 0.019256, -0.46839, -0.883312, -1.2e-05, 0.0, 0.0, 0.0, 1.0],
                [0.993164, 0.09943, -0.061136, 0.124994, 0.108753, -0.598064, 0.794035, -0.002831, 0.042388, -0.795256, -0.604789, -1.2e-05, 0.0, 0.0, 0.0, 1.0],
                [0.998893, 0.040803, -0.023415, 0.124994, 0.043902, -0.629636, 0.775649, -0.002831, 0.016906, -0.775818, -0.63073, -1.2e-05, 0.0, 0.0, 0.0, 1.0],
                [0.998835, -0.048261, -8.2e-05, 0.124994, -0.048026, -0.993798, -0.100291, -0.002831, 0.004759, 0.100178, -0.994958, -1.2e-05, 0.0, 0.0, 0.0, 1.0],
                [0.986767, -0.153752, 0.051509, 0.124994, -0.162022, -0.947555, 0.275477, -0.002831, 0.006452, -0.280177, -0.959927, -1.2e-05, 0.0, 0.0, 0.0, 1.0],
                [0.944241, -0.320095, 0.077116, 0.124994, -0.329008, -0.908239, 0.258563, -0.002831, -0.012725, -0.269517, -0.962912, -1.2e-05, 0.0, 0.0, 0.0, 1.0],
                [0.905054, -0.416143, 0.087757, 0.124994, -0.421438, -0.849817, 0.316543, -0.00283, -0.05715, -0.323472, -0.944511, -1.2e-05, 0.0, 0.0, 0.0, 1.0],
                [0.886559, -0.439518, 0.144336, 0.124994, -0.462597, -0.844864, 0.268703, -0.00283, 0.003845, -0.30499, -0.952344, -1.2e-05, 0.0, 0.0, 0.0, 1.0],
                [0.995964, -0.089524, -0.006236, 0.124994, -0.083645, -0.951225, 0.296927, -0.00283, -0.032514, -0.295207, -0.954877, -1.2e-05, 0.0, 0.0, 0.0, 1.0],
                [0.999543, -0.009337, -0.028686, 0.124994, 0.002107, -0.926962, 0.375137, -0.00283, -0.030093, -0.375025, -0.926522, -1.2e-05, 0.0, 0.0, 0.0, 1.0],
                [0.997692, 0.067612, -0.006071, 0.124994, 0.063487, -0.89766, 0.436083, -0.002831, 0.024035, -0.435462, -0.899883, -1.2e-05, 0.0, 0.0, 0.0, 1.0],
                [0.99518, 0.094544, 0.026018, 0.124994, 0.074654, -0.902527, 0.424106, -0.00283, 0.063579, -0.420119, -0.905237, -1.2e-05, 0.0, 0.0, 0.0, 1.0],
                [0.994406, 0.095617, 0.044849, 0.124994, 0.07371, -0.932454, 0.353683, -0.002831, 0.075638, -0.348398, -0.934288, -1.2e-05, 0.0, 0.0, 0.0, 1.0],
                [0.994936, -0.027892, 0.096556, 0.124994, -0.039998, -0.991246, 0.125803, -0.00283, 0.092202, -0.129028, -0.987344, -1.2e-05, 0.0, 0.0, 0.0, 1.0],
                [0.993327, -0.059939, 0.098521, 0.124994, -0.05646, -0.997689, -0.037739, -0.00283, 0.100555, 0.031925, -0.994417, -1.2e-05, 0.0, 0.0, 0.0, 1.0],
                [0.994806, -0.017329, 0.100295, 0.124994, -0.014461, -0.999464, -0.029251, -0.002831, 0.100748, 0.027649, -0.994526, -1.2e-05, 0.0, 0.0, 0.0, 1.0],
                [0.99197, 0.08395, 0.094584, 0.124994, 0.072762, -0.990567, 0.11609, -0.002831, 0.103438, -0.108275, -0.988724, -1.2e-05, 0.0, 0.0, 0.0, 1.0],
                [0.982033, 0.086064, 0.167935, 0.124994, 0.091911, -0.99539, -0.027344, -0.002831, 0.164807, 0.042288, -0.985419, -1.2e-05, 0.0, 0.0, 0.0, 1.0]
            ]
        },
        {
            "name": "Leg_R",
            "time": [0.0, 0.1333, 0.1667, 0.2333, 0.2667, 0.3, 0.3333, 0.4, 0.8, 1.0, 1.1, 1.2, 1.3833, 1.45, 1.5167, 1.5833, 1.65, 1.7167, 1.9],
            "transform": [
                [1.0, 4e-06, 2e-06, -0.0, -4e-06, 0.999986, 0.005127, 0.37472, -3e-06, -0.005127, 0.999988, 0.0, 0.0, 0.0, 0.0, 1.0],
                [1.0, -1e-06, 5e-06, -0.0, -4e-06, 0.412731, 0.910853, 0.37472, -3e-06, -0.910853, 0.412731, -0.0, 0.0, 0.0, 0.0, 1.0],
                [1.0, -2e-06, 4e-06, -0.0, -4e-06, 0.100864, 0.9949, 0.37472, -2e-06, -0.9949, 0.100864, -0.0, 0.0, 0.0, 0.0, 1.0],
                [1.0, -1e-06, 5e-06, -0.0, -4e-06, 0.303745, 0.952753, 0.37472, -2e-06, -0.952753, 0.303745, -0.0, 0.0, 0.0, 0.0, 1.0],
                [1.0, 4e-06, 3e-06, -0.0, -4e-06, 1.0, -8e-06, 0.374721, -2e-06, 8e-06, 1.0, 0.0, 0.0, 0.0, 0.0, 1.0],
                [0.999999, 1e-06, 5e-06, 0.0, -4e-06, 0.624684, 0.780878, 0.37472, -2e-06, -0.780878, 0.624684, 0.0, 0.0, 0.0, 0.0, 1.0],
                [1.0, 1e-06, 5e-06, -0.0, -4e-06, 0.698521, 0.715589, 0.37472, -2e-06, -0.715591, 0.69852, -0.0, 0.0, 0.0, 0.0, 1.0],
                [1.0, 1e-06, 5e-06, 0.0, -4e-06, 0.734044, 0.6791, 0.37472, -3e-06, -0.679103, 0.734044, -0.0, 0.0, 0.0, 0.0, 1.0],
                [1.0, 3e-06, 4e-06, -0.0, -4e-06, 0.937914, 0.346865, 0.37472, -2e-06, -0.346867, 0.937915, 0.0, 0.0, 0.0, 0.0, 1.0],
                [1.0, -1e-06, 4e-06, -0.0, -4e-06, 0.455819, 0.890073, 0.37472, -2e-06, -0.890072, 0.455819, 0.0, 0.0, 0.0, 0.0, 1.0],
                [1.0, -1e-06, 5e-06, -0.0, -4e-06, 0.409877, 0.912141, 0.37472, -2e-06, -0.912141, 0.409877, -0.0, 0.0, 0.0, 0.0, 1.0],
                [1.0, -1e-06, 5e-06, -0.0, -4e-06, 0.434525, 0.900661, 0.37472, -2e-06, -0.90066, 0.434524, 0.0, 0.0, 0.0, 0.0, 1.0],
                [1.0, -0.0, 5e-06, 0.0, -4e-06, 0.487623, 0.873055, 0.37472, -2e-06, -0.873054, 0.487623, -0.0, 0.0, 0.0, 0.0, 1.0],
                [1.000001, 0.0, 5e-06, 0.0, -4e-06, 0.61366, 0.789571, 0.37472, -2e-06, -0.789571, 0.61366, 0.0, 0.0, 0.0, 0.0, 1.0],
                [1.0, 2e-06, 4e-06, 0.0, -4e-06, 0.816029, 0.578011, 0.37472, -2e-06, -0.578011, 0.816029, -0.0, 0.0, 0.0, 0.0, 1.0],
                [1.0, 3e-06, 4e-06, 0.0, -4e-06, 0.922149, 0.386834, 0.37472, -3e-06, -0.386835, 0.922149, 0.0, 0.0, 0.0, 0.0, 1.0],
                [1.0, 3e-06, 4e-06, 0.0, -4e-06, 0.926286, 0.376821, 0.37472, -2e-06, -0.376822, 0.926286, 0.0, 0.0, 0.0, 0.0, 1.0],
                [1.000001, 2e-06, 4e-06, 0.0, -4e-06, 0.892886, 0.450282, 0.37472, -3e-06, -0.450283, 0.892887, -0.0, 0.0, 0.0, 0.0, 1.0],
                [1.000001, 4e-06, 3e-06, -0.0, -4e-06, 0.989594, 0.143885, 0.37472, -3e-06, -0.143886, 0.989595, -0.0, 0.0, 0.0, 0.0, 1.0]
            ]
        },
        {
            "name": "Knee_R",
            "time": [0.0, 0.1333, 0.1667, 0.2333, 0.3, 0.3333, 0.4, 0.8, 1.0, 1.1, 1.2, 1.3833, 1.45, 1.5167, 1.5833, 1.65, 1.7167, 1.9],
            "transform": [
                [1.0, 2e-06, -4e-06, -0.0, -4e-06, 3e-06, -1.0, 0.37472, -2e-06, 1.0, 3e-06, 0.0, 0.0, 0.0, 0.0, 1.0],
                [1.0, 2e-06, -4e-06, 0.0, -4e-06, 3e-06, -1.0, 0.37472, -2e-06, 1.0, 3e-06, 0.0, 0.0, 0.0, 0.0, 1.0],
                [1.0, 2e-06, -4e-06, -0.0, -4e-06, 3e-06, -1.0, 0.37472, -2e-06, 1.0, 3e-06, -0.0, 0.0, 0.0, 0.0, 1.0],
                [1.0, 2e-06, -4e-06, -0.0, -4e-06, 3e-06, -1.0, 0.37472, -2e-06, 1.0, 3e-06, -0.0, 0.0, 0.0, 0.0, 1.0],
                [1.0, 2e-06, -4e-06, 0.0, -4e-06, 3e-06, -1.0, 0.37472, -2e-06, 1.0, 3e-06, 0.0, 0.0, 0.0, 0.0, 1.0],
                [1.0, 2e-06, -4e-06, 0.0, -4e-06, 3e-06, -1.0, 0.37472, -2e-06, 1.0, 3e-06, -0.0, 0.0, 0.0, 0.0, 1.0],
                [1.0, 2e-06, -4e-06, -0.0, -4e-06, 3e-06, -1.0, 0.37472, -2e-06, 1.0, 3e-06, -0.0, 0.0, 0.0, 0.0, 1.0],
                [1.0, 2e-06, -4e-06, -0.0, -4e-06, 3e-06, -1.0, 0.37472, -2e-06, 1.0, 3e-06, 0.0, 0.0, 0.0, 0.0, 1.0],
                [1.0, 2e-06, -4e-06, -0.0, -4e-06, 3e-06, -1.0, 0.37472, -2e-06, 1.0, 3e-06, -0.0, 0.0, 0.0, 0.0, 1.0],
                [1.0, 2e-06, -4e-06, -0.0, -4e-06, 3e-06, -1.0, 0.37472, -2e-06, 1.0, 3e-06, -0.0, 0.0, 0.0, 0.0, 1.0],
                [1.0, 2e-06, -4e-06, -0.0, -4e-06, 3e-06, -1.0, 0.37472, -2e-06, 1.0, 3e-06, 0.0, 0.0, 0.0, 0.0, 1.0],
                [1.0, 2e-06, -4e-06, -0.0, -4e-06, 3e-06, -1.0, 0.37472, -2e-06, 1.0, 3e-06, -0.0, 0.0, 0.0, 0.0, 1.0],
                [1.0, 2e-06, -4e-06, 0.0, -4e-06, 3e-06, -1.0, 0.37472, -2e-06, 1.0, 3e-06, 0.0, 0.0, 0.0, 0.0, 1.0],
                [1.0, 2e-06, -4e-06, 0.0, -4e-06, 3e-06, -1.0, 0.37472, -2e-06, 1.0, 3e-06, -0.0, 0.0, 0.0, 0.0, 1.0],
                [1.0, 2e-06, -4e-06, 0.0, -4e-06, 3e-06, -1.0, 0.37472, -2e-06, 1.0, 3e-06, 0.0, 0.0, 0.0, 0.0, 1.0],
                [1.0, 2e-06, -4e-06, 0.0, -4e-06, 3e-06, -1.0, 0.37472, -2e-06, 1.0, 3e-06, 0.0, 0.0, 0.0, 0.0, 1.0],
                [1.0, 2e-06, -4e-06, 0.0, -4e-06, 3e-06, -1.0, 0.37472, -2e-06, 1.0, 3e-06, -0.0, 0.0, 0.0, 0.0, 1.0],
                [1.0, 2e-06, -4e-06, -0.0, -4e-06, 3e-06, -1.0, 0.37472, -2e-06, 1.0, 3e-06, 0.0, 0.0, 0.0, 0.0, 1.0]
            ]
        },
        {
            "name": "Thigh_L",
            "time": [0.0, 0.1333, 0.1667, 0.2333, 0.3, 0.3333, 0.4, 0.8, 1.0, 1.1, 1.2, 1.3833, 1.45, 1.5167, 1.5833, 1.65, 1.7167, 1.9],
            "transform": [
                [0.648836, -0.751035, 0.122312, -0.125006, -0.752608, -0.657102, -0.042416, -0.00283, 0.112227, -0.064532, -0.991586, -1.2e-05, 0.0, 0.0, 0.0, 1.0],
                [0.987895, 0.153782, -0.020334, -0.125006, 0.155099, -0.977058, 0.14595, -0.002831, 0.002577, -0.147337, -0.989085, -1.2e-05, 0.0, 0.0, 0.0, 1.0],
                [0.990689, 0.133761, -0.025378, -0.125006, 0.131485, -0.988358, -0.076558, -0.002831, -0.035323, 0.072508, -0.996742, -1.2e-05, 0.0, 0.0, 0.0, 1.0],
                [0.995865, -0.088231, -0.021642, -0.125006, -0.085942, -0.837768, -0.539222, -0.00283, 0.029445, 0.538853, -0.841886, -1.2e-05, 0.0, 0.0, 0.0, 1.0],
                [0.951434, -0.307137, 0.020938, -0.125006, -0.300377, -0.911293, 0.281636, -0.002831, -0.06742, -0.274248, -0.959292, -1.2e-05, 0.0, 0.0, 0.0, 1.0],
                [0.987858, -0.14893, 0.044219, -0.125006, -0.148828, -0.825567, 0.544325, -0.00283, -0.04456, -0.544297, -0.837708, -1.2e-05, 0.0, 0.0, 0.0, 1.0],
                [0.997232, -0.072676, 0.015729, -0.125006, -0.071955, -0.889807, 0.450628, -0.002831, -0.018754, -0.450512, -0.892573, -1.2e-05, 0.0, 0.0, 0.0, 1.0],
                [0.995448, 0.090465, 0.029997, -0.125006, 0.059457, -0.835425, 0.546379, -0.002831, 0.074489, -0.542108, -0.837001, -1.2e-05, 0.0, 0.0, 0.0, 1.0],
                [0.949498, -0.313457, 0.014116, -0.125006, -0.298985, -0.890179, 0.343788, -0.00283, -0.095197, -0.330646, -0.938942, -1.2e-05, 0.0, 0.0, 0.0, 1.0],
                [0.912672, -0.405644, -0.049823, -0.125006, -0.392142, -0.903521, 0.172845, -0.00283, -0.115129, -0.138213, -0.983688, -1.2e-05, 0.0, 0.0, 0.0, 1.0],
                [0.897666, -0.412786, -0.154286, -0.125006, -0.422439, -0.905731, -0.034585, -0.002831, -0.125466, 0.096223, -0.987421, -1.2e-05, 0.0, 0.0, 0.0, 1.0],
                [0.985624, -0.159865, -0.05468, -0.125006, -0.113938, -0.867864, 0.483561, -0.00283, -0.124759, -0.470378, -0.873601, -1.2e-05, 0.0, 0.0, 0.0, 1.0],
                [0.97303, 0.172389, -0.153285, -0.125006, 0.225972, -0.845893, 0.483118, -0.002831, -0.046379, -0.504726, -0.862033, -1.2e-05, 0.0, 0.0, 0.0, 1.0],
                [0.971979, 0.196099, -0.12962, -0.125006, 0.22333, -0.942431, 0.248893, -0.00283, -0.07335, -0.270867, -0.959818, -1.2e-05, 0.0, 0.0, 0.0, 1.0],
                [0.98594, 0.079546, -0.146958, -0.125006, 0.128303, -0.923799, 0.360743, -0.00283, -0.107063, -0.374526, -0.921015, -1.2e-05, 0.0, 0.0, 0.0, 1.0],
                [0.989197, 0.015413, -0.145786, -0.125006, 0.070237, -0.922719, 0.379021, -0.00283, -0.128678, -0.385166, -0.913832, -1.2e-05, 0.0, 0.0, 0.0, 1.0],
                [0.985835, -0.09526, -0.138039, -0.125006, -0.041785, -0.936592, 0.347921, -0.002831, -0.162429, -0.337225, -0.927306, -1.2e-05, 0.0, 0.0, 0.0, 1.0],
                [0.96436, -0.126725, -0.232275, -0.125006, -0.105513, -0.989212, 0.101624, -0.002831, -0.242648, -0.073494, -0.967327, -1.2e-05, 0.0, 0.0, 0.0, 1.0]
            ]
        },
        {
            "name": "Leg_L",
            "time": [0.0, 0.1333, 0.1667, 0.2333, 0.3, 0.3333, 0.4, 0.8, 1.0, 1.1, 1.2, 1.3833, 1.45, 1.5167, 1.5833, 1.65, 1.7167, 1.9],
            "transform": [
                [0.999999, 1e-06, 1e-06, -0.0, -1e-06, 0.999988, 0.004743, 0.37472, -1e-06, -0.004743, 0.999988, 0.0, 0.0, 0.0, 0.0, 1.0],
                [1.0, -0.0, 2e-06, 0.0, -1e-06, 0.487909, 0.872894, 0.37472, -1e-06, -0.872894, 0.48791, 0.0, 0.0, 0.0, 0.0, 1.0],
                [1.0, -0.0, 2e-06, 0.0, -1e-06, 0.531348, 0.847154, 0.37472, -1e-06, -0.847153, 0.531348, -0.0, 0.0, 0.0, 0.0, 1.0],
                [1.0, 1e-06, 1e-06, -0.0, -1e-06, 1.035818, 0.005883, 0.37472, -1e-06, -0.005895, 1.033836, -0.0, 0.0, 0.0, 0.0, 1.0],
                [0.999999, 1e-06, 1e-06, -0.0, -1e-06, 1.016226, 0.43792, 0.37472, -1e-06, -0.440283, 1.010772, 0.0, 0.0, 0.0, 0.0, 1.0],
                [1.0, 1e-06, 1e-06, 0.0, -1e-06, 0.952106, 0.450264, 0.37472, -1e-06, -0.451537, 0.949421, 0.0, 0.0, 0.0, 0.0, 1.0],
                [1.0, 1e-06, 1e-06, -0.0, -1e-06, 0.999985, 0.005466, 0.37472, -1e-06, -0.005466, 0.999985, 0.0, 0.0, 0.0, 0.0, 1.0],
                [1.0, 1e-06, 1e-06, -0.0, -1e-06, 0.999985, 0.005441, 0.37472, -1e-06, -0.005441, 0.999985, 0.0, 0.0, 0.0, 0.0, 1.0],
                [1.0, 1e-06, 1e-06, -0.0, -1e-06, 0.999984, 0.005543, 0.37472, -1e-06, -0.005544, 0.999984, 0.0, 0.0, 0.0, 0.0, 1.0],
                [1.0, 1e-06, 1e-06, -0.0, -1e-06, 0.999987, 0.005158, 0.37472, -1e-06, -0.005158, 0.999986, 0.0, 0.0, 0.0, 0.0, 1.0],
                [1.0, 1e-06, 1e-06, -0.0, -1e-06, 0.999984, 0.00555, 0.37472, -1e-06, -0.005551, 0.999984, 0.0, 0.0, 0.0, 0.0, 1.0],
                [1.0, 0.0, 2e-06, 0.0, -1e-06, 0.66311, 0.748521, 0.37472, -1e-06, -0.748522, 0.663109, -0.0, 0.0, 0.0, 0.0, 1.0],
                [1.0, 1e-06, 2e-06, 0.0, -1e-06, 0.885768, 0.464128, 0.37472, -1e-06, -0.464129, 0.885767, 0.0, 0.0, 0.0, 0.0, 1.0],
                [1.0, 1e-06, 1e-06, -0.0, -1e-06, 0.999988, 0.004901, 0.37472, -1e-06, -0.004901, 0.999987, -0.0, 0.0, 0.0, 0.0, 1.0],
                [1.0, 1e-06, 1e-06, -0.0, -1e-06, 0.968395, 0.24942, 0.37472, -1e-06, -0.24942, 0.968394, -0.0, 0.0, 0.0, 0.0, 1.0],
                [1.0, 1e-06, 2e-06, -0.0, -1e-06, 0.945056, 0.326908, 0.37472, -1e-06, -0.326908, 0.945055, -0.0, 0.0, 0.0, 0.0, 1.0],
                [1.0, 1e-06, 1e-06, 0.0, -1e-06, 0.901268, 0.43326, 0.37472, -1e-06, -0.43326, 0.901268, 0.0, 0.0, 0.0, 0.0, 1.0],
                [0.999999, 1e-06, 1e-06, -0.0, -1e-06, 0.975385, 0.220506, 0.37472, -1e-06, -0.220506, 0.975384, -0.0, 0.0, 0.0, 0.0, 1.0]
            ]
        },
        {
            "name": "Knee_L",
            "time": [0.0, 0.1333, 0.1667, 0.2333, 0.3, 0.3333, 0.4, 0.8, 1.0, 1.1, 1.2, 1.3833, 1.45, 1.5167, 1.5833, 1.65, 1.7167, 1.9],
            "transform": [
                [0.999999, -0.0, -2e-06, -0.0, -2e-06, 0.002374, -0.999997, 0.37472, 1e-06, 0.999996, 0.002373, 0.0, 0.0, 0.0, 0.0, 1.0],
                [1.0, 1e-06, -1e-06, -0.0, -1e-06, 0.50601, -0.862528, 0.37472, -1e-06, 0.862527, 0.50601, 0.0, 0.0, 0.0, 0.0, 1.0],
                [1.0, 1e-06, -1e-06, 0.0, -1e-06, 0.484073, -0.875027, 0.37472, -0.0, 0.875028, 0.484073, -0.0, 0.0, 0.0, 0.0, 1.0],
                [1.0, 0.0, -2e-06, 0.0, -2e-06, 0.002845, -0.999996, 0.37472, -1e-06, 0.999996, 0.002845, -0.0, 0.0, 0.0, 0.0, 1.0],
                [1.0, 1e-06, -1e-06, -0.0, -1e-06, 0.203001, -0.979178, 0.37472, -0.0, 0.979179, 0.203001, 0.0, 0.0, 0.0, 0.0, 1.0],
                [1.0, 1e-06, -1e-06, 0.0, -1e-06, 0.219615, -0.975586, 0.37472, -0.0, 0.975587, 0.219615, 0.0, 0.0, 0.0, 0.0, 1.0],
                [0.999997, 2e-06, -2e-06, 0.0, -2e-06, 0.002733, -0.999996, 0.37472, -2e-06, 0.999994, 0.002735, 0.0, 0.0, 0.0, 0.0, 1.0],
                [0.999997, 1e-06, -1e-06, 0.0, -2e-06, 0.002721, -0.999996, 0.37472, -1e-06, 0.999994, 0.002723, 0.0, 0.0, 0.0, 0.0, 1.0],
                [0.999998, 2e-06, -2e-06, -0.0, -2e-06, 0.002772, -0.999996, 0.37472, -2e-06, 0.999994, 0.002774, 0.0, 0.0, 0.0, 0.0, 1.0],
                [0.999998, 2e-06, -2e-06, -0.0, -2e-06, 0.002579, -0.999996, 0.37472, -2e-06, 0.999995, 0.00258, -0.0, 0.0, 0.0, 0.0, 1.0],
                [0.999999, 2e-06, -2e-06, 0.0, -2e-06, 0.002776, -0.999996, 0.37472, -2e-06, 0.999995, 0.002777, 0.0, 0.0, 0.0, 0.0, 1.0],
                [1.0, 1e-06, -1e-06, 0.0, -1e-06, 0.410422, -0.911896, 0.37472, -0.0, 0.911896, 0.410422, -0.0, 0.0, 0.0, 0.0, 1.0],
                [1.0, 1e-06, -1e-06, 0.0, -1e-06, 0.238991, -0.971022, 0.37472, -0.0, 0.971022, 0.238991, 0.0, 0.0, 0.0, 0.0, 1.0],
                [0.999999, 2e-06, -1e-06, -0.0, -1e-06, 0.002452, -0.999997, 0.37472, -2e-06, 0.999996, 0.002452, -0.0, 0.0, 0.0, 0.0, 1.0],
                [1.0, 1e-06, -1e-06, -0.0, -1e-06, 0.125709, -0.992067, 0.37472, -0.0, 0.992067, 0.125709, -0.0, 0.0, 0.0, 0.0, 1.0],
                [1.0, 1e-06, -1e-06, -0.0, -1e-06, 0.165748, -0.986168, 0.37472, -0.0, 0.986168, 0.165748, -0.0, 0.0, 0.0, 0.0, 1.0],
                [1.0, 1e-06, -1e-06, 0.0, -1e-06, 0.222185, -0.975005, 0.37472, -0.0, 0.975005, 0.222185, 0.0, 0.0, 0.0, 0.0, 1.0],
                [1.0, 1e-06, -1e-06, -0.0, -1e-06, 0.110939, -0.993828, 0.37472, -0.0, 0.993828, 0.110939, -0.0, 0.0, 0.0, 0.0, 1.0]
            ]
        },
        {
            "name": "Torso",
            "time": [0.0, 0.1333, 0.1667, 0.2333, 0.3, 0.3333, 0.4, 0.8, 1.0, 1.1, 1.2, 1.3833, 1.45, 1.5167, 1.5833, 1.65, 1.7167, 1.9],
            "transform": [
                [0.998156, 0.017467, -0.058133, -0.0, -0.025823, 0.98891, -0.146256, 0.05, 0.054933, 0.147488, 0.987537, -0.0, 0.0, 0.0, 0.0, 1.0],
                [0.997993, -0.038736, -0.050094, -0.0, 0.031563, 0.990096, -0.136802, 0.05, 0.054897, 0.134947, 0.989331, 0.0, 0.0, 0.0, 0.0, 1.0],
                [0.99669, -0.066836, -0.046279, 0.0, 0.060225, 0.989432, -0.1319, 0.05, 0.054606, 0.128677, 0.990182, 0.0, 0.0, 0.0, 0.0, 1.0],
                [0.997957, -0.047416, -0.04282, 0.0, 0.042491, 0.993089, -0.109404, 0.05, 0.047712, 0.107361, 0.993075, -0.0, 0.0, 0.0, 0.0, 1.0],
                [0.999364, -0.008777, -0.034583, -0.0, 0.006533, 0.997899, -0.064462, 0.05, 0.035076, 0.064195, 0.997321, -0.0, 0.0, 0.0, 0.0, 1.0],
                [0.997021, -0.016933, -0.075257, -0.0, 0.008746, 0.994133, -0.107816, 0.05, 0.076641, 0.106836, 0.991318, -0.0, 0.0, 0.0, 0.0, 1.0],
                [0.992956, -0.026817, -0.115408, 0.0, 0.009144, 0.988489, -0.15102, 0.05, 0.118129, 0.148901, 0.981771, -0.0, 0.0, 0.0, 0.0, 1.0],
                [0.995623, -0.030659, -0.088293, 0.0, 0.019446, 0.991945, -0.125168, 0.05, 0.091419, 0.122903, 0.988199, -0.0, 0.0, 0.0, 0.0, 1.0],
                [0.995623, -0.030659, -0.088293, -0.0, 0.019446, 0.991945, -0.125168, 0.05, 0.091419, 0.122903, 0.988199, 0.0, 0.0, 0.0, 0.0, 1.0],
                [0.995623, -0.030659, -0.088293, -0.0, 0.019446, 0.991945, -0.125168, 0.05, 0.091419, 0.122903, 0.988199, 0.0, 0.0, 0.0, 0.0, 1.0],
                [0.99497, -0.033214, -0.094507, -0.0, 0.023951, 0.994946, -0.097516, 0.05, 0.097268, 0.094762, 0.990737, 0.0, 0.0, 0.0, 0.0, 1.0],
                [0.994271, -0.035591, -0.100787, 0.0, 0.028617, 0.99715, -0.069811, 0.05, 0.102984, 0.066527, 0.992456, -0.0, 0.0, 0.0, 0.0, 1.0],
                [0.994029, -0.036343, -0.102894, -0.0, 0.030208, 0.997707, -0.06057, 0.05, 0.104859, 0.0571, 0.992846, 0.0, 0.0, 0.0, 0.0, 1.0],
                [0.99378, -0.037075, -0.105007, 0.0, 0.031816, 0.998175, -0.051328, 0.05, 0.106718, 0.047667, 0.993146, 0.0, 0.0, 0.0, 0.0, 1.0],
                [0.997959, 0.004249, -0.06372, 0.0, -0.006931, 0.999096, -0.041934, 0.05, 0.063484, 0.04229, 0.997086, 0.0, 0.0, 0.0, 0.0, 1.0],
                [0.998847, 0.030676, -0.036928, -0.0, -0.032034, 0.998811, -0.03675, 0.05, 0.035756, 0.03789, 0.998642, 0.0, 0.0, 0.0, 0.0, 1.0],
                [0.997844, 0.06563, -0.001015, -0.0, -0.06563, 0.997366, -0.030897, 0.05, -0.001015, 0.030897, 0.999522, -0.0, 0.0, 0.0, 0.0, 1.0],
                [0.991907, -0.041629, -0.119948, -0.0, 0.043531, 0.998964, 0.013283, 0.05, 0.119271, -0.018397, 0.992691, 0.0, 0.0, 0.0, 0.0, 1.0]
            ]
        },
        {
            "name": "Chest",
            "time": [0.0, 0.1333, 0.1667, 0.2333, 0.3, 0.3333, 0.4, 0.8, 1.0, 1.1, 1.2, 1.3833, 1.45, 1.5167, 1.5833, 1.65, 1.7167, 1.9],
            "transform": [
                [0.342021, 0.021069, -0.939456, -0.0, -0.144881, 0.988977, -0.030567, 0.3, 0.928456, 0.146564, 0.341304, -0.0, 0.0, 0.0, 0.0, 1.0],
                [0.342021, 0.021069, -0.939456, -0.0, -0.144881, 0.988977, -0.030567, 0.3, 0.928456, 0.146564, 0.341304, 0.0, 0.0, 0.0, 0.0, 1.0],
                [0.342021, 0.021069, -0.939456, 0.0, -0.144881, 0.988977, -0.030567, 0.3, 0.928456, 0.146564, 0.341304, 0.0, 0.0, 0.0, 0.0, 1.0],
                [0.879828, -0.019513, -0.474892, -0.0, -0.037506, 0.993191, -0.110296, 0.3, 0.47381, 0.114853, 0.873105, 0.0, 0.0, 0.0, 0.0, 1.0],
                [0.458314, -0.110589, 0.881884, 0.0, 0.194985, 0.980568, 0.02163, 0.3, -0.867139, 0.16204, 0.470971, -0.0, 0.0, 0.0, 0.0, 1.0],
                [0.494667, -0.097478, 0.863598, -0.0, 0.080127, 0.994573, 0.066366, 0.3, -0.865381, 0.036369, 0.499793, -0.0, 0.0, 0.0, 0.0, 1.0],
                [0.528676, -0.079329, 0.845109, -0.0, -0.034167, 0.992828, 0.114569, 0.3, -0.848136, -0.089445, 0.522173, -0.0, 0.0, 0.0, 0.0, 1.0],
                [0.309378, -0.126624, 0.942471, 0.0, 0.016211, 0.991653, 0.127911, 0.3, -0.950801, -0.024295, 0.308849, -0.0, 0.0, 0.0, 0.0, 1.0],
                [0.309378, -0.126624, 0.942471, -0.0, 0.016211, 0.991653, 0.127911, 0.3, -0.950801, -0.024295, 0.308849, -0.0, 0.0, 0.0, 0.0, 1.0],
                [0.309378, -0.126624, 0.942471, -0.0, 0.016211, 0.991653, 0.127911, 0.3, -0.950801, -0.024295, 0.308849, -0.0, 0.0, 0.0, 0.0, 1.0],
                [0.641196, -0.112927, 0.759023, 0.0, 0.046895, 0.99303, 0.108127, 0.3, -0.765943, -0.033736, 0.642023, 0.0, 0.0, 0.0, 0.0, 1.0],
                [0.8991, -0.094866, 0.427341, 0.0, 0.069514, 0.994789, 0.074582, 0.3, -0.432189, -0.03735, 0.901009, -0.0, 0.0, 0.0, 0.0, 1.0],
                [0.9521, -0.088547, 0.292686, 0.0, 0.073729, 0.995393, 0.061299, 0.3, -0.296765, -0.036784, 0.954242, 0.0, 0.0, 0.0, 0.0, 1.0],
                [0.984883, -0.082402, 0.152364, -0.0, 0.075966, 0.995973, 0.047604, 0.3, -0.155673, -0.03531, 0.987178, 0.0, 0.0, 0.0, 0.0, 1.0],
                [0.993772, -0.046578, -0.101233, 0.0, 0.049264, 0.998493, 0.024196, 0.3, 0.099954, -0.029032, 0.994568, -0.0, 0.0, 0.0, 0.0, 1.0],
                [0.96795, -0.026486, -0.249743, 0.0, 0.030905, 0.999427, 0.013788, 0.3, 0.249234, -0.021064, 0.968214, -0.0, 0.0, 0.0, 0.0, 1.0],
                [0.906045, -0.003933, -0.423163, -0.0, 0.006682, 0.999965, 0.005011, 0.3, 0.423128, -0.007368, 0.90604, -0.0, 0.0, 0.0, 0.0, 1.0],
                [0.862121, -0.002923, -0.506694, 0.0, -0.015575, 0.999358, -0.032265, 0.3, 0.506463, 0.035709, 0.861522, 0.0, 0.0, 0.0, 0.0, 1.0]
            ]
        },
        {
            "name": "Head",
            "time": [0.0, 0.1333, 0.1667, 0.2333, 0.3, 0.3333, 0.4, 0.8, 1.0, 1.1, 1.2, 1.3833, 1.45, 1.5167, 1.5833, 1.65, 1.7167, 1.9],
            "transform": [
                [-0.064464, -0.328392, 0.942339, -0.0, -0.000761, 0.944319, 0.329029, 0.4, -0.997919, 0.020493, -0.061125, -0.0, 0.0, 0.0, 0.0, 1.0],
                [0.12694, -0.439088, 0.889431, 0.0, -0.051921, 0.892515, 0.44802, 0.4, -0.99055, -0.103052, 0.090498, -0.0, 0.0, 0.0, 0.0, 1.0],
                [0.159495, -0.245216, 0.956259, -0.0, -0.094173, 0.960462, 0.262001, 0.4, -0.982696, -0.131841, 0.130097, -0.0, 0.0, 0.0, 0.0, 1.0],
                [0.894046, -0.029171, 0.447024, -0.0, -0.009226, 0.996467, 0.083477, 0.400001, -0.44788, -0.078757, 0.890619, -0.0, 0.0, 0.0, 0.0, 1.0],
                [-0.096956, 0.146471, -0.984452, 0.0, 0.157534, 0.978902, 0.13013, 0.4, 0.982742, -0.142468, -0.117984, 0.0, 0.0, 0.0, 0.0, 1.0],
                [-0.291214, 0.167792, -0.941828, 0.0, 0.250686, 0.963481, 0.094137, 0.400001, 0.923229, -0.208689, -0.322642, -0.0, 0.0, 0.0, 0.0, 1.0],
                [-0.234757, 0.170681, -0.956952, 0.0, 0.272443, 0.956559, 0.103776, 0.4, 0.933094, -0.236352, -0.27106, 0.0, 0.0, 0.0, 0.0, 1.0],
                [-0.829846, 0.292094, -0.475433, 0.0, 0.234105, 0.95568, 0.178525, 0.4, 0.506508, 0.036847, -0.861447, 0.0, 0.0, 0.0, 0.0, 1.0],
                [-0.610156, 0.190466, -0.769046, -0.0, 0.16189, 0.980166, 0.11431, 0.4, 0.775565, -0.054754, -0.628889, -0.0, 0.0, 0.0, 0.0, 1.0],
                [-0.491759, 0.129818, -0.861, 0.0, 0.118313, 0.989615, 0.081636, 0.4, 0.862656, -0.061723, -0.502011, -0.0, 0.0, 0.0, 0.0, 1.0],
                [0.126681, 0.047695, -0.990796, -0.0, 0.044229, 0.997578, 0.053676, 0.4, 0.990957, -0.050622, 0.124265, -0.0, 0.0, 0.0, 0.0, 1.0],
                [0.343584, 0.029393, -0.938662, -0.0, 0.03278, 0.998526, 0.043267, 0.4, 0.938549, -0.045635, 0.342115, 0.0, 0.0, 0.0, 0.0, 1.0],
                [0.500014, 0.02893, -0.865534, 0.0, 0.026149, 0.998482, 0.04848, 0.400001, 0.865622, -0.046873, 0.498499, -0.0, 0.0, 0.0, 0.0, 1.0],
                [0.641067, 0.028874, -0.766941, 0.0, 0.019776, 0.998339, 0.054116, 0.4, 0.76723, -0.049859, 0.639432, 0.0, 0.0, 0.0, 0.0, 1.0],
                [0.935791, -0.057748, -0.347792, -0.0, 0.061291, 0.998119, -0.000816, 0.4, 0.347185, -0.020553, 0.937572, -0.0, 0.0, 0.0, 0.0, 1.0],
                [0.994692, -0.098376, -0.030153, -0.0, 0.097989, 0.995088, -0.014061, 0.4, 0.031388, 0.011032, 0.999447, -0.0, 0.0, 0.0, 0.0, 1.0],
                [0.79442, -0.118418, 0.595714, -0.0, 0.139635, 0.990146, 0.010613, 0.4, -0.5911, 0.074751, 0.803127, -0.0, 0.0, 0.0, 0.0, 1.0],
                [0.510053, -0.039893, 0.859217, -0.0, -0.027636, 0.997648, 0.062726, 0.400001, -0.859699, -0.055739, 0.507751, 0.0, 0.0, 0.0, 0.0, 1.0]
            ]
        },
        {
            "name": "Shoulder_R",
            "time": [0.0, 0.1333, 0.1667, 0.2333, 0.2667, 0.3, 0.3333, 0.4, 0.8, 1.0, 1.1, 1.2, 1.3833, 1.45, 1.5167, 1.5833, 1.65, 1.7167, 1.9],
            "transform": [
                [-0.078143, 0.91148, 0.403852, -0.0, 0.314036, -0.361963, 0.877704, 0.4, 0.94619, 0.19541, -0.257953, -0.0, 0.0, 0.0, 0.0, 1.0],
                [0.055494, 0.957492, 0.283069, 0.0, 0.045495, -0.285636, 0.957258, 0.4, 0.997422, -0.040244, -0.059412, -0.0, 0.0, 0.0, 0.0, 1.0],
                [0.133539, 0.963287, 0.232905, -0.0, -0.084729, -0.223052, 0.971118, 0.4, 0.987415, -0.149415, 0.051833, -0.0, 0.0, 0.0, 0.0, 1.0],
                [0.099366, 0.981734, 0.162246, -0.0, -0.064918, -0.156309, 0.985573, 0.400001, 0.992931, -0.108465, 0.0482, -0.0, 0.0, 0.0, 0.0, 1.0],
                [0.063699, 0.993815, 0.090953, 0.0, -0.047502, -0.088015, 0.994986, 0.4, 0.996838, -0.0677, 0.041602, -0.0, 0.0, 0.0, 0.0, 1.0],
                [0.193065, 0.966049, 0.17168, 0.0, -0.039923, -0.167093, 0.985133, 0.4, 0.980374, -0.197048, 0.006308, 0.0, 0.0, 0.0, 0.0, 1.0],
                [0.088164, 0.958727, 0.27031, 0.0, 0.016444, -0.272731, 0.961951, 0.400001, 0.99597, -0.080364, -0.03981, -0.0, 0.0, 0.0, 0.0, 1.0],
                [-0.011437, 0.928887, 0.370185, 0.0, 0.083557, -0.368026, 0.926054, 0.4, 0.996437, 0.041523, -0.073406, 0.0, 0.0, 0.0, 0.0, 1.0],
                [-0.084516, 0.953163, 0.290406, 0.0, 0.076994, -0.28433, 0.95563, 0.4, 0.993443, 0.103126, -0.049358, 0.0, 0.0, 0.0, 0.0, 1.0],
                [-0.084516, 0.953163, 0.290406, -0.0, 0.076994, -0.28433, 0.95563, 0.4, 0.993443, 0.103126, -0.049358, -0.0, 0.0, 0.0, 0.0, 1.0],
                [-0.084516, 0.953163, 0.290406, 0.0, 0.076994, -0.28433, 0.95563, 0.4, 0.993443, 0.103126, -0.049358, -0.0, 0.0, 0.0, 0.0, 1.0],
                [-0.066971, 0.953828, 0.292791, -0.0, 0.063739, -0.28876, 0.955278, 0.4, 0.995717, 0.082638, -0.041458, -0.0, 0.0, 0.0, 0.0, 1.0],
                [-0.049448, 0.954121, 0.29531, -0.0, 0.050409, -0.29291, 0.954811, 0.4, 0.997504, 0.062099, -0.033612, 0.0, 0.0, 0.0, 0.0, 1.0],
                [-0.043614, 0.954136, 0.296179, 0.0, 0.04595, -0.294231, 0.954629, 0.400001, 0.997991, 0.055245, -0.03101, -0.0, 0.0, 0.0, 0.0, 1.0],
                [-0.037785, 0.95411, 0.297062, 0.0, 0.041485, -0.29552, 0.954436, 0.4, 0.998424, 0.048387, -0.028415, 0.0, 0.0, 0.0, 0.0, 1.0],
                [-0.03429, 0.954074, 0.297599, -0.0, 0.038802, -0.296278, 0.954313, 0.4, 0.998658, 0.044271, -0.026861, -0.0, 0.0, 0.0, 0.0, 1.0],
                [-0.032044, 0.954044, 0.297947, -0.0, 0.037077, -0.29676, 0.954232, 0.4, 0.998799, 0.041624, -0.025863, -0.0, 0.0, 0.0, 0.0, 1.0],
                [-0.02905, 0.953994, 0.298414, -0.0, 0.034774, -0.297394, 0.954121, 0.4, 0.998973, 0.038095, -0.024535, -0.0, 0.0, 0.0, 0.0, 1.0],
                [0.002855, 0.952781, 0.303644, -0.0, 0.010067, -0.303657, 0.952728, 0.400001, 0.999946, 0.000337, -0.010458, 0.0, 0.0, 0.0, 0.0, 1.0]
            ]
        },
        {
            "name": "Arm_R",
            "time": [0.0, 0.1333, 0.1667, 0.2333, 0.2667, 0.3, 0.3333, 0.4, 0.8, 1.0, 1.1, 1.2, 1.3833, 1.45, 1.5167, 1.5833, 1.65, 1.7167, 1.9],
            "transform": [
                [0.970454, 0.070966, -0.23061, -1.9e-05, 0.237355, -0.452553, 0.859569, 0.388502, -0.043365, -0.888908, -0.456026, -0.00091, 0.0, 0.0, 0.0, 1.0],
                [-0.094628, -0.406996, 0.908515, -1.9e-05, 0.601566, 0.703764, 0.377931, 0.388503, -0.793196, 0.582295, 0.178239, -0.00091, 0.0, 0.0, 0.0, 1.0],
                [0.157693, -0.13451, 0.978285, -1.9e-05, 0.292871, 0.952476, 0.083752, 0.388503, -0.943057, 0.273306, 0.189593, -0.00091, 0.0, 0.0, 0.0, 1.0],
                [0.009269, 0.908863, 0.416992, -1.9e-05, -0.308732, 0.399237, -0.863303, 0.388503, -0.951102, -0.120736, 0.284296, -0.00091, 0.0, 0.0, 0.0, 1.0],
                [-0.089364, 0.949809, -0.299791, -1.9e-05, 0.417053, -0.237652, -0.877262, 0.388502, -0.904476, -0.203425, -0.374886, -0.00091, 0.0, 0.0, 0.0, 1.0],
                [0.191548, 0.97943, 0.063422, -1.9e-05, 0.274495, 0.00858, -0.961551, 0.388503, -0.942316, 0.201591, -0.267208, -0.00091, 0.0, 0.0, 0.0, 1.0],
                [0.183222, 0.340468, 0.922232, -1.9e-05, 0.535086, 0.752431, -0.384091, 0.388502, -0.824688, 0.563848, -0.044319, -0.00091, 0.0, 0.0, 0.0, 1.0],
                [0.011713, -0.526493, 0.850097, -1.9e-05, 0.624981, 0.667489, 0.404787, 0.388502, -0.78055, 0.526556, 0.336869, -0.00091, 0.0, 0.0, 0.0, 1.0],
                [0.242542, -0.957367, 0.156905, -1.9e-05, 0.076284, 0.180054, 0.980694, 0.388502, -0.967136, -0.225891, 0.116704, -0.00091, 0.0, 0.0, 0.0, 1.0],
                [-0.699544, -0.681498, 0.21494, -1.9e-05, 0.591706, -0.721066, -0.360477, 0.388503, 0.400652, -0.12499, 0.907665, -0.00091, 0.0, 0.0, 0.0, 1.0],
                [-0.394449, -0.570874, 0.720078, -1.9e-05, 0.284876, -0.820975, -0.494816, 0.388502, 0.873644, 0.009954, 0.486461, -0.00091, 0.0, 0.0, 0.0, 1.0],
                [-0.343094, -0.290095, 0.893381, -1.9e-05, 0.529769, -0.845166, -0.070988, 0.388502, 0.775649, 0.44893, 0.443654, -0.00091, 0.0, 0.0, 0.0, 1.0],
                [0.514183, -0.180872, 0.838391, -1.9e-05, 0.74431, -0.39161, -0.540967, 0.388502, 0.426168, 0.902178, -0.066734, -0.00091, 0.0, 0.0, 0.0, 1.0],
                [0.853381, 0.260355, 0.451612, -2e-05, 0.501378, -0.172803, -0.847796, 0.388503, -0.142688, 0.949923, -0.278005, -0.00091, 0.0, 0.0, 0.0, 1.0],
                [0.759094, 0.293702, -0.580961, -2e-05, -0.589913, -0.067033, -0.804679, 0.388503, -0.27528, 0.953543, 0.122373, -0.00091, 0.0, 0.0, 0.0, 1.0],
                [0.812173, -0.311447, -0.493331, -1.9e-05, -0.338488, 0.437174, -0.833248, 0.388502, 0.475185, 0.843728, 0.249641, -0.00091, 0.0, 0.0, 0.0, 1.0],
                [0.525089, -0.636514, -0.564917, -1.9e-05, -0.019661, 0.654539, -0.755771, 0.388502, 0.85082, 0.407954, 0.331177, -0.00091, 0.0, 0.0, 0.0, 1.0],
                [0.181965, -0.955648, -0.23157, -1.9e-05, 0.392589, 0.286524, -0.873942, 0.388502, 0.901533, 0.068116, 0.427316, -0.00091, 0.0, 0.0, 0.0, 1.0],
                [0.097439, -0.919779, -0.380144, -1.9e-05, 0.809456, 0.295469, -0.507424, 0.388503, 0.57904, -0.258267, 0.773312, -0.00091, 0.0, 0.0, 0.0, 1.0]
            ]
        },
        {
            "name": "Hand_R",
            "time": [0.0, 0.1333, 0.1667, 0.2333, 0.2667, 0.3, 0.3333, 0.4, 0.8, 1.0, 1.1, 1.2, 1.3833, 1.45, 1.5167, 1.5833, 1.65, 1.7167, 1.9],
            "transform": [
                [0.999999, 0.0, 0.0, 0.0, -1e-06, 1.0, -0.0, 0.329779, -1e-06, 0.0, 1.0, 0.0, 0.0, 0.0, 0.0, 1.0],
                [0.999999, 1e-06, -1e-06, -0.0, -0.0, 0.234329, -0.972159, 0.329779, -0.0, 0.972156, 0.234328, -0.0, 0.0, 0.0, 0.0, 1.0],
                [1.0, 1e-06, 1e-06, 0.0, -0.0, 0.99999, -0.004553, 0.329779, -0.0, 0.004553, 0.999989, 0.0, 0.0, 0.0, 0.0, 1.0],
                [1.0, 1e-06, 0.0, 0.0, -0.0, 0.999988, -0.004888, 0.329779, -0.0, 0.004888, 0.999987, 0.0, 0.0, 0.0, 0.0, 1.0],
                [1.0, 0.0, 0.0, 0.0, -0.0, 0.99999, -0.004497, 0.329779, -0.0, 0.004498, 0.99999, 0.0, 0.0, 0.0, 0.0, 1.0],
                [1.0, 0.0, 0.0, -0.0, -0.0, 0.999989, -0.00478, 0.329779, -0.0, 0.004781, 0.999988, 0.0, 0.0, 0.0, 0.0, 1.0],
                [1.0, 0.0, 0.0, -0.0, -0.0, 0.99999, -0.004485, 0.329779, -0.0, 0.004486, 0.999989, 0.0, 0.0, 0.0, 0.0, 1.0],
                [1.0, 0.0, 0.0, -0.0, -0.0, 0.999988, -0.004871, 0.329779, -0.0, 0.004871, 0.999988, -0.0, 0.0, 0.0, 0.0, 1.0],
                [1.0, 0.0, -0.0, 0.0, -1e-06, -0.027264, -0.999628, 0.329779, -1e-06, 0.999628, -0.027264, -0.0, 0.0, 0.0, 0.0, 1.0],
                [1.0, -0.0, 0.0, -0.0, -1e-06, 0.999988, -0.004911, 0.329779, -0.0, 0.004913, 0.999988, -0.0, 0.0, 0.0, 0.0, 1.0],
                [1.0, -0.0, 0.0, 0.0, -1e-06, 0.99999, -0.004421, 0.329779, -1e-06, 0.004422, 0.99999, 0.0, 0.0, 0.0, 0.0, 1.0],
                [1.0, 0.0, 0.0, -0.0, -1e-06, 0.99999, -0.004481, 0.329779, -1e-06, 0.004481, 0.999989, 0.0, 0.0, 0.0, 0.0, 1.0],
                [1.0, 0.0, 0.0, 0.0, -1e-06, 0.999987, -0.005022, 0.329779, -0.0, 0.005021, 0.999987, -0.0, 0.0, 0.0, 0.0, 1.0],
                [1.0, 0.0, 0.0, 0.0, -0.0, 0.999988, -0.004911, 0.329779, -0.0, 0.004911, 0.999988, -0.0, 0.0, 0.0, 0.0, 1.0],
                [1.0, 0.0, 0.0, 0.0, -0.0, 0.99999, -0.004565, 0.329779, -0.0, 0.004565, 0.99999, 0.0, 0.0, 0.0, 0.0, 1.0],
                [1.0, 0.0, 0.0, 0.0, -1e-06, 0.99999, -0.004387, 0.329779, -1e-06, 0.004387, 0.99999, -0.0, 0.0, 0.0, 0.0, 1.0],
                [1.0, 0.0, 1e-06, 0.0, -1e-06, 0.999991, -0.00419, 0.329779, -0.0, 0.00419, 0.999991, 0.0, 0.0, 0.0, 0.0, 1.0],
                [1.0, 0.0, 0.0, 0.0, -1e-06, 0.999988, -0.004943, 0.329779, -0.0, 0.004943, 0.999988, -0.0, 0.0, 0.0, 0.0, 1.0],
                [1.0, 0.0, 0.0, 0.0, -0.0, 0.999989, -0.00471, 0.329779, -0.0, 0.00471, 0.999989, -0.0, 0.0, 0.0, 0.0, 1.0]
            ]
        },
        {
            "name": "Tool_R",
            "time": [0.0, 0.1333, 0.1667, 0.2333, 0.3, 0.3333, 0.4, 0.8, 1.0, 1.1, 1.2, 1.3833, 1.45, 1.5167, 1.5833, 1.65, 1.7167, 1.9],
            "transform": [
                [1.0, -0.0, 0.0, -0.02, -0.0, -0.93827, -0.345903, 0.291425, 0.0, 0.345903, -0.93827, 0.0, 0.0, 0.0, 0.0, 1.0],
                [1.0, 0.0, 0.0, -0.02, 0.0, -0.677406, -0.735609, 0.291425, 0.0, 0.735609, -0.677406, 0.0, 0.0, 0.0, 0.0, 1.0],
                [1.0, 0.0, 0.0, -0.02, 0.0, -0.812177, -0.583411, 0.291425, -0.0, 0.583411, -0.812177, 0.0, 0.0, 0.0, 0.0, 1.0],
                [1.0, 0.0, -0.0, -0.02, 0.0, -0.726383, -0.68729, 0.509536, -0.0, 0.68729, -0.726383, 0.168537, 0.0, 0.0, 0.0, 1.0],
                [1.0, 0.0, -0.0, -0.02, 0.0, -0.516506, -0.856284, 0.701269, -0.0, 0.856284, -0.516506, 0.247215, 0.0, 0.0, 0.0, 1.0],
                [1.0, 0.0, -0.0, -0.02, 0.0, -0.76532, -0.64365, 0.568761, -0.0, 0.64365, -0.76532, 0.310038, 0.0, 0.0, 0.0, 1.0],
                [1.0, 0.0, 0.0, -0.02, 0.0, -0.932151, -0.362068, 0.436252, 0.0, 0.362068, -0.932152, 0.372861, 0.0, 0.0, 0.0, 1.0],
                [1.0, 0.0, 0.0, -0.02, 0.0, -0.871322, -0.490712, 0.291425, 0.0, 0.490712, -0.871322, -0.0, 0.0, 0.0, 0.0, 1.0],
                [1.0, 0.0, 0.0, -0.02, 0.0, -0.840102, -0.542428, 0.291425, 0.0, 0.542427, -0.840103, 0.0, 0.0, 0.0, 0.0, 1.0],
                [0.513828, -0.857893, -1e-06, -0.02, -0.846885, -0.507234, 0.159684, 0.291425, -0.136992, -0.082049, -0.987168, 0.0, 0.0, 0.0, 0.0, 1.0],
                [0.0, -1.0, 0.0, -0.02, -1.0, -0.0, -0.0, 0.291425, 0.0, -0.0, -1.0, -0.0, 0.0, 0.0, 0.0, 1.0],
                [-8e-06, 0.965926, -0.258819, -0.02, -1.0, -7e-06, 4e-06, 0.291425, 2e-06, 0.258819, 0.965926, -0.0, 0.0, 0.0, 0.0, 1.0],
                [0.022568, 0.573203, -0.819102, 0.023608, -0.997296, 0.070222, 0.021664, 0.38287, 0.069937, 0.816399, 0.573238, -0.037381, 0.0, 0.0, 0.0, 1.0],
                [-0.583173, -0.343514, -0.736144, 0.067217, -0.758935, 0.553559, 0.342916, 0.474314, 0.289703, 0.758664, -0.583525, -0.074763, 0.0, 0.0, 0.0, 1.0],
