{
    "animation": [
        {
            "name": "Root",
            "time": [0.0, 0.1, 0.2, 0.2667, 0.3, 0.3333, 0.3667, 0.4, 0.8, 0.9, 1.0, 1.2, 1.25, 1.3, 1.4, 1.7],
            "transform": [
                [-0.957498, 0.077481, 0.277838, -5e-06, 0.281189, 0.465354, 0.839272, 0.000946, -0.064266, 0.881727, -0.467363, 0.610691, 0.0, 0.0, 0.0, 1.0],
                [-0.114445, 0.110551, 0.987259, -5e-06, 0.834274, 0.550232, 0.035097, 0.400404, -0.539342, 0.827661, -0.155201, 0.575055, 0.0, 0.0, 0.0, 1.0],
                [0.791317, 0.285722, 0.540537, -5e-06, 0.295705, 0.594958, -0.747384, 0.670946, -0.535141, 0.751258, 0.386311, 0.503782, 0.0, 0.0, 0.0, 1.0],
                [0.967566, 0.058826, 0.245673, -5e-06, 0.200831, 0.410807, -0.889328, 0.76702, -0.15324, 0.909823, 0.385669, 0.473122, 0.0, 0.0, 0.0, 1.0],
                [0.951739, -0.033484, -0.305076, -5e-06, -0.253849, 0.47279, -0.843819, 1.090226, 0.172492, 0.880539, 0.441473, 0.52538, 0.0, 0.0, 0.0, 1.0],
                [0.720369, 0.035039, -0.692705, -5e-06, -0.624326, 0.46781, -0.625596, 1.094333, 0.302135, 0.883134, 0.358871, 0.567681, 0.0, 0.0, 0.0, 1.0],
                [0.657651, 0.104664, -0.746017, -5e-06, -0.698561, 0.455402, -0.551925, 1.09844, 0.28197, 0.884112, 0.37261, 0.572844, 0.0, 0.0, 0.0, 1.0],
                [0.330862, 0.104492, -0.937876, -5e-06, -0.858361, 0.446276, -0.25309, 1.150946, 0.392106, 0.888774, 0.237348, 0.578007, 0.0, 0.0, 0.0, 1.0],
                [-0.131859, 0.078529, -0.988153, -5e-06, -0.904766, 0.397732, 0.15234, 1.150946, 0.404984, 0.914135, 0.018606, 0.608982, 0.0, 0.0, 0.0, 1.0],
                [-0.89669, 0.12097, -0.425809, -5e-06, -0.374052, 0.307323, 0.875007, 1.150946, 0.236711, 0.943885, -0.230324, 0.608982, 0.0, 0.0, 0.0, 1.0],
                [-0.918604, 0.078529, 0.387299, -5e-06, 0.394652, 0.232952, 0.88881, 1.150946, -0.020425, 0.969312, -0.244982, 0.608982, 0.0, 0.0, 0.0, 1.0],
                [-0.311283, 0.098098, 0.94524, -0.001843, 0.945368, 0.133348, 0.297486, 1.150946, -0.096863, 0.986202, -0.134247, 0.635637, 0.0, 0.0, 0.0, 1.0],
                [0.242406, 0.063978, 0.968063, -0.002916, 0.966249, 0.073756, -0.246826, 1.150946, -0.087192, 0.995222, -0.04394, 0.651185, 0.0, 0.0, 0.0, 1.0],
                [0.688181, 0.008601, 0.725488, -0.003988, 0.724606, 0.042546, -0.687848, 1.150946, -0.036783, 0.999057, 0.023047, 0.666734, 0.0, 0.0, 0.0, 1.0],
                [0.975297, 0.011841, 0.22058, -0.005605, 0.220288, 0.021981, -0.975187, 1.150946, -0.016395, 0.999688, 0.018829, 0.690169, 0.0, 0.0, 0.0, 1.0],
                [0.882948, -0.0, -0.469472, -0.0093, -0.469472, 0.0, -0.882948, 1.150946, 0.0, 1.0, -0.0, 0.743735, 0.0, 0.0, 0.0, 1.0]
            ]
        },
        {
            "name": "Thigh_R",
            "time": [0.0, 0.1, 0.2, 0.2667, 0.3, 0.3333, 0.3667, 0.4, 0.8, 0.9, 1.0, 1.2, 1.3, 1.4, 1.7],
            "transform": [
                [0.988533, -0.13935, 0.058173, 0.124994, -0.150716, -0.934299, 0.32306, -0.002831, 0.009333, -0.328123, -0.944589, -1.2e-05, 0.0, 0.0, 0.0, 1.0],
                [0.98894, -0.133208, 0.065205, 0.124994, -0.148018, -0.914052, 0.377621, -0.00283, 0.009299, -0.383096, -0.923661, -1.2e-05, 0.0, 0.0, 0.0, 1.0],
                [0.998498, -0.054535, -0.005136, 0.124994, -0.053976, -0.995547, 0.077277, -0.00283, -0.009327, -0.076883, -0.996996, -1.2e-05, 0.0, 0.0, 0.0, 1.0],
                [0.966893, -0.239251, 0.088731, 0.124994, -0.228473, -0.966552, -0.116516, -0.002831, 0.11364, 0.092386, -0.989216, -1.2e-05, 0.0, 0.0, 0.0, 1.0],
                [0.983428, -0.179998, 0.021637, 0.124994, -0.17805, -0.981405, -0.071705, -0.00283, 0.034141, 0.066664, -0.99719, -1.2e-05, 0.0, 0.0, 0.0, 1.0],
                [0.999483, -0.032004, 0.002568, 0.124994, -0.031625, -0.995131, -0.09335, -0.002831, 0.005543, 0.093221, -0.995629, -1.2e-05, 0.0, 0.0, 0.0, 1.0],
                [0.999497, 0.031616, -0.002148, 0.124994, 0.031623, -0.999495, 0.003165, -0.00283, -0.002047, -0.003231, -0.999992, -1.2e-05, 0.0, 0.0, 0.0, 1.0],
                [0.995352, 0.096285, -0.000631, 0.124994, 0.096003, -0.992901, -0.070216, -0.002831, -0.007388, 0.069829, -0.997531, -1.2e-05, 0.0, 0.0, 0.0, 1.0],
                [0.997039, 0.076363, -0.008864, 0.124994, 0.076721, -0.981095, 0.177663, -0.002831, 0.00487, -0.177817, -0.984051, -1.2e-05, 0.0, 0.0, 0.0, 1.0],
                [0.99961, -0.027881, 0.000778, 0.124994, -0.026353, -0.934961, 0.353769, -0.002831, -0.009136, -0.353651, -0.935332, -1.2e-05, 0.0, 0.0, 0.0, 1.0],
                [0.990212, -0.117052, 0.076009, 0.124994, -0.139239, -0.79131, 0.595348, -0.002831, -0.009541, -0.600105, -0.799864, -1.2e-05, 0.0, 0.0, 0.0, 1.0],
                [0.991744, 0.118846, -0.04813, 0.124994, 0.123277, -0.780532, 0.612838, -0.00283, 0.035266, -0.613713, -0.78874, -1.2e-05, 0.0, 0.0, 0.0, 1.0],
                [0.986109, 0.165487, -0.014217, 0.124994, 0.150179, -0.851772, 0.501926, -0.002831, 0.070953, -0.497089, -0.864793, -1.2e-05, 0.0, 0.0, 0.0, 1.0],
                [0.993806, 0.090453, 0.064541, 0.124994, 0.047305, -0.869965, 0.490837, -0.00283, 0.100546, -0.484743, -0.868857, -1.2e-05, 0.0, 0.0, 0.0, 1.0],
                [0.980253, 0.104969, 0.167584, 0.124994, 0.112634, -0.992951, -0.036881, -0.002831, 0.162531, 0.055028, -0.985168, -1.2e-05, 0.0, 0.0, 0.0, 1.0]
            ]
        },
        {
            "name": "Leg_R",
            "time": [0.0, 0.1, 0.2, 0.2667, 0.3, 0.3333, 0.3667, 0.4, 0.8, 0.9, 1.0, 1.2, 1.3, 1.4, 1.7],
            "transform": [
                [1.000001, -1e-06, 5e-06, -0.0, -4e-06, 0.407004, 0.913427, 0.37472, -2e-06, -0.913426, 0.407004, 0.0, 0.0, 0.0, 0.0, 1.0],
                [1.000001, 0.0, 5e-06, -0.0, -4e-06, 0.613483, 0.789709, 0.37472, -2e-06, -0.789709, 0.613483, -0.0, 0.0, 0.0, 0.0, 1.0],
                [1.000001, 2e-06, 4e-06, 0.0, -4e-06, 0.804028, 0.594593, 0.37472, -3e-06, -0.594593, 0.804028, -0.0, 0.0, 0.0, 0.0, 1.0],
                [1.000002, 2e-06, 4e-06, -0.0, -4e-06, 0.820754, 0.571284, 0.37472, -2e-06, -0.571286, 0.820753, -0.0, 0.0, 0.0, 0.0, 1.0],
                [1.000002, 3e-06, 4e-06, -0.0, -4e-06, 0.910486, 0.413541, 0.37472, -2e-06, -0.413542, 0.910486, -0.0, 0.0, 0.0, 0.0, 1.0],
                [1.000002, 4e-06, 3e-06, -0.0, -4e-06, 0.979265, 0.202589, 0.37472, -3e-06, -0.20259, 0.979265, 0.0, 0.0, 0.0, 0.0, 1.0],
                [1.000002, 3e-06, 3e-06, -0.0, -4e-06, 0.958753, 0.284243, 0.37472, -2e-06, -0.284243, 0.958753, -0.0, 0.0, 0.0, 0.0, 1.0],
                [1.000002, 4e-06, 3e-06, 0.0, -4e-06, 0.999986, 0.005503, 0.37472, -2e-06, -0.005503, 0.999986, 0.0, 0.0, 0.0, 0.0, 1.0],
                [1.000002, 3e-06, 3e-06, 0.0, -4e-06, 0.973772, 0.227528, 0.37472, -2e-06, -0.227528, 0.973773, 0.0, 0.0, 0.0, 0.0, 1.0],
                [1.000002, 4e-06, 3e-06, 0.0, -4e-06, 0.987693, 0.156404, 0.37472, -3e-06, -0.156404, 0.987694, -0.0, 0.0, 0.0, 0.0, 1.0],
                [1.000002, 1e-06, 5e-06, -0.0, -4e-06, 0.647014, 0.762479, 0.37472, -2e-06, -0.762478, 0.647014, 0.0, 0.0, 0.0, 0.0, 1.0],
                [1.000002, -3e-06, 4e-06, -0.0, -4e-06, -0.04096, 0.999162, 0.37472, -3e-06, -0.999161, -0.04096, 0.0, 0.0, 0.0, 0.0, 1.0],
                [1.000002, 0.0, 5e-06, -0.0, -4e-06, 0.562767, 0.826618, 0.37472, -3e-06, -0.826616, 0.562767, 0.0, 0.0, 0.0, 0.0, 1.0],
                [1.000002, 1e-06, 5e-06, 0.0, -4e-06, 0.687253, 0.726421, 0.37472, -2e-06, -0.72642, 0.687253, -0.0, 0.0, 0.0, 0.0, 1.0],
                [1.000002, 4e-06, 3e-06, -0.0, -4e-06, 0.996706, 0.081125, 0.37472, -3e-06, -0.081124, 0.996705, -0.0, 0.0, 0.0, 0.0, 1.0]
            ]
        },
        {
            "name": "Knee_R",
            "time": [0.0, 0.1, 0.2, 0.2667, 0.3, 0.3333, 0.3667, 0.4, 0.8, 0.9, 1.0, 1.2, 1.3, 1.4, 1.7],
            "transform": [
                [1.0, 2e-06, -4e-06, -0.0, -4e-06, 3e-06, -1.0, 0.37472, -2e-06, 1.0, 3e-06, -0.0, 0.0, 0.0, 0.0, 1.0],
                [1.0, 2e-06, -4e-06, -0.0, -4e-06, 3e-06, -1.0, 0.37472, -2e-06, 1.0, 3e-06, -0.0, 0.0, 0.0, 0.0, 1.0],
                [1.0, 2e-06, -4e-06, 0.0, -4e-06, 3e-06, -1.0, 0.37472, -2e-06, 1.0, 3e-06, 0.0, 0.0, 0.0, 0.0, 1.0],
                [1.0, 2e-06, -4e-06, -0.0, -4e-06, 3e-06, -1.0, 0.37472, -2e-06, 1.0, 3e-06, -0.0, 0.0, 0.0, 0.0, 1.0],
                [1.0, 2e-06, -4e-06, -0.0, -4e-06, 3e-06, -1.0, 0.37472, -2e-06, 1.0, 3e-06, 0.0, 0.0, 0.0, 0.0, 1.0],
                [1.0, 2e-06, -4e-06, -0.0, -4e-06, 3e-06, -1.0, 0.37472, -2e-06, 1.0, 3e-06, 0.0, 0.0, 0.0, 0.0, 1.0],
                [1.0, 2e-06, -4e-06, 0.0, -4e-06, 3e-06, -1.0, 0.37472, -2e-06, 1.0, 3e-06, -0.0, 0.0, 0.0, 0.0, 1.0],
                [1.0, 2e-06, -4e-06, -0.0, -4e-06, 3e-06, -1.0, 0.37472, -2e-06, 1.0, 3e-06, 0.0, 0.0, 0.0, 0.0, 1.0],
                [1.0, 2e-06, -4e-06, -0.0, -4e-06, 3e-06, -1.0, 0.37472, -2e-06, 1.0, 3e-06, 0.0, 0.0, 0.0, 0.0, 1.0],
                [1.0, 2e-06, -4e-06, 0.0, -4e-06, 3e-06, -1.0, 0.37472, -2e-06, 1.0, 3e-06, 0.0, 0.0, 0.0, 0.0, 1.0],
                [1.0, 2e-06, -4e-06, 0.0, -4e-06, 3e-06, -1.0, 0.37472, -2e-06, 1.0, 3e-06, 0.0, 0.0, 0.0, 0.0, 1.0],
                [1.0, 2e-06, -4e-06, -0.0, -4e-06, 3e-06, -1.0, 0.37472, -2e-06, 1.0, 3e-06, 0.0, 0.0, 0.0, 0.0, 1.0],
                [1.0, 2e-06, -4e-06, 0.0, -4e-06, 3e-06, -1.0, 0.37472, -2e-06, 1.0, 3e-06, 0.0, 0.0, 0.0, 0.0, 1.0],
                [1.0, 2e-06, -4e-06, -0.0, -4e-06, 3e-06, -1.0, 0.37472, -2e-06, 1.0, 3e-06, -0.0, 0.0, 0.0, 0.0, 1.0],
                [1.0, 2e-06, -4e-06, -0.0, -4e-06, 3e-06, -1.0, 0.37472, -2e-06, 1.0, 3e-06, -0.0, 0.0, 0.0, 0.0, 1.0]
            ]
        },
        {
            "name": "Thigh_L",
            "time": [0.0, 0.1, 0.2, 0.2667, 0.3, 0.3333, 0.3667, 0.4, 0.8, 0.9, 1.0, 1.2, 1.3, 1.4, 1.7],
            "transform": [
                [0.986291, 0.162689, -0.027628, -0.125006, 0.160756, -0.909454, 0.383471, -0.002831, 0.03726, -0.382655, -0.92314, -1.2e-05, 0.0, 0.0, 0.0, 1.0],
                [0.994432, -0.104163, 0.015954, -0.125006, -0.104991, -0.992323, 0.065367, -0.00283, 0.009022, -0.066678, -0.997734, -1.2e-05, 0.0, 0.0, 0.0, 1.0],
                [0.951053, 0.263288, -0.161796, -0.125006, 0.249463, -0.345087, 0.904811, -0.00283, 0.182392, -0.900886, -0.393876, -1.2e-05, 0.0, 0.0, 0.0, 1.0],
                [0.99486, 0.083014, -0.05799, -0.125006, 0.052159, 0.07077, 0.996128, -0.002831, 0.086797, -0.994033, 0.066077, -1.2e-05, 0.0, 0.0, 0.0, 1.0],
                [0.957376, 0.242673, -0.156657, -0.125006, 0.253404, -0.445345, 0.858752, -0.002831, 0.13863, -0.861846, -0.487857, -1.2e-05, 0.0, 0.0, 0.0, 1.0],
                [0.987502, 0.13714, -0.077676, -0.125006, 0.135677, -0.488877, 0.861737, -0.002831, 0.080205, -0.861506, -0.501374, -1.2e-05, 0.0, 0.0, 0.0, 1.0],
                [0.985519, 0.142086, -0.092542, -0.125006, 0.149126, -0.466496, 0.871862, -0.002831, 0.080709, -0.873037, -0.480929, -1.2e-05, 0.0, 0.0, 0.0, 1.0],
                [0.995806, 0.082007, -0.040573, -0.125006, 0.07832, -0.534771, 0.84136, -0.002831, 0.0473, -0.841008, -0.538951, -1.2e-05, 0.0, 0.0, 0.0, 1.0],
                [0.999995, -0.002754, -0.001477, -0.125006, -0.000796, -0.681552, 0.73177, -0.00283, -0.003022, -0.731765, -0.681551, -1.2e-05, 0.0, 0.0, 0.0, 1.0],
                [0.995577, -0.085576, 0.038783, -0.125006, -0.090881, -0.772437, 0.628556, -0.002831, -0.023832, -0.6293, -0.776797, -1.2e-05, 0.0, 0.0, 0.0, 1.0],
                [0.999228, 0.033733, -0.02015, -0.125006, 0.038815, -0.927168, 0.372631, -0.002831, -0.006112, -0.373126, -0.927761, -1.2e-05, 0.0, 0.0, 0.0, 1.0],
                [0.998403, -0.007898, -0.055943, -0.125006, 0.0095, -0.952617, 0.304024, -0.00283, -0.055694, -0.30407, -0.95102, -1.2e-05, 0.0, 0.0, 0.0, 1.0],
                [0.984307, 0.116373, -0.132656, -0.125006, 0.134091, -0.981929, 0.13355, -0.00283, -0.114717, -0.149242, -0.982124, -1.2e-05, 0.0, 0.0, 0.0, 1.0],
                [0.969079, 0.165874, -0.182684, -0.125006, 0.194869, -0.96863, 0.154215, -0.00283, -0.151373, -0.185046, -0.971002, -1.2e-05, 0.0, 0.0, 0.0, 1.0],
                [0.968439, -0.092024, -0.231642, -0.125006, -0.053934, -0.9847, 0.165704, -0.002831, -0.243346, -0.147981, -0.958585, -1.2e-05, 0.0, 0.0, 0.0, 1.0]
            ]
        },
        {
            "name": "Leg_L",
            "time": [0.0, 0.1, 0.2, 0.2667, 0.3, 0.3333, 0.3667, 0.4, 0.8, 0.9, 1.0, 1.2, 1.3, 1.4, 1.7],
            "transform": [
                [0.999999, -0.0, 2e-06, 0.0, -1e-06, 0.644565, 0.76455, 0.37472, -1e-06, -0.76455, 0.644565, -0.0, 0.0, 0.0, 0.0, 1.0],
                [0.999998, 1e-06, 1e-06, -0.0, -1e-06, 0.999987, 0.005138, 0.37472, -1e-06, -0.005138, 0.999987, -0.0, 0.0, 0.0, 0.0, 1.0],
                [0.999999, -1e-06, 2e-06, 0.0, -1e-06, 0.234222, 0.972183, 0.37472, -1e-06, -0.972184, 0.234222, 0.0, 0.0, 0.0, 0.0, 1.0],
                [0.999999, -1e-06, 1e-06, 0.0, -1e-06, 0.103801, 0.994598, 0.374721, -1e-06, -0.994598, 0.103801, 0.0, 0.0, 0.0, 0.0, 1.0],
                [0.999999, -1e-06, 1e-06, -0.0, -1e-06, 0.12182, 0.992552, 0.37472, -1e-06, -0.992552, 0.12182, 0.0, 0.0, 0.0, 0.0, 1.0],
                [0.999999, -1e-06, 1e-06, 0.0, -1e-06, 0.218376, 0.975864, 0.37472, -1e-06, -0.975864, 0.218376, 0.0, 0.0, 0.0, 0.0, 1.0],
                [0.999999, -1e-06, 1e-06, 0.0, -1e-06, 0.240939, 0.97054, 0.37472, -1e-06, -0.970539, 0.24094, -0.0, 0.0, 0.0, 0.0, 1.0],
                [0.999999, -1e-06, 1e-06, -0.0, -1e-06, 0.254735, 0.96701, 0.37472, -1e-06, -0.96701, 0.254734, 0.0, 0.0, 0.0, 0.0, 1.0],
                [0.999999, -1e-06, 2e-06, 0.0, -1e-06, 0.363026, 0.931778, 0.37472, -1e-06, -0.931778, 0.363026, -0.0, 0.0, 0.0, 0.0, 1.0],
                [0.999999, -1e-06, 1e-06, -0.0, -1e-06, 0.314044, 0.949407, 0.37472, -1e-06, -0.949407, 0.314044, 0.0, 0.0, 0.0, 0.0, 1.0],
                [0.999999, -1e-06, 1e-06, -0.0, -1e-06, 0.315512, 0.94892, 0.37472, -1e-06, -0.948921, 0.315512, -0.0, 0.0, 0.0, 0.0, 1.0],
                [1.0, -0.0, 2e-06, -0.0, -1e-06, 0.495068, 0.868852, 0.37472, -1e-06, -0.868853, 0.495068, 0.0, 0.0, 0.0, 0.0, 1.0],
                [0.999999, 0.0, 1e-06, 0.0, -1e-06, 0.72173, 0.692172, 0.37472, -1e-06, -0.692173, 0.72173, -0.0, 0.0, 0.0, 0.0, 1.0],
                [0.999999, 0.0, 1e-06, -0.0, -1e-06, 0.802548, 0.596585, 0.37472, -1e-06, -0.596586, 0.802548, 0.0, 0.0, 0.0, 0.0, 1.0],
                [0.999999, 1e-06, 1e-06, 0.0, -1e-06, 0.967987, 0.250996, 0.37472, -1e-06, -0.250996, 0.967987, 0.0, 0.0, 0.0, 0.0, 1.0]
            ]
        },
        {
            "name": "Knee_L",
            "time": [0.0, 0.1, 0.2, 0.2667, 0.3, 0.3333, 0.3667, 0.4, 0.8, 0.9, 1.0, 1.2, 1.3, 1.4, 1.7],
            "transform": [
                [1.0, 1e-06, -1e-06, 0.0, -1e-06, 0.421567, -0.906798, 0.37472, -0.0, 0.906797, 0.421567, -0.0, 0.0, 0.0, 0.0, 1.0],
                [0.999998, 1e-06, -2e-06, -0.0, -2e-06, 0.002569, -0.999997, 0.37472, -2e-06, 0.999995, 0.002571, 0.0, 0.0, 0.0, 0.0, 1.0],
                [1.0, 1e-06, -1e-06, 0.0, -2e-06, 0.618781, -0.785563, 0.37472, -0.0, 0.785564, 0.618781, 0.0, 0.0, 0.0, 0.0, 1.0],
                [1.0, 1e-06, -1e-06, -0.0, -1e-06, 0.669404, -0.742899, 0.37472, -0.0, 0.742899, 0.669404, 0.0, 0.0, 0.0, 0.0, 1.0],
                [1.0, 1e-06, -1e-06, 0.0, -1e-06, 0.66264, -0.748938, 0.37472, -0.0, 0.748938, 0.66264, -0.0, 0.0, 0.0, 0.0, 1.0],
                [1.0, 1e-06, -1e-06, 0.0, -1e-06, 0.62515, -0.780504, 0.37472, -0.0, 0.780504, 0.62515, 0.0, 0.0, 0.0, 0.0, 1.0],
                [1.0, 1e-06, -1e-06, 0.0, -2e-06, 0.616062, -0.787698, 0.37472, -0.0, 0.787698, 0.616061, -0.0, 0.0, 0.0, 0.0, 1.0],
                [1.0, 1e-06, -1e-06, -0.0, -2e-06, 0.610438, -0.792065, 0.37472, -0.0, 0.792065, 0.610437, 0.0, 0.0, 0.0, 0.0, 1.0],
                [1.0, 1e-06, -1e-06, 0.0, -2e-06, 0.564347, -0.825537, 0.37472, -1e-06, 0.825537, 0.564348, -0.0, 0.0, 0.0, 0.0, 1.0],
                [1.0, 1e-06, -1e-06, 0.0, -2e-06, 0.585644, -0.810569, 0.37472, -1e-06, 0.810569, 0.585644, 0.0, 0.0, 0.0, 0.0, 1.0],
                [1.0, 1e-06, -1e-06, 0.0, -1e-06, 0.585017, -0.811021, 0.37472, -0.0, 0.811021, 0.585017, -0.0, 0.0, 0.0, 0.0, 1.0],
                [1.0, 1e-06, -1e-06, -0.0, -1e-06, 0.502461, -0.8646, 0.37472, -0.0, 0.8646, 0.502461, 0.0, 0.0, 0.0, 0.0, 1.0],
                [1.0, 1e-06, -1e-06, 0.0, -1e-06, 0.373008, -0.927828, 0.37472, -0.0, 0.927828, 0.373008, -0.0, 0.0, 0.0, 0.0, 1.0],
                [1.0, 1e-06, -1e-06, 0.0, -1e-06, 0.314208, -0.949354, 0.37472, -0.0, 0.949355, 0.314208, -0.0, 0.0, 0.0, 0.0, 1.0],
                [1.0, 1e-06, -1e-06, 0.0, -1e-06, 0.126516, -0.991965, 0.37472, -0.0, 0.991964, 0.126516, -0.0, 0.0, 0.0, 0.0, 1.0]
            ]
        },
        {
            "name": "Torso",
            "time": [0.0, 0.1, 0.2, 0.2667, 0.3, 0.3333, 0.3667, 0.4, 0.8, 0.9, 1.0, 1.2, 1.3, 1.4, 1.7],
            "transform": [
                [0.994862, 0.045427, -0.090486, 0.0, -0.046615, 0.998852, -0.011063, 0.05, 0.089879, 0.015224, 0.995836, 0.0, 0.0, 0.0, 0.0, 1.0],
                [0.996428, 0.033053, -0.077717, 0.0, -0.034766, 0.999179, -0.020796, 0.05, 0.076966, 0.023424, 0.996759, -0.0, 0.0, 0.0, 0.0, 1.0],
                [0.998622, 0.008606, -0.051781, 0.0, -0.010675, 0.999151, -0.0398, 0.05, 0.051394, 0.040298, 0.997865, -0.0, 0.0, 0.0, 0.0, 1.0],
                [0.999243, -0.03886, -0.001918, 0.0, 0.03888, 0.99918, 0.011326, 0.05, 0.001477, -0.011392, 0.999934, -0.0, 0.0, 0.0, 0.0, 1.0],
                [0.995572, -0.09399, -0.001531, 0.0, 0.093997, 0.995558, 0.005398, 0.05, 0.001017, -0.005518, 0.999984, 0.0, 0.0, 0.0, 0.0, 1.0],
                [0.997917, -0.064229, -0.006047, 0.0, 0.064049, 0.9976, -0.026314, 0.05, 0.007723, 0.025872, 0.999636, -0.0, 0.0, 0.0, 0.0, 1.0],
                [0.999337, -0.034551, -0.011509, 0.0, 0.03383, 0.997751, -0.057866, 0.05, 0.013482, 0.057438, 0.998258, -0.0, 0.0, 0.0, 0.0, 1.0],
                [0.999828, -0.005043, -0.0179, 0.0, 0.003427, 0.996011, -0.089168, 0.05, 0.018278, 0.089091, 0.995856, 0.0, 0.0, 0.0, 0.0, 1.0],
                [0.998881, 0.028539, -0.037714, -0.0, -0.032252, 0.99428, -0.101824, 0.05, 0.034592, 0.102926, 0.994087, -0.0, 0.0, 0.0, 0.0, 1.0],
                [0.998881, 0.028539, -0.037714, 0.0, -0.032252, 0.99428, -0.101824, 0.05, 0.034592, 0.102926, 0.994087, -0.0, 0.0, 0.0, 0.0, 1.0],
                [0.998881, 0.028539, -0.037714, 0.0, -0.032252, 0.99428, -0.101824, 0.05, 0.034592, 0.102926, 0.994087, 0.0, 0.0, 0.0, 0.0, 1.0],
                [0.998479, 0.013881, -0.053357, -0.0, -0.01806, 0.99674, -0.078641, 0.05, 0.052091, 0.079485, 0.995474, -0.0, 0.0, 0.0, 0.0, 1.0],
                [0.997399, -0.002761, -0.072026, -0.0, -0.000977, 0.998657, -0.051809, 0.05, 0.072072, 0.051745, 0.996056, -0.0, 0.0, 0.0, 0.0, 1.0],
                [0.996151, -0.014956, -0.086371, 0.0, 0.012251, 0.99942, -0.031774, 0.05, 0.086796, 0.030594, 0.995756, 0.0, 0.0, 0.0, 0.0, 1.0],
                [0.991907, -0.041629, -0.119948, 0.0, 0.043531, 0.998964, 0.013283, 0.05, 0.119271, -0.018397, 0.992691, -0.0, 0.0, 0.0, 0.0, 1.0]
            ]
        },
        {
            "name": "Chest",
            "time": [0.0, 0.1, 0.2, 0.2667, 0.3, 0.3333, 0.3667, 0.4, 0.8, 0.9, 1.0, 1.2, 1.3, 1.4, 1.7],
            "transform": [
                [0.891651, -0.00494, 0.452695, -0.0, -0.052909, 0.991951, 0.115038, 0.3, -0.449619, -0.126525, 0.884213, -0.0, 0.0, 0.0, 0.0, 1.0],
                [0.68009, -0.063005, 0.730416, 0.0, -0.026735, 0.993506, 0.110591, 0.3, -0.732641, -0.094739, 0.67399, 0.0, 0.0, 0.0, 0.0, 1.0],
                [0.870442, -0.184539, 0.456372, -0.0, 0.151065, 0.982479, 0.109148, 0.3, -0.468518, -0.026065, 0.883069, 0.0, 0.0, 0.0, 0.0, 1.0],
                [0.980167, -0.161422, 0.114948, 0.0, 0.157721, 0.986646, 0.040656, 0.3, -0.119976, -0.02172, 0.992539, 0.0, 0.0, 0.0, 0.0, 1.0],
                [0.969817, 0.024377, -0.242609, -0.0, -0.049854, 0.993794, -0.099434, 0.3, 0.23868, 0.108528, 0.965015, -0.0, 0.0, 0.0, 0.0, 1.0],
                [0.909967, -0.083431, -0.4062, 0.0, 0.025776, 0.989037, -0.145398, 0.3, 0.413877, 0.121837, 0.902142, -0.0, 0.0, 0.0, 0.0, 1.0],
                [0.811775, -0.191685, -0.551612, 0.0, 0.091743, 0.974724, -0.203704, 0.3, 0.576717, 0.114755, 0.808844, 0.0, 0.0, 0.0, 0.0, 1.0],
                [0.918523, -0.150795, -0.36548, 0.0, 0.094743, 0.981425, -0.166821, 0.3, 0.383847, 0.118602, 0.915748, -0.0, 0.0, 0.0, 0.0, 1.0],
                [0.899753, 0.081517, -0.428718, -0.0, -0.150126, 0.980256, -0.128682, 0.3, 0.409764, 0.180144, 0.894227, 0.0, 0.0, 0.0, 0.0, 1.0],
                [0.909895, 0.031359, -0.413651, -0.0, -0.055755, 0.997336, -0.047034, 0.3, 0.411075, 0.065859, 0.90922, 0.0, 0.0, 0.0, 0.0, 1.0],
                [0.914636, -0.013098, -0.404066, 0.0, 0.025116, 0.999385, 0.024457, 0.3, 0.403497, -0.032518, 0.914402, 0.0, 0.0, 0.0, 0.0, 1.0],
                [0.902616, 0.014342, -0.430207, -0.0, -0.029005, 0.999199, -0.027544, 0.3, 0.429468, 0.03734, 0.90231, -0.0, 0.0, 0.0, 0.0, 1.0],
                [0.885892, 0.043594, -0.461838, 0.0, -0.093539, 0.991912, -0.085797, 0.3, 0.454363, 0.119207, 0.882805, 0.0, 0.0, 0.0, 0.0, 1.0],
                [0.879274, 0.028921, -0.475437, -0.0, -0.070059, 0.995151, -0.069032, 0.3, 0.471136, 0.094006, 0.877037, 0.0, 0.0, 0.0, 0.0, 1.0],
                [0.862121, -0.002923, -0.506694, 0.0, -0.015575, 0.999358, -0.032265, 0.3, 0.506463, 0.035709, 0.861522, 0.0, 0.0, 0.0, 0.0, 1.0]
            ]
        },
        {
            "name": "Head",
            "time": [0.0, 0.1, 0.2, 0.2667, 0.3, 0.3333, 0.3667, 0.4, 0.8, 0.9, 1.0, 1.2, 1.25, 1.3, 1.4, 1.7],
            "transform": [
                [-0.456751, 0.311377, -0.833321, -0.0, 0.208187, 0.948143, 0.240172, 0.4, 0.864891, -0.063788, -0.49789, 0.0, 0.0, 0.0, 0.0, 1.0],
                [-0.351754, 0.198691, -0.914763, 0.0, 0.256011, 0.960377, 0.110155, 0.4, 0.900404, -0.195442, -0.388683, 0.0, 0.0, 0.0, 0.0, 1.0],
                [0.665797, -0.264976, -0.697497, -0.0, 0.109462, 0.959389, -0.259981, 0.4, 0.738059, 0.096745, 0.667764, -0.0, 0.0, 0.0, 0.0, 1.0],
                [0.923825, 0.061226, -0.377887, 0.0, -0.143673, 0.970421, -0.194011, 0.4, 0.354831, 0.233524, 0.905297, -0.0, 0.0, 0.0, 0.0, 1.0],
                [0.881073, 0.119844, 0.457545, 0.0, -0.014114, 0.973598, -0.227833, 0.4, -0.47277, 0.19428, 0.859502, 0.0, 0.0, 0.0, 0.0, 1.0],
                [0.394524, 0.391131, 0.831485, 0.0, -0.119025, 0.919013, -0.375829, 0.4, -0.911144, 0.049306, 0.409127, -0.0, 0.0, 0.0, 0.0, 1.0],
                [0.33809, 0.285083, 0.896896, -0.0, -0.236841, 0.948117, -0.212085, 0.4, -0.910824, -0.140718, 0.388068, 0.0, 0.0, 0.0, 0.0, 1.0],
                [0.176781, 0.271021, 0.946201, -0.0, -0.20886, 0.949778, -0.233023, 0.4, -0.961835, -0.15643, 0.224508, -0.0, 0.0, 0.0, 0.0, 1.0],
                [-0.233181, -0.054617, 0.970898, -0.0, -0.232486, 0.972599, -0.001124, 0.4, -0.944234, -0.225982, -0.239489, 0.0, 0.0, 0.0, 0.0, 1.0],
                [0.601517, -0.006232, 0.798836, 0.0, -0.140542, 0.983548, 0.1135, 0.400001, -0.786401, -0.180542, 0.590745, 0.0, 0.0, 0.0, 0.0, 1.0],
                [0.971579, -0.041594, 0.233033, 0.0, -0.047897, 0.929536, 0.365609, 0.400001, -0.23182, -0.366379, 0.901125, 0.0, 0.0, 0.0, 0.0, 1.0],
                [0.956687, 0.027795, 0.289788, -0.0, -0.07238, 0.986885, 0.144292, 0.4, -0.281977, -0.159017, 0.946152, 0.0, 0.0, 0.0, 0.0, 1.0],
                [0.935835, 0.015982, 0.352075, -0.0, -0.089173, 0.977204, 0.192666, 0.4, -0.34097, -0.211699, 0.915928, 0.0, 0.0, 0.0, 0.0, 1.0],
                [0.90861, -0.011968, 0.417473, 0.0, -0.099017, 0.964916, 0.243169, 0.4, -0.405737, -0.262283, 0.875548, 0.0, 0.0, 0.0, 0.0, 1.0],
                [0.690714, -0.074479, 0.719283, 0.0, -0.122746, 0.968172, 0.218121, 0.4, -0.712635, -0.238948, 0.659588, 0.0, 0.0, 0.0, 0.0, 1.0],
                [0.510053, -0.039893, 0.859217, -0.0, -0.027636, 0.997648, 0.062726, 0.400001, -0.859699, -0.055739, 0.507751, -0.0, 0.0, 0.0, 0.0, 1.0]
            ]
        },
        {
            "name": "Shoulder_R",
            "time": [0.0, 0.1, 0.2, 0.2667, 0.3, 0.3333, 0.3667, 0.4, 0.8, 0.9, 1.0, 1.2, 1.3, 1.4, 1.7],
            "transform": [
                [0.167778, 0.895581, 0.412049, -0.0, -0.060081, -0.407906, 0.911045, 0.4, 0.983992, -0.177609, -0.014631, 0.0, 0.0, 0.0, 0.0, 1.0],
                [0.134732, 0.899405, 0.415832, -0.0, -0.048529, -0.413165, 0.909362, 0.4, 0.989693, -0.1427, -0.01202, 0.0, 0.0, 0.0, 0.0, 1.0],
                [0.293078, 0.873777, 0.388095, 0.0, -0.101005, -0.375351, 0.921363, 0.4, 0.950738, -0.30923, -0.021751, -0.0, 0.0, 0.0, 0.0, 1.0],
                [0.273892, 0.954689, 0.116412, 0.0, -0.052029, -0.106156, 0.992988, 0.400001, 0.960352, -0.278028, 0.020596, 0.0, 0.0, 0.0, 0.0, 1.0],
                [0.312604, 0.941401, 0.126657, -0.0, -0.060948, -0.113186, 0.991703, 0.4, 0.947925, -0.317729, 0.021994, 0.0, 0.0, 0.0, 0.0, 1.0],
                [-0.137244, 0.909132, 0.393246, 0.0, 0.047512, -0.390504, 0.919374, 0.400001, 0.989396, 0.144863, 0.010399, 0.0, 0.0, 0.0, 0.0, 1.0],
                [0.106165, 0.91263, 0.394759, -0.0, -0.036838, -0.39312, 0.918749, 0.4, 0.993665, -0.112081, -0.008116, 0.0, 0.0, 0.0, 0.0, 1.0],
                [-0.188121, 0.914889, 0.357194, -0.0, 0.061084, -0.352084, 0.933973, 0.4, 0.980244, 0.197519, 0.010349, -0.0, 0.0, 0.0, 0.0, 1.0],
                [0.085632, 0.960544, 0.264612, -0.0, -0.023217, -0.263592, 0.964354, 0.4, 0.996056, -0.088723, -0.000271, 0.0, 0.0, 0.0, 0.0, 1.0],
                [0.306476, 0.870804, 0.384411, 0.0, -0.104978, -0.370459, 0.922897, 0.400001, 0.946071, -0.3232, -0.022122, 0.0, 0.0, 0.0, 0.0, 1.0],
                [0.44597, 0.836217, 0.319141, -0.0, -0.13561, -0.289318, 0.947578, 0.400001, 0.884714, -0.46587, -0.015628, 0.0, 0.0, 0.0, 0.0, 1.0],
                [0.199738, 0.974532, 0.101929, -0.0, -0.036565, -0.096539, 0.994657, 0.400001, 0.979166, -0.202398, 0.016352, 0.0, 0.0, 0.0, 0.0, 1.0],
                [0.121243, 0.988317, 0.092343, 0.0, -0.021658, -0.090373, 0.995672, 0.4, 0.992386, -0.122718, 0.010448, 0.0, 0.0, 0.0, 0.0, 1.0],
                [0.270422, 0.955777, 0.115595, 0.0, -0.051263, -0.105603, 0.993086, 0.4, 0.961376, -0.274477, 0.020439, 0.0, 0.0, 0.0, 0.0, 1.0],
                [-0.007837, 0.955454, 0.295034, 0.0, 0.002256, -0.295025, 0.955487, 0.400001, 0.999967, 0.008154, 0.000157, 0.0, 0.0, 0.0, 0.0, 1.0]
            ]
        },
        {
            "name": "Arm_R",
            "time": [0.0, 0.1, 0.2, 0.2667, 0.3, 0.3333, 0.3667, 0.4, 0.8, 0.9, 1.0, 1.2, 1.3, 1.4, 1.6, 1.7],
            "transform": [
                [-0.451331, -0.794666, -0.405961, -1.9e-05, -0.004871, 0.457118, -0.88939, 0.388502, 0.89234, -0.399433, -0.210183, -0.00091, 0.0, 0.0, 0.0, 1.0],
                [-0.765572, -0.619642, -0.173026, -1.9e-05, -0.035428, 0.309143, -0.950353, 0.388502, 0.642369, -0.721436, -0.258625, -0.00091, 0.0, 0.0, 0.0, 1.0],
                [-0.325167, -0.905373, 0.273062, -1.9e-05, -0.847048, 0.150475, -0.509765, 0.388503, 0.42044, -0.397057, -0.815827, -0.00091, 0.0, 0.0, 0.0, 1.0],
                [-0.046367, -0.667425, -0.743229, -2e-05, -0.49515, 0.661548, -0.563184, 0.388502, 0.867569, 0.341899, -0.361149, -0.00091, 0.0, 0.0, 0.0, 1.0],
                [0.301109, -0.884583, -0.356147, -1.9e-05, -0.276524, 0.276434, -0.92039, 0.388503, 0.912614, 0.375623, -0.161373, -0.00091, 0.0, 0.0, 0.0, 1.0],
                [0.218015, -0.93114, -0.292303, -1.9e-05, -0.117056, 0.272397, -0.955038, 0.388503, 0.968899, 0.242429, -0.04961, -0.00091, 0.0, 0.0, 0.0, 1.0],
                [0.167598, -0.804264, -0.570145, -1.9e-05, -0.110418, 0.559372, -0.821528, 0.388503, 0.979651, 0.200642, 0.004945, -0.00091, 0.0, 0.0, 0.0, 1.0],
                [-0.081126, -0.570944, -0.81697, -1.9e-05, -0.242183, 0.806397, -0.539507, 0.388503, 0.966832, 0.154089, -0.203694, -0.00091, 0.0, 0.0, 0.0, 1.0],
                [-0.030808, -0.007972, -0.999493, -1.9e-05, 0.000524, 0.999966, -0.007993, 0.388502, 0.999524, -0.000769, -0.030803, -0.00091, 0.0, 0.0, 0.0, 1.0],
                [-0.240944, -0.769807, -0.591051, -1.9e-05, 0.203886, 0.555254, -0.806301, 0.388503, 0.948881, -0.31478, 0.023168, -0.00091, 0.0, 0.0, 0.0, 1.0],
                [-0.125638, -0.985769, 0.111677, -2e-05, -0.091202, -0.100616, -0.990736, 0.388502, 0.987874, -0.134659, -0.077264, -0.00091, 0.0, 0.0, 0.0, 1.0],
                [0.812645, -0.508094, 0.285387, -1.9e-05, -0.269089, -0.761549, -0.589603, 0.388503, 0.51691, 0.402343, -0.755593, -0.00091, 0.0, 0.0, 0.0, 1.0],
                [0.383144, -0.586349, -0.713717, -2e-05, -0.906887, -0.092091, -0.411185, 0.388503, 0.175371, 0.804804, -0.567038, -0.00091, 0.0, 0.0, 0.0, 1.0],
                [0.217659, -0.859001, -0.463399, -1.9e-05, -0.62779, 0.240321, -0.740354, 0.388502, 0.74733, 0.452062, -0.486965, -0.00091, 0.0, 0.0, 0.0, 1.0],
                [-0.497739, -0.358968, -0.789554, -1.9e-05, 0.534293, 0.59019, -0.605149, 0.388503, 0.683217, -0.72306, -0.101966, -0.00091, 0.0, 0.0, 0.0, 1.0],
                [0.107382, -0.154462, -0.982146, -1.9e-05, 0.817828, 0.575461, -0.001086, 0.388503, 0.565355, -0.80311, 0.188118, -0.00091, 0.0, 0.0, 0.0, 1.0]
            ]
        },
        {
            "name": "Hand_R",
            "time": [0.0, 0.1, 0.2, 0.2667, 0.3, 0.3333, 0.3667, 0.4, 0.8, 0.9, 1.0, 1.2, 1.3, 1.4, 1.7],
            "transform": [
                [1.000003, 0.0, 0.0, -0.0, -0.0, 0.984728, -0.174108, 0.329779, -0.0, 0.174108, 0.984729, -0.0, 0.0, 0.0, 0.0, 1.0],
                [1.000003, 0.0, 0.0, 0.0, -0.0, 1.000002, -1e-06, 0.329779, -0.0, -0.0, 1.000002, 0.0, 0.0, 0.0, 0.0, 1.0],
                [1.000003, 0.0, 0.0, -0.0, -0.0, 1.000002, -0.0, 0.329779, -0.0, 0.0, 1.000001, 0.0, 0.0, 0.0, 0.0, 1.0],
                [1.0, 0.0, 0.0, -0.0, -0.0, 1.000003, -0.0, 0.329779, -0.0, 0.0, 1.000003, -0.0, 0.0, 0.0, 0.0, 1.0],
                [1.0, 0.0, 0.0, -0.0, -0.0, 1.000003, -0.0, 0.329779, -0.0, 0.0, 1.000002, 0.0, 0.0, 0.0, 0.0, 1.0],
                [1.0, 0.0, 1e-06, 0.0, -0.0, 1.000003, -0.0, 0.329779, -0.0, 0.0, 1.000002, 0.0, 0.0, 0.0, 0.0, 1.0],
                [1.0, 0.0, 0.0, 0.0, -0.0, 1.000003, -0.0, 0.329779, -0.0, 0.0, 1.000001, -0.0, 0.0, 0.0, 0.0, 1.0],
                [1.0, 0.0, 0.0, -0.0, -0.0, 1.000003, -0.0, 0.329779, -0.0, 0.0, 1.000002, -0.0, 0.0, 0.0, 0.0, 1.0],
                [1.000001, 0.0, 0.0, 0.0, -0.0, 1.000002, -0.0, 0.329779, -0.0, 0.0, 1.000002, 0.0, 0.0, 0.0, 0.0, 1.0],
                [1.000001, 0.0, 0.0, 0.0, -0.0, 1.000002, -0.0, 0.329779, -0.0, 0.0, 1.000002, -0.0, 0.0, 0.0, 0.0, 1.0],
                [1.0, 0.0, 0.0, -0.0, -0.0, 1.000002, -0.0, 0.329779, -0.0, 0.0, 1.000002, 0.0, 0.0, 0.0, 0.0, 1.0],
                [1.000001, 0.0, 0.0, -0.0, -0.0, 1.000002, -0.0, 0.329779, -0.0, 0.0, 1.000001, 0.0, 0.0, 0.0, 0.0, 1.0],
                [1.000001, 0.0, 0.0, 0.0, -0.0, 1.000002, -0.0, 0.329779, -0.0, 0.0, 1.000001, -0.0, 0.0, 0.0, 0.0, 1.0],
                [1.000001, 0.0, 0.0, 0.0, -0.0, 1.000002, -0.0, 0.329779, -0.0, 0.0, 1.0, -0.0, 0.0, 0.0, 0.0, 1.0],
                [1.0, 0.0, 0.0, 0.0, -0.0, 0.982111, -0.188305, 0.329779, -0.0, 0.188305, 0.98211, -0.0, 0.0, 0.0, 0.0, 1.0]
            ]
        },
        {
            "name": "Tool_R",
            "time": [0.0, 0.1, 0.15, 0.2, 0.2667, 0.3, 0.3333, 0.3667, 0.4, 0.8, 0.9, 1.0, 1.2, 1.25, 1.3, 1.4, 1.5, 1.6, 1.7],
            "transform": [
                [1.0, -0.0, -0.0, -0.02, -0.0, -0.94069, -0.339268, 0.291425, -0.0, 0.339268, -0.940691, -0.0, 0.0, 0.0, 0.0, 1.0],
                [1.000001, -0.0, -0.0, -0.02, -0.0, -0.964628, -0.263615, 0.291425, -0.0, 0.263616, -0.964629, 0.0, 0.0, 0.0, 0.0, 1.0],
                [1.0, -0.0, -0.0, -0.02, -0.0, -0.993731, -0.111792, 0.366254, -0.0, 0.111793, -0.993733, 0.502727, 0.0, 0.0, 0.0, 1.0],
                [1.000001, 0.0, 0.0, -0.02, 0.0, -0.998788, -0.049222, 0.342216, 0.0, 0.049222, -0.998789, 1.022891, 0.0, 0.0, 0.0, 1.0],
                [0.995343, 0.044796, -0.085359, 0.083406, 0.067591, -0.955652, 0.286633, -0.043134, -0.068733, -0.291068, -0.95423, 1.168454, 0.0, 0.0, 0.0, 1.0],
                [1.000002, -0.0, 0.0, -0.020001, -0.0, -0.9985, -0.05476, 0.393111, 0.0, 0.05476, -0.998499, 1.372084, 0.0, 0.0, 0.0, 1.0],
                [1.000002, -0.0, 0.0, -0.020001, -0.0, -0.92218, -0.386764, 0.440224, 0.0, 0.386763, -0.922179, 0.593323, 0.0, 0.0, 0.0, 1.0],
                [1.000002, -0.0, 0.0, -0.02, -0.0, -0.734285, -0.678842, 0.625121, 0.0, 0.678842, -0.734285, 0.434718, 0.0, 0.0, 0.0, 1.0],
                [1.000002, -0.0, 0.0, -0.02, 0.0, -0.469967, -0.882684, 0.810019, 0.0, 0.882684, -0.469967, 0.276114, 0.0, 0.0, 0.0, 1.0],
                [1.000001, -0.0, 0.0, -0.02, 0.0, -0.224606, -0.97445, 0.291425, 0.0, 0.974449, -0.224606, 0.0, 0.0, 0.0, 0.0, 1.0],
                [1.0, -0.0, 0.0, -0.02, 0.0, -0.224606, -0.97445, 0.291425, 0.0, 0.974449, -0.224606, -0.0, 0.0, 0.0, 0.0, 1.0],
                [-0.013091, -0.999915, 1e-06, -0.02, -0.224587, 0.00294, -0.97445, 0.291425, 0.974366, -0.012757, -0.224606, -0.0, 0.0, 0.0, 0.0, 1.0],
                [-0.164006, 0.897338, -0.409741, -0.02, -0.723528, 0.172914, 0.668288, 0.291425, 0.67053, 0.406062, 0.62089, 0.0, 0.0, 0.0, 0.0, 1.0],
                [0.023379, -0.470433, -0.882127, -0.02, -0.946083, 0.274744, -0.171593, 0.291425, 0.323082, 0.838575, -0.438645, -0.0, 0.0, 0.0, 0.0, 1.0],
                [-0.378173, -0.538244, 0.753179, -0.02, -0.869076, -0.073843, -0.489136, 0.291425, 0.318892, -0.839548, -0.43985, -0.0, 0.0, 0.0, 0.0, 1.0],
                [-0.688541, 0.318519, -0.651504, -0.02, -0.603409, 0.246686, 0.758316, 0.291425, 0.402255, 0.915255, 0.022344, -0.0, 0.0, 0.0, 0.0, 1.0],
                [-0.988554, -0.150602, -0.009019, -0.02, -0.138272, 0.928294, -0.345182, 0.291425, 0.060357, -0.339983, -0.938493, -0.0, 0.0, 0.0, 0.0, 1.0],
                [-0.441283, 0.897328, -0.008511, -0.02, 0.788913, 0.383413, -0.48022, 0.060009, -0.427651, -0.218627, -0.877108, -0.154278, 0.0, 0.0, 0.0, 1.0],
                [-0.173649, 0.984808, -0.0, -0.02, 0.696364, 0.122788, -0.707107, -0.132839, -0.696364, -0.122789, -0.707106, -0.282843, 0.0, 0.0, 0.0, 1.0]
            ]
        },
        {
            "name": "Elbow_R",
            "time": [0.0, 0.1, 0.2, 0.2667, 0.3, 0.3333, 0.3667, 0.4, 0.8, 0.9, 1.0, 1.2, 1.3, 1.4, 1.7],
            "transform": [
                [-1.000003, -0.0, -0.0, -0.0, 1e-06, 0.087388, -0.996176, 0.329779, 0.0, -0.996177, -0.087388, -0.0, 0.0, 0.0, 0.0, 1.0],
                [-1.000003, -0.0, -0.0, 0.0, 0.0, -0.0, -1.000002, 0.329779, 0.0, -1.000003, 0.0, -0.0, 0.0, 0.0, 0.0, 1.0],
                [-1.000003, 0.0, -1e-06, -0.0, 1e-06, 0.0, -1.000001, 0.329779, 0.0, -1.000001, 0.0, 0.0, 0.0, 0.0, 0.0, 1.0],
                [-1.0, -0.0, -0.0, -0.0, 0.0, 0.0, -1.000002, 0.329779, 0.0, -1.000004, -0.0, 0.0, 0.0, 0.0, 0.0, 1.0],
                [-1.000001, -0.0, -0.0, 0.0, 0.0, 0.0, -1.000004, 0.329779, 0.0, -1.000002, -0.0, 0.0, 0.0, 0.0, 0.0, 1.0],
                [-1.000001, -0.0, -1e-06, -0.0, 0.0, 1e-06, -1.000004, 0.329779, 0.0, -1.000001, -1e-06, 0.0, 0.0, 0.0, 0.0, 1.0],
                [-1.000001, -0.0, -1e-06, 0.0, 1e-06, 0.0, -1.000003, 0.329779, 0.0, -1.000002, -1e-06, -0.0, 0.0, 0.0, 0.0, 1.0],
                [-1.000001, -0.0, -1e-06, -0.0, 1e-06, 0.0, -1.000003, 0.329779, -0.0, -1.000002, -0.0, -0.0, 0.0, 0.0, 0.0, 1.0],
                [-1.000002, -0.0, -0.0, -0.0, 0.0, 0.0, -1.000003, 0.329779, -0.0, -1.000002, -0.0, 0.0, 0.0, 0.0, 0.0, 1.0],
                [-1.000001, -0.0, -1e-06, 0.0, 0.0, 0.0, -1.000003, 0.329779, 0.0, -1.000002, -1e-06, -0.0, 0.0, 0.0, 0.0, 1.0],
                [-1.000002, -0.0, -0.0, -0.0, 1e-06, 0.0, -1.000003, 0.329779, 0.0, -1.000002, -0.0, 0.0, 0.0, 0.0, 0.0, 1.0],
                [-1.000002, -0.0, -0.0, -0.0, 0.0, 0.0, -1.000003, 0.329779, 0.0, -1.000001, 0.0, 0.0, 0.0, 0.0, 0.0, 1.0],
                [-1.000002, -0.0, -1e-06, 0.0, 1e-06, 0.0, -1.000002, 0.329779, 0.0, -1.000002, -0.0, 0.0, 0.0, 0.0, 0.0, 1.0],
                [-1.000001, -0.0, -0.0, 0.0, 0.0, 0.0, -1.000001, 0.329779, 0.0, -1.0, -0.0, -0.0, 0.0, 0.0, 0.0, 1.0],
                [-1.0, -0.0, -0.0, -0.0, 1e-06, 0.094577, -0.995518, 0.329779, 0.0, -0.995517, -0.094577, -0.0, 0.0, 0.0, 0.0, 1.0]
            ]
        },
        {
            "name": "Shoulder_L",
            "time": [0.0, 0.1, 0.2, 0.2667, 0.3, 0.3333, 0.3667, 0.4, 0.8, 0.9, 1.0, 1.2, 1.3, 1.4, 1.7],
            "transform": [
                [0.209893, -0.88952, -0.405832, -0.0, 0.074434, -0.399336, 0.913777, 0.4, -0.974887, -0.222003, -0.017607, 0.0, 0.0, 0.0, 0.0, 1.0],
                [0.203514, -0.890522, -0.40688, -0.0, 0.072291, -0.400775, 0.913319, 0.4, -0.9764, -0.215287, -0.017187, 0.0, 0.0, 0.0, 0.0, 1.0],
                [0.1163, -0.901179, -0.417552, 0.0, 0.041997, -0.415567, 0.908591, 0.4, -0.992326, -0.123205, -0.010484, -0.0, 0.0, 0.0, 0.0, 1.0],
                [0.37084, -0.855141, -0.362228, 0.0, 0.122255, -0.341693, 0.931824, 0.400001, -0.920614, -0.389842, -0.022168, 0.0, 0.0, 0.0, 0.0, 1.0],
                [0.355449, -0.924015, -0.140895, -0.0, 0.071835, -0.123288, 0.989767, 0.4, -0.93193, -0.361933, 0.022554, 0.0, 0.0, 0.0, 0.0, 1.0],
                [0.316747, -0.939848, -0.127887, 0.0, 0.061946, -0.114044, 0.991542, 0.400001, -0.946484, -0.321991, 0.022096, 0.0, 0.0, 0.0, 0.0, 1.0],
                [0.413794, -0.843988, -0.34126, -0.0, 0.131294, -0.315612, 0.939761, 0.4, -0.900852, -0.433673, -0.019788, 0.0, 0.0, 0.0, 0.0, 1.0],
                [0.305343, -0.87106, -0.384732, -0.0, 0.104643, -0.370887, 0.922764, 0.4, -0.946475, -0.322019, -0.022098, -0.0, 0.0, 0.0, 0.0, 1.0],
                [0.376137, -0.858464, -0.348656, -0.0, 0.120872, -0.327612, 0.937049, 0.4, -0.918646, -0.394602, -0.019462, 0.0, 0.0, 0.0, 0.0, 1.0],
                [0.17899, -0.936725, -0.300849, 0.0, 0.052208, -0.296313, 0.953662, 0.400001, -0.982465, -0.186402, -0.004132, 0.0, 0.0, 0.0, 0.0, 1.0],
                [-0.175634, -0.955988, -0.235031, -0.0, -0.044725, -0.230747, 0.971985, 0.400001, -0.98344, 0.181225, -0.00223, 0.0, 0.0, 0.0, 0.0, 1.0],
                [-0.187643, -0.971649, -0.143837, -0.0, -0.038516, -0.139047, 0.989536, 0.400001, -0.981482, 0.19122, -0.011333, 0.0, 0.0, 0.0, 0.0, 1.0],
                [-0.236333, -0.950569, -0.201405, 0.0, -0.055779, -0.193663, 0.979481, 0.4, -0.97007, 0.242718, -0.007253, 0.0, 0.0, 0.0, 0.0, 1.0],
                [-0.19796, -0.968318, -0.152222, 0.0, -0.041505, -0.146875, 0.988284, 0.4, -0.979331, 0.201958, -0.011115, 0.0, 0.0, 0.0, 0.0, 1.0],
                [-0.168651, -0.944082, -0.283313, 0.0, -0.047503, -0.279311, 0.959025, 0.400001, -0.98453, 0.175199, 0.00226, 0.0, 0.0, 0.0, 0.0, 1.0]
            ]
        },
        {
            "name": "Arm_L",
            "time": [0.0, 0.1, 0.2, 0.2667, 0.3, 0.3333, 0.3667, 0.4, 0.8, 0.9, 1.0, 1.2, 1.3, 1.4, 1.7],
            "transform": [
                [-0.459858, 0.805084, 0.374659, 1.5e-05, -0.79254, -0.18181, -0.582087, 0.388444, -0.400512, -0.564608, 0.721668, -0.000724, 0.0, 0.0, 0.0, 1.0],
                [0.036028, 0.762749, 0.645689, 1.3e-05, -0.881212, 0.328984, -0.339459, 0.388414, -0.471343, -0.556759, 0.683997, -0.000631, 0.0, 0.0, 0.0, 1.0],
                [0.568182, 0.39961, 0.719362, 9e-06, -0.734897, 0.63974, 0.225072, 0.388355, -0.370263, -0.656537, 0.657161, -0.000446, 0.0, 0.0, 0.0, 1.0],
                [0.869804, 0.412571, 0.270602, 6e-06, -0.432052, 0.90174, 0.013926, 0.388305, -0.238267, -0.129026, 0.96259, -0.000291, 0.0, 0.0, 0.0, 1.0],
                [0.573007, 0.818689, -0.037553, 6e-06, -0.753602, 0.508335, -0.416746, 0.388305, -0.322097, 0.267099, 0.908246, -0.000291, 0.0, 0.0, 0.0, 1.0],
