{
    "animation": [
        {
            "name": "Root",
            "time": [0.0, 0.1, 0.1333, 0.1667, 0.2, 0.2333, 0.2667, 0.3, 0.4, 0.6, 0.9, 1.1, 1.3, 1.5],
            "transform": [
                [-0.976677, 0.033806, 0.212038, -5e-06, 0.211009, -0.031584, 0.976974, 0.000946, 0.039724, 0.998929, 0.023714, 0.674836, 0.0, 0.0, 0.0, 1.0],
                [-0.037761, 0.06753, 0.997002, -5e-06, 0.848717, 0.528834, -0.003675, 0.400946, -0.527497, 0.846034, -0.077283, 0.428287, 0.0, 0.0, 0.0, 1.0],
                [0.629562, 0.002148, 0.776947, -5e-06, 0.65936, 0.527474, -0.535739, 0.639042, -0.41097, 0.849569, 0.330661, 0.41293, 0.0, 0.0, 0.0, 1.0],
                [0.851726, -0.025659, 0.523359, -5e-06, 0.452507, 0.53962, -0.709963, 0.758089, -0.264198, 0.841518, 0.471219, 0.405251, 0.0, 0.0, 0.0, 1.0],
                [0.926467, -0.008919, 0.37627, -5e-06, 0.330367, 0.49824, -0.801632, 0.871581, -0.180323, 0.866993, 0.46455, 0.520209, 0.0, 0.0, 0.0, 1.0],
                [0.991376, 0.000656, 0.131048, -5e-06, 0.118092, 0.429087, -0.89551, 0.941819, -0.056818, 0.903263, 0.425309, 0.524635, 0.0, 0.0, 0.0, 1.0],
                [0.992563, -0.009641, -0.121346, -5e-06, -0.109897, 0.357729, -0.927336, 0.912058, 0.052349, 0.933776, 0.35401, 0.529062, 0.0, 0.0, 0.0, 1.0],
                [0.903416, -0.049879, -0.425854, -5e-06, -0.398082, 0.271387, -0.876287, 0.839042, 0.159279, 0.961177, 0.225319, 0.590968, 0.0, 0.0, 0.0, 1.0],
                [0.300765, -1e-06, -0.953698, -5e-06, -0.933181, 0.206307, -0.294295, 0.962601, 0.196755, 0.978487, 0.062049, 0.619543, 0.0, 0.0, 0.0, 1.0],
                [-0.462182, 0.000624, -0.886785, -5e-06, -0.85815, 0.251755, 0.447435, 0.962601, 0.223532, 0.967791, -0.115821, 0.6881, 0.0, 0.0, 0.0, 1.0],
                [-0.648652, 0.099652, -0.754532, -5e-06, -0.731422, 0.192455, 0.654203, 0.962601, 0.210406, 0.976233, -0.051949, 0.6881, 0.0, 0.0, 0.0, 1.0],
                [-0.031009, 0.039466, -0.99874, -0.003103, -0.983472, 0.177129, 0.037534, 0.962601, 0.178387, 0.983396, 0.033321, 0.706645, 0.0, 0.0, 0.0, 1.0],
                [0.561074, 0.004328, -0.827754, -0.006202, -0.827035, 0.044933, -0.560352, 0.962601, 0.034769, 0.998981, 0.02879, 0.72519, 0.0, 0.0, 0.0, 1.0],
                [0.882948, -0.0, -0.469472, -0.0093, -0.469472, 0.0, -0.882948, 0.962601, 0.0, 1.0, -0.0, 0.743735, 0.0, 0.0, 0.0, 1.0]
            ]
        },
        {
            "name": "Thigh_R",
            "time": [0.0, 0.1, 0.1333, 0.1667, 0.2, 0.2667, 0.3, 0.4, 0.6, 0.9, 1.1, 1.3, 1.5],
            "transform": [
                [0.895432, -0.419889, 0.147943, 0.124994, -0.439981, -0.885349, 0.150195, -0.002831, 0.067917, -0.199582, -0.977517, -1.2e-05, 0.0, 0.0, 0.0, 1.0],
                [0.923314, 0.377136, -0.072432, 0.124994, 0.364502, -0.801252, 0.474464, -0.00283, 0.120902, -0.464484, -0.87728, -1.2e-05, 0.0, 0.0, 0.0, 1.0],
                [0.999249, 0.032057, 0.021394, 0.124994, 0.012733, -0.798524, 0.601813, -0.002831, 0.036376, -0.601093, -0.798339, -1.2e-05, 0.0, 0.0, 0.0, 1.0],
                [0.998623, -0.030957, 0.042162, 0.124994, -0.048195, -0.857796, 0.511708, -0.00283, 0.020326, -0.51304, -0.858113, -1.2e-05, 0.0, 0.0, 0.0, 1.0],
                [0.998904, -0.035689, 0.029998, 0.124994, -0.040077, -0.986073, 0.161356, -0.002831, 0.023822, -0.162382, -0.986431, -1.2e-05, 0.0, 0.0, 0.0, 1.0],
                [0.999123, 0.039998, 0.011879, 0.124994, 0.040518, -0.99805, -0.047321, -0.002831, 0.009963, 0.047761, -0.998802, -1.2e-05, 0.0, 0.0, 0.0, 1.0],
                [0.996708, 0.081007, -0.000786, 0.124994, 0.08101, -0.996611, 0.013864, -0.00283, 0.00034, -0.013882, -0.999898, -1.2e-05, 0.0, 0.0, 0.0, 1.0],
                [0.92385, 0.381393, 0.032234, 0.124994, 0.381631, -0.924312, -0.001338, -0.002831, 0.029284, 0.013538, -0.99948, -1.2e-05, 0.0, 0.0, 0.0, 1.0],
                [0.999999, 8.2e-05, 0.00129, 0.124994, -0.000246, -0.967622, 0.252399, -0.00283, 0.001269, -0.252398, -0.967623, -1.2e-05, 0.0, 0.0, 0.0, 1.0],
                [0.991044, -0.133311, 0.007691, 0.124994, -0.127577, -0.928266, 0.349349, -0.00283, -0.039432, -0.347201, -0.936961, -1.2e-05, 0.0, 0.0, 0.0, 1.0],
                [0.998451, -0.004104, 0.055474, 0.124994, -0.020854, -0.952158, 0.304889, -0.00283, 0.051568, -0.305573, -0.950771, -1.2e-05, 0.0, 0.0, 0.0, 1.0],
                [0.988795, 0.119569, 0.089369, 0.124994, 0.092878, -0.961467, 0.258752, -0.002831, 0.116864, -0.247552, -0.961801, -1.2e-05, 0.0, 0.0, 0.0, 1.0],
                [0.97933, 0.105601, 0.172511, 0.124994, 0.121894, -0.988745, -0.086733, -0.002831, 0.16141, 0.105969, -0.981182, -1.2e-05, 0.0, 0.0, 0.0, 1.0]
            ]
        },
        {
            "name": "Leg_R",
            "time": [0.0, 0.1, 0.1333, 0.1667, 0.2, 0.2667, 0.3, 0.4, 0.6, 0.9, 1.1, 1.3, 1.5],
            "transform": [
                [1.000003, 3e-06, 4e-06, 0.0, -4e-06, 0.952628, 0.304163, 0.37472, -3e-06, -0.304162, 0.952628, -0.0, 0.0, 0.0, 0.0, 1.0],
                [1.000007, -4e-06, 3e-06, -0.0, -4e-06, -0.405591, 0.914065, 0.37472, -3e-06, -0.914065, -0.405591, 0.0, 0.0, 0.0, 0.0, 1.0],
                [1.000008, -3e-06, 3e-06, 0.0, -4e-06, -0.183355, 0.983057, 0.37472, -2e-06, -0.983058, -0.183356, 0.0, 0.0, 0.0, 0.0, 1.0],
                [1.000009, -2e-06, 4e-06, -0.0, -4e-06, 0.020481, 0.999801, 0.37472, -3e-06, -0.999802, 0.020482, -0.0, 0.0, 0.0, 0.0, 1.0],
                [1.000009, 1e-06, 5e-06, 0.0, -4e-06, 0.687827, 0.725889, 0.37472, -2e-06, -0.725889, 0.687827, 0.0, 0.0, 0.0, 0.0, 1.0],
                [1.000007, 2e-06, 4e-06, 0.0, -4e-06, 0.813763, 0.58121, 0.37472, -2e-06, -0.58121, 0.813763, 0.0, 0.0, 0.0, 0.0, 1.0],
                [1.000006, 2e-06, 4e-06, 0.0, -4e-06, 0.836938, 0.54731, 0.37472, -3e-06, -0.547309, 0.836937, -0.0, 0.0, 0.0, 0.0, 1.0],
                [1.000001, 4e-06, 3e-06, 0.0, -4e-06, 0.999989, 0.004902, 0.37472, -2e-06, -0.004902, 0.999988, -0.0, 0.0, 0.0, 0.0, 1.0],
                [1.0, 4e-06, 3e-06, -0.0, -4e-06, 0.999986, 0.005315, 0.37472, -3e-06, -0.005315, 0.999986, -0.0, 0.0, 0.0, 0.0, 1.0],
                [1.000001, 4e-06, 3e-06, -0.0, -4e-06, 0.999985, 0.00552, 0.37472, -2e-06, -0.00552, 0.999985, -0.0, 0.0, 0.0, 0.0, 1.0],
                [1.000001, 3e-06, 3e-06, 0.0, -4e-06, 0.978431, 0.206581, 0.37472, -2e-06, -0.20658, 0.97843, -0.0, 0.0, 0.0, 0.0, 1.0],
                [1.000001, 3e-06, 4e-06, 0.0, -4e-06, 0.909562, 0.415572, 0.37472, -2e-06, -0.415571, 0.909561, -0.0, 0.0, 0.0, 0.0, 1.0],
                [1.000002, 4e-06, 3e-06, -0.0, -4e-06, 0.99999, 0.004928, 0.37472, -3e-06, -0.004927, 0.999988, -0.0, 0.0, 0.0, 0.0, 1.0]
            ]
        },
        {
            "name": "Knee_R",
            "time": [0.0, 0.1, 0.1333, 0.1667, 0.2, 0.2667, 0.3, 0.4, 0.6, 0.9, 1.1, 1.3, 1.5],
            "transform": [
                [1.0, 2e-06, -4e-06, -0.0, -4e-06, 3e-06, -1.0, 0.37472, -2e-06, 1.0, 3e-06, -0.0, 0.0, 0.0, 0.0, 1.0],
                [1.0, 2e-06, -4e-06, -0.0, -4e-06, 3e-06, -1.0, 0.37472, -2e-06, 1.0, 3e-06, 0.0, 0.0, 0.0, 0.0, 1.0],
                [1.0, 2e-06, -4e-06, 0.0, -4e-06, 3e-06, -1.0, 0.37472, -2e-06, 1.0, 3e-06, 0.0, 0.0, 0.0, 0.0, 1.0],
                [1.0, 2e-06, -4e-06, -0.0, -4e-06, 3e-06, -1.0, 0.37472, -2e-06, 1.0, 3e-06, 0.0, 0.0, 0.0, 0.0, 1.0],
                [1.0, 2e-06, -4e-06, -0.0, -4e-06, 3e-06, -1.0, 0.37472, -2e-06, 1.0, 3e-06, -0.0, 0.0, 0.0, 0.0, 1.0],
                [1.0, 2e-06, -4e-06, 0.0, -4e-06, 3e-06, -1.0, 0.37472, -2e-06, 1.0, 3e-06, -0.0, 0.0, 0.0, 0.0, 1.0],
                [1.0, 2e-06, -4e-06, -0.0, -4e-06, 3e-06, -1.0, 0.37472, -2e-06, 1.0, 3e-06, -0.0, 0.0, 0.0, 0.0, 1.0],
                [1.0, 2e-06, -4e-06, 0.0, -4e-06, 3e-06, -1.0, 0.37472, -2e-06, 1.0, 3e-06, -0.0, 0.0, 0.0, 0.0, 1.0],
                [1.0, 2e-06, -4e-06, -0.0, -4e-06, 3e-06, -1.0, 0.37472, -2e-06, 1.0, 3e-06, -0.0, 0.0, 0.0, 0.0, 1.0],
                [1.0, 2e-06, -4e-06, -0.0, -4e-06, 3e-06, -1.0, 0.37472, -2e-06, 1.0, 3e-06, 0.0, 0.0, 0.0, 0.0, 1.0],
                [1.0, 2e-06, -4e-06, -0.0, -4e-06, 3e-06, -1.0, 0.37472, -2e-06, 1.0, 3e-06, 0.0, 0.0, 0.0, 0.0, 1.0],
                [1.0, 2e-06, -4e-06, 0.0, -4e-06, 3e-06, -1.0, 0.37472, -2e-06, 1.0, 3e-06, 0.0, 0.0, 0.0, 0.0, 1.0],
                [1.0, 2e-06, -4e-06, 0.0, -4e-06, 3e-06, -1.0, 0.37472, -2e-06, 1.0, 3e-06, -0.0, 0.0, 0.0, 0.0, 1.0]
            ]
        },
        {
            "name": "Thigh_L",
            "time": [0.0, 0.1, 0.1333, 0.1667, 0.2, 0.2667, 0.3, 0.4, 0.6, 0.9, 1.1, 1.3, 1.5],
            "transform": [
                [0.968637, 0.24844, 0.004696, -0.125006, 0.226046, -0.888857, 0.398544, -0.00283, 0.103188, -0.384982, -0.917137, -1.2e-05, 0.0, 0.0, 0.0, 1.0],
                [0.972002, -0.200695, 0.122207, -0.125006, -0.23316, -0.888298, 0.395681, -0.00283, 0.029145, -0.413097, -0.910221, -1.2e-05, 0.0, 0.0, 0.0, 1.0],
                [0.950213, -0.308969, 0.04043, -0.125006, -0.308413, -0.951053, -0.0195, -0.002831, 0.044476, 0.006061, -0.998993, -1.2e-05, 0.0, 0.0, 0.0, 1.0],
                [0.976793, -0.195067, 0.088457, -0.125006, -0.212181, -0.937656, 0.275284, -0.00283, 0.029243, -0.287664, -0.957285, -1.2e-05, 0.0, 0.0, 0.0, 1.0],
                [0.996088, -0.074765, 0.047101, -0.125006, -0.087528, -0.907976, 0.409778, -0.00283, 0.012129, -0.412298, -0.910969, -1.2e-05, 0.0, 0.0, 0.0, 1.0],
                [0.998836, -0.033936, 0.034288, -0.125006, -0.048211, -0.727398, 0.684521, -0.002831, 0.001711, -0.685377, -0.728187, -1.2e-05, 0.0, 0.0, 0.0, 1.0],
                [0.966276, -0.152471, 0.207519, -0.125006, -0.256816, -0.511461, 0.820033, -0.00283, -0.018894, -0.845672, -0.53337, -1.2e-05, 0.0, 0.0, 0.0, 1.0],
                [0.989984, -0.139129, -0.023992, -0.125006, -0.112998, -0.882706, 0.456142, -0.00283, -0.084641, -0.448861, -0.889586, -1.2e-05, 0.0, 0.0, 0.0, 1.0],
                [0.997195, -0.000858, -0.074843, -0.125006, 0.004261, -0.997663, 0.068206, -0.00283, -0.074727, -0.068334, -0.994861, -1.2e-05, 0.0, 0.0, 0.0, 1.0],
                [0.994311, 0.053067, -0.092359, -0.125006, 0.064686, -0.989697, 0.127737, -0.00283, -0.084629, -0.132985, -0.987499, -1.2e-05, 0.0, 0.0, 0.0, 1.0],
                [0.993152, -0.052259, -0.104496, -0.125006, -0.033493, -0.984198, 0.173877, -0.00283, -0.111931, -0.169187, -0.979208, -1.2e-05, 0.0, 0.0, 0.0, 1.0],
                [0.983803, -0.017716, -0.178379, -0.125006, 0.000312, -0.994935, 0.100531, -0.002831, -0.179256, -0.098958, -0.978813, -1.2e-05, 0.0, 0.0, 0.0, 1.0],
                [0.968669, -0.086099, -0.232955, -0.125006, -0.050182, -0.986492, 0.155937, -0.002831, -0.243234, -0.139361, -0.959904, -1.2e-05, 0.0, 0.0, 0.0, 1.0]
            ]
        },
        {
            "name": "Leg_L",
            "time": [0.0, 0.1, 0.1333, 0.1667, 0.2, 0.2667, 0.3, 0.4, 0.6, 0.9, 1.1, 1.3, 1.5],
            "transform": [
                [0.999999, 1e-06, 1e-06, -0.0, -1e-06, 0.999986, 0.005239, 0.37472, -1e-06, -0.005239, 0.999986, 0.0, 0.0, 0.0, 0.0, 1.0],
                [1.0, 0.0, 1e-06, -0.0, -1e-06, 0.852297, 0.523056, 0.37472, -1e-06, -0.523057, 0.852297, 0.0, 0.0, 0.0, 0.0, 1.0],
                [0.999999, 1e-06, 1e-06, -0.0, -1e-06, 0.963148, 0.268969, 0.37472, -1e-06, -0.268969, 0.963148, 0.0, 0.0, 0.0, 0.0, 1.0],
                [0.999999, -0.0, 2e-06, 0.0, -1e-06, 0.564992, 0.825095, 0.37472, -1e-06, -0.825095, 0.564992, 0.0, 0.0, 0.0, 0.0, 1.0],
                [0.999999, -0.0, 2e-06, 0.0, -1e-06, 0.534078, 0.845434, 0.37472, -1e-06, -0.845434, 0.534078, -0.0, 0.0, 0.0, 0.0, 1.0],
                [0.999999, -1e-06, 1e-06, 0.0, -1e-06, 0.091795, 0.995777, 0.37472, -1e-06, -0.995777, 0.091795, 0.0, 0.0, 0.0, 0.0, 1.0],
                [0.999999, -1e-06, 1e-06, -0.0, -1e-06, 0.152905, 0.98824, 0.37472, -1e-06, -0.988239, 0.152905, -0.0, 0.0, 0.0, 0.0, 1.0],
                [0.999999, -1e-06, 2e-06, -0.0, -1e-06, 0.324722, 0.945808, 0.37472, -1e-06, -0.945808, 0.324722, 0.0, 0.0, 0.0, 0.0, 1.0],
                [0.999999, 0.0, 2e-06, 0.0, -1e-06, 0.713953, 0.700193, 0.37472, -1e-06, -0.700193, 0.713952, -0.0, 0.0, 0.0, 0.0, 1.0],
                [0.999999, 0.0, 2e-06, 0.0, -1e-06, 0.747906, 0.663803, 0.37472, -1e-06, -0.663804, 0.747906, 0.0, 0.0, 0.0, 0.0, 1.0],
                [0.999999, 0.0, 2e-06, 0.0, -1e-06, 0.776268, 0.630401, 0.37472, -1e-06, -0.630402, 0.776268, -0.0, 0.0, 0.0, 0.0, 1.0],
                [0.999999, 1e-06, 1e-06, -0.0, -1e-06, 0.893769, 0.448526, 0.37472, -1e-06, -0.448527, 0.893768, 0.0, 0.0, 0.0, 0.0, 1.0],
                [0.999999, 1e-06, 1e-06, 0.0, -1e-06, 0.965289, 0.261181, 0.37472, -1e-06, -0.261181, 0.965288, 0.0, 0.0, 0.0, 0.0, 1.0]
            ]
        },
        {
            "name": "Knee_L",
            "time": [0.0, 0.1, 0.1333, 0.1667, 0.2, 0.2667, 0.3, 0.4, 0.6, 0.9, 1.1, 1.3, 1.5],
            "transform": [
                [0.999997, 1e-06, -1e-06, -0.0, -2e-06, 0.002621, -0.999996, 0.37472, -1e-06, 0.999994, 0.002622, 0.0, 0.0, 0.0, 0.0, 1.0],
                [1.0, 1e-06, -1e-06, -0.0, -1e-06, 0.271757, -0.962366, 0.37472, -0.0, 0.962366, 0.271757, 0.0, 0.0, 0.0, 0.0, 1.0],
                [1.0, 0.0, -1e-06, -0.0, -1e-06, 0.135742, -0.990744, 0.37472, -0.0, 0.990745, 0.135742, 0.0, 0.0, 0.0, 0.0, 1.0],
                [1.0, 1e-06, -1e-06, -0.0, -1e-06, 0.466374, -0.884587, 0.37472, -0.0, 0.884588, 0.466374, 0.0, 0.0, 0.0, 0.0, 1.0],
                [1.0, 1e-06, -1e-06, 0.0, -1e-06, 0.482661, -0.875807, 0.37472, -0.0, 0.875807, 0.482661, -0.0, 0.0, 0.0, 0.0, 1.0],
                [1.0, 1e-06, -1e-06, -0.0, -1e-06, 0.673872, -0.738848, 0.37472, -0.0, 0.738848, 0.673872, 0.0, 0.0, 0.0, 0.0, 1.0],
                [1.0, 1e-06, -1e-06, -0.0, -1e-06, 0.650806, -0.759244, 0.37472, -0.0, 0.759244, 0.650806, -0.0, 0.0, 0.0, 0.0, 1.0],
                [1.0, 1e-06, -1e-06, 0.0, -1e-06, 0.581068, -0.813855, 0.37472, -0.0, 0.813855, 0.581068, -0.0, 0.0, 0.0, 0.0, 1.0],
                [1.0, 1e-06, -1e-06, 0.0, -1e-06, 0.378186, -0.92573, 0.37472, -1e-06, 0.92573, 0.378186, 0.0, 0.0, 0.0, 0.0, 1.0],
                [1.0, 1e-06, -1e-06, 0.0, -1e-06, 0.355032, -0.934854, 0.37472, -1e-06, 0.934855, 0.355032, 0.0, 0.0, 0.0, 0.0, 1.0],
                [1.0, 1e-06, -1e-06, 0.0, -1e-06, 0.334464, -0.942409, 0.37472, -0.0, 0.942408, 0.334464, -0.0, 0.0, 0.0, 0.0, 1.0],
                [1.0, 1e-06, -1e-06, -0.0, -1e-06, 0.230469, -0.97308, 0.37472, -0.0, 0.97308, 0.230469, 0.0, 0.0, 0.0, 0.0, 1.0],
                [1.0, 1e-06, -1e-06, -0.0, -1e-06, 0.13174, -0.991284, 0.37472, -1e-06, 0.991284, 0.13174, 0.0, 0.0, 0.0, 0.0, 1.0]
            ]
        },
        {
            "name": "Torso",
            "time": [0.0, 0.1, 0.1333, 0.1667, 0.2, 0.2667, 0.3, 0.4, 0.6, 0.9, 1.1, 1.3, 1.5],
            "transform": [
                [0.997506, -0.035221, -0.061176, 0.0, 0.029055, 0.994672, -0.098912, 0.05, 0.064333, 0.096888, 0.993214, 0.0, 0.0, 0.0, 0.0, 1.0],
                [0.999307, 0.005296, -0.03685, 0.0, -0.006618, 0.999336, -0.035829, 0.05, 0.036636, 0.036048, 0.998678, -0.0, 0.0, 0.0, 0.0, 1.0],
                [0.999854, 0.01141, -0.012699, 0.0, -0.012383, 0.996765, -0.079409, 0.05, 0.011751, 0.079554, 0.996761, -0.0, 0.0, 0.0, 0.0, 1.0],
                [0.999889, 0.014851, -0.000753, -0.0, -0.014851, 0.994761, -0.101144, 0.05, -0.000753, 0.101144, 0.994871, -0.0, 0.0, 0.0, 0.0, 1.0],
                [0.999978, -0.006599, 0.000236, -0.0, 0.006599, 0.997411, -0.071616, 0.05, 0.000237, 0.071616, 0.997432, -0.0, 0.0, 0.0, 0.0, 1.0],
                [0.994579, -0.103093, -0.013605, -0.0, 0.103274, 0.994563, 0.013369, 0.05, 0.012153, -0.014701, 0.999818, -0.0, 0.0, 0.0, 0.0, 1.0],
                [0.993509, -0.113672, -0.004374, -0.0, 0.113672, 0.990562, 0.076592, 0.05, -0.004373, -0.076592, 0.997053, 0.0, 0.0, 0.0, 0.0, 1.0],
                [0.994276, -0.099799, 0.038167, 0.0, 0.10265, 0.991335, -0.081969, 0.05, -0.029656, 0.085417, 0.995904, -0.0, 0.0, 0.0, 0.0, 1.0],
                [0.99992, 0.012606, -0.000973, 0.0, -0.012606, 0.988094, -0.153334, 0.05, -0.000972, 0.153334, 0.988174, -0.0, 0.0, 0.0, 0.0, 1.0],
                [0.99992, 0.012606, -0.000972, 0.0, -0.012606, 0.988094, -0.153334, 0.05, -0.000972, 0.153334, 0.988174, -0.0, 0.0, 0.0, 0.0, 1.0],
                [0.999183, -0.00774, -0.039666, -0.0, 0.003846, 0.995244, -0.097344, 0.05, 0.04023, 0.097111, 0.99446, -0.0, 0.0, 0.0, 0.0, 1.0],
                [0.996505, -0.025865, -0.079426, 0.0, 0.022606, 0.998876, -0.041662, 0.05, 0.080415, 0.039721, 0.99597, -0.0, 0.0, 0.0, 0.0, 1.0],
                [0.991907, -0.041629, -0.119948, -0.0, 0.043531, 0.998964, 0.013283, 0.05, 0.119271, -0.018397, 0.992691, -0.0, 0.0, 0.0, 0.0, 1.0]
            ]
        },
        {
            "name": "Chest",
            "time": [0.0, 0.1, 0.1333, 0.1667, 0.2, 0.2667, 0.3, 0.4, 0.6, 0.9, 1.1, 1.3, 1.5],
            "transform": [
                [0.065903, -0.074954, 0.995007, 0.0, 0.035331, 0.996725, 0.072743, 0.3, -0.9972, 0.03036, 0.068335, -0.0, 0.0, 0.0, 0.0, 1.0],
                [-0.193255, -0.167945, 0.966668, -0.0, 0.102666, 0.976371, 0.190155, 0.3, -0.975763, 0.135992, -0.171446, 0.0, 0.0, 0.0, 0.0, 1.0],
                [0.433979, -0.305626, 0.847499, -0.0, 0.321369, 0.931333, 0.171295, 0.3, -0.841656, 0.198021, 0.502398, 0.0, 0.0, 0.0, 0.0, 1.0],
                [0.659766, -0.254051, 0.707225, -0.0, 0.373023, 0.927705, -0.014738, 0.3, -0.652352, 0.273535, 0.706835, -0.0, 0.0, 0.0, 0.0, 1.0],
                [0.7852, -0.117219, 0.608048, 0.0, 0.254813, 0.956097, -0.144737, 0.3, -0.564387, 0.268586, 0.780596, 0.0, 0.0, 0.0, 0.0, 1.0],
                [0.993829, -0.042055, 0.10264, 0.0, 0.061675, 0.978623, -0.196199, 0.3, -0.092195, 0.201318, 0.975177, 0.0, 0.0, 0.0, 0.0, 1.0],
                [0.970623, 0.008809, -0.240443, 0.0, -0.073596, 0.962302, -0.261837, 0.3, 0.229072, 0.271841, 0.934681, -0.0, 0.0, 0.0, 0.0, 1.0],
                [0.219524, -0.037867, -0.974872, -0.0, 0.025515, 0.999127, -0.033064, 0.3, 0.975273, -0.017616, 0.220299, -0.0, 0.0, 0.0, 0.0, 1.0],
                [0.69951, 0.002306, -0.714619, -0.0, -0.007016, 0.999969, -0.00364, 0.3, 0.714588, 0.00756, 0.699505, 0.0, 0.0, 0.0, 0.0, 1.0],
                [0.69951, 0.002306, -0.714619, -0.0, -0.007016, 0.999969, -0.00364, 0.3, 0.714588, 0.00756, 0.699505, -0.0, 0.0, 0.0, 0.0, 1.0],
                [0.759721, -0.000262, -0.65025, -0.0, -0.010707, 0.999859, -0.012913, 0.3, 0.650162, 0.016773, 0.759611, -0.0, 0.0, 0.0, 0.0, 1.0],
                [0.814138, -0.002012, -0.580667, -0.0, -0.013572, 0.999655, -0.022492, 0.3, 0.580512, 0.026192, 0.81383, -0.0, 0.0, 0.0, 0.0, 1.0],
                [0.862121, -0.002923, -0.506694, -0.0, -0.015575, 0.999358, -0.032265, 0.3, 0.506463, 0.035709, 0.861522, 0.0, 0.0, 0.0, 0.0, 1.0]
            ]
        },
        {
            "name": "Head",
            "time": [0.0, 0.1, 0.1333, 0.1667, 0.2, 0.2333, 0.2667, 0.3, 0.4, 0.6, 0.9, 1.1, 1.3, 1.5],
            "transform": [
                [-0.369627, 0.271957, -0.888491, 0.0, 0.050096, 0.960651, 0.273204, 0.400001, 0.927829, 0.056474, -0.368706, 0.0, 0.0, 0.0, 0.0, 1.0],
                [-0.385992, 0.380327, -0.840453, -0.0, 0.350767, 0.903138, 0.247597, 0.4, 0.853213, -0.199233, -0.48201, -0.0, 0.0, 0.0, 0.0, 1.0],
                [0.073301, 0.163073, -0.983887, -0.0, 0.076022, 0.982757, 0.16855, 0.4, 0.994408, -0.087152, 0.05964, 0.0, 0.0, 0.0, 0.0, 1.0],
                [0.33824, -0.053139, -0.939558, 0.0, -0.01884, 0.997822, -0.063216, 0.4, 0.940871, 0.039083, 0.336502, 0.0, 0.0, 0.0, 0.0, 1.0],
                [0.591541, -0.074983, -0.802781, -0.0, 0.02067, 0.996749, -0.077869, 0.4, 0.80601, 0.029469, 0.591168, -0.0, 0.0, 0.0, 0.0, 1.0],
                [0.894687, 0.054245, -0.443388, -0.0, -0.092283, 0.993632, -0.064649, 0.4, 0.437058, 0.098757, 0.893995, 0.0, 0.0, 0.0, 0.0, 1.0],
                [0.984583, 0.171704, 0.033378, -0.0, -0.169318, 0.983446, -0.064537, 0.4, -0.043907, 0.05789, 0.997357, -0.0, 0.0, 0.0, 0.0, 1.0],
                [0.777238, 0.155902, 0.609586, -0.0, -0.224643, 0.973723, 0.037395, 0.400001, -0.587738, -0.166004, 0.791837, 0.0, 0.0, 0.0, 0.0, 1.0],
                [-0.555408, -0.092762, 0.826388, 0.0, -0.291391, 0.952462, -0.088928, 0.4, -0.778853, -0.290193, -0.556035, -0.0, 0.0, 0.0, 0.0, 1.0],
                [-0.433638, -0.256328, 0.86386, 0.0, -0.386946, 0.918765, 0.078381, 0.4, -0.813775, -0.300278, -0.497597, 0.0, 0.0, 0.0, 0.0, 1.0],
                [-0.642726, -0.209088, 0.737011, 0.0, -0.290365, 0.956743, 0.018207, 0.400001, -0.708937, -0.2023, -0.675635, -0.0, 0.0, 0.0, 0.0, 1.0],
                [-0.244768, -0.067809, 0.967208, -0.0, -0.204123, 0.978798, 0.016964, 0.400001, -0.947851, -0.193277, -0.25342, 0.0, 0.0, 0.0, 0.0, 1.0],
                [0.199827, -0.068483, 0.977435, -0.0, -0.086151, 0.992463, 0.087149, 0.4, -0.976037, -0.101621, 0.192421, -0.0, 0.0, 0.0, 0.0, 1.0],
                [0.510053, -0.039893, 0.859217, -0.0, -0.027636, 0.997648, 0.062726, 0.400001, -0.859699, -0.055739, 0.507751, 0.0, 0.0, 0.0, 0.0, 1.0]
            ]
        },
        {
            "name": "Shoulder_R",
            "time": [0.0, 0.1, 0.1333, 0.1667, 0.2, 0.2667, 0.3, 0.4, 0.6, 0.9, 1.1, 1.3, 1.5],
            "transform": [
                [-0.071463, 0.974705, 0.211761, 0.0, 0.017295, -0.211061, 0.97732, 0.400001, 0.997293, 0.073505, -0.001774, 0.0, 0.0, 0.0, 0.0, 1.0],
                [0.237022, 0.884921, 0.400915, -0.0, -0.083406, -0.392615, 0.915913, 0.4, 0.967917, -0.25053, -0.01925, -0.0, 0.0, 0.0, 0.0, 1.0],
                [0.213763, 0.888896, 0.405177, -0.0, -0.075731, -0.398436, 0.914064, 0.4, 0.973945, -0.226077, -0.017853, -0.0, 0.0, 0.0, 0.0, 1.0],
                [0.309621, 0.87009, 0.383506, -0.0, -0.105895, -0.369263, 0.923272, 0.4, 0.944944, -0.326476, -0.022194, 0.0, 0.0, 0.0, 0.0, 1.0],
                [0.482997, 0.836609, 0.258452, -0.0, -0.12928, -0.223795, 0.966024, 0.4, 0.866025, -0.499999, 6.4e-05, -0.0, 0.0, 0.0, 0.0, 1.0],
                [0.027552, 0.995803, 0.087277, -0.0, -0.00486, -0.087176, 0.996182, 0.4, 0.999608, -0.027871, 0.002438, -0.0, 0.0, 0.0, 0.0, 1.0],
                [0.076432, 0.993085, 0.089106, 0.0, -0.013541, -0.088325, 0.996, 0.400001, 0.996983, -0.077332, 0.006696, -0.0, 0.0, 0.0, 0.0, 1.0],
                [0.430402, 0.839815, 0.330856, -0.0, -0.133897, -0.303086, 0.94351, 0.4, 0.892651, -0.450388, -0.018, -0.0, 0.0, 0.0, 0.0, 1.0],
                [0.377893, 0.853321, 0.359221, 0.0, -0.123917, -0.337884, 0.932995, 0.4, 0.917519, -0.397086, -0.021943, 0.0, 0.0, 0.0, 0.0, 1.0],
                [0.293586, 0.873667, 0.38796, -0.0, -0.101158, -0.375171, 0.92142, 0.400001, 0.950565, -0.309761, -0.021767, -0.0, 0.0, 0.0, 0.0, 1.0],
                [0.132043, 0.89968, 0.4161, -0.0, -0.04758, -0.413539, 0.909243, 0.4, 0.990101, -0.139857, -0.011799, 0.0, 0.0, 0.0, 0.0, 1.0],
                [0.127032, 0.900178, 0.416584, -0.0, -0.045808, -0.414214, 0.909027, 0.4, 0.990841, -0.134558, -0.011383, -0.0, 0.0, 0.0, 0.0, 1.0],
                [-0.007523, 0.953213, 0.302206, -0.0, 0.002196, -0.302198, 0.953243, 0.400001, 0.999969, 0.007835, 0.000181, 0.0, 0.0, 0.0, 0.0, 1.0]
            ]
        },
        {
            "name": "Arm_R",
            "time": [0.0, 0.1, 0.1333, 0.1667, 0.2, 0.2667, 0.3, 0.4, 0.6, 0.9, 1.1, 1.3, 1.5],
            "transform": [
                [0.028033, -0.993183, -0.113139, -1.9e-05, 0.160718, 0.116189, -0.980137, 0.388503, 0.986602, 0.009293, 0.16288, -0.00091, 0.0, 0.0, 0.0, 1.0],
                [-0.074357, -0.923192, -0.377075, -1.9e-05, 0.479518, 0.298437, -0.825223, 0.388502, 0.874374, -0.242176, 0.420499, -0.00091, 0.0, 0.0, 0.0, 1.0],
                [-0.482113, -0.755846, 0.443014, -1.9e-05, -0.19409, -0.400951, -0.895302, 0.388503, 0.854338, -0.517622, 0.046602, -0.00091, 0.0, 0.0, 0.0, 1.0],
                [-0.329421, -0.924385, 0.192335, -1.9e-05, -0.332003, -0.077291, -0.940106, 0.388503, 0.883886, -0.373547, -0.281438, -0.00091, 0.0, 0.0, 0.0, 1.0],
                [-0.215696, -0.867993, -0.447281, -1.9e-05, -0.371319, 0.496564, -0.784567, 0.388502, 0.903103, -0.003144, -0.429411, -0.00091, 0.0, 0.0, 0.0, 1.0],
                [0.249047, -0.042636, -0.967552, -1.9e-05, -0.241763, 0.964664, -0.104739, 0.388503, 0.937829, 0.260004, 0.229941, -0.00091, 0.0, 0.0, 0.0, 1.0],
                [0.063896, -0.056411, -0.99636, -2e-05, -0.106523, 0.99231, -0.063013, 0.388502, 0.992253, 0.110162, 0.057396, -0.00091, 0.0, 0.0, 0.0, 1.0],
                [-0.114092, -0.901518, -0.417429, -1.9e-05, 0.112604, 0.40573, -0.90703, 0.388503, 0.987068, -0.150488, 0.055223, -0.00091, 0.0, 0.0, 0.0, 1.0],
                [-0.30071, -0.801307, -0.517182, -1.9e-05, -0.069814, 0.559321, -0.826005, 0.388502, 0.951155, -0.212281, -0.224138, -0.00091, 0.0, 0.0, 0.0, 1.0],
                [-0.187735, -0.763168, -0.618327, -1.9e-05, 0.306673, 0.552506, -0.77504, 0.388503, 0.933115, -0.335126, 0.130319, -0.00091, 0.0, 0.0, 0.0, 1.0],
                [0.310773, -0.305778, -0.899954, -1.9e-05, 0.449906, 0.881372, -0.144102, 0.388502, 0.837259, -0.360113, 0.41148, -0.00091, 0.0, 0.0, 0.0, 1.0],
                [0.396113, -0.484551, -0.779938, -1.9e-05, 0.77117, 0.636616, -0.003849, 0.388503, 0.498387, -0.59994, 0.625844, -0.00091, 0.0, 0.0, 0.0, 1.0],
                [0.113818, -0.148295, -0.982372, -1.9e-05, 0.801983, 0.59734, 0.002746, 0.388503, 0.586403, -0.788158, 0.186918, -0.00091, 0.0, 0.0, 0.0, 1.0]
            ]
        },
        {
            "name": "Hand_R",
            "time": [0.0, 0.1, 0.1333, 0.1667, 0.2, 0.2667, 0.3, 0.4, 0.6, 0.9, 1.1, 1.3, 1.5],
            "transform": [
                [1.0, 0.0, 0.0, -0.0, -1e-06, 0.978298, -0.207203, 0.329779, -1e-06, 0.207203, 0.978298, 0.0, 0.0, 0.0, 0.0, 1.0],
                [1.000001, 0.0, 0.0, 0.0, -0.0, 0.997302, -0.073415, 0.329779, -0.0, 0.073415, 0.997303, 0.0, 0.0, 0.0, 0.0, 1.0],
                [1.000001, 0.0, 1e-06, -0.0, -0.0, 1.000001, -0.0, 0.329779, -0.0, 0.0, 1.000001, -0.0, 0.0, 0.0, 0.0, 1.0],
                [1.0, 0.0, 0.0, -0.0, -0.0, 1.0, -0.0, 0.329779, -0.0, 0.0, 1.0, 0.0, 0.0, 0.0, 0.0, 1.0],
                [1.000001, 0.0, 0.0, -0.0, -0.0, 1.000001, -0.0, 0.329779, -0.0, 0.0, 1.0, 0.0, 0.0, 0.0, 0.0, 1.0],
                [1.000001, 0.0, 0.0, 0.0, -0.0, 1.000001, -0.0, 0.329779, -0.0, 0.0, 1.0, -0.0, 0.0, 0.0, 0.0, 1.0],
                [1.000002, 0.0, 0.0, -0.0, -0.0, 1.000002, -0.0, 0.329779, -0.0, 0.0, 1.0, -0.0, 0.0, 0.0, 0.0, 1.0],
                [1.0, 0.0, 0.0, -0.0, -0.0, 1.000001, -0.0, 0.329779, -0.0, 0.0, 1.0, 0.0, 0.0, 0.0, 0.0, 1.0],
                [1.000001, 0.0, 1e-06, -0.0, -0.0, 1.000001, -0.0, 0.329779, -0.0, 0.0, 1.0, 0.0, 0.0, 0.0, 0.0, 1.0],
                [1.000001, 0.0, 0.0, 0.0, -0.0, 1.000001, -0.0, 0.329779, -1e-06, 0.0, 1.0, -0.0, 0.0, 0.0, 0.0, 1.0],
                [1.000001, 0.0, 1e-06, 0.0, -0.0, 1.000001, -0.0, 0.329779, -0.0, 0.0, 1.000001, 0.0, 0.0, 0.0, 0.0, 1.0],
                [1.000001, 0.0, 0.0, 0.0, -0.0, 1.0, -0.0, 0.329779, -0.0, 0.0, 1.0, -0.0, 0.0, 0.0, 0.0, 1.0],
                [1.0, 1e-06, 0.0, 0.0, -0.0, 0.982948, -0.183885, 0.329779, -0.0, 0.183884, 0.982948, -0.0, 0.0, 0.0, 0.0, 1.0]
            ]
        },
        {
            "name": "Tool_R",
            "time": [0.0, 0.1, 0.1333, 0.1667, 0.2, 0.2667, 0.3, 0.4, 0.6, 0.9, 1.1, 1.3, 1.5],
            "transform": [
                [1.0, 0.0, 0.0, -0.02, 0.0, -1.0, 0.0, 0.291425, 0.0, -0.0, -1.000001, 0.0, 0.0, 0.0, 0.0, 1.0],
                [1.000001, 2e-06, 0.0, -0.02, 2e-06, -0.984228, -0.176903, 0.291425, 0.0, 0.176903, -0.984229, -0.0, 0.0, 0.0, 0.0, 1.0],
                [1.0, 0.0, -0.0, -0.02, -0.0, -0.788119, -0.615523, 0.657257, -0.0, 0.615523, -0.78812, 0.429868, 0.0, 0.0, 0.0, 1.0],
                [1.000001, -0.0, -0.0, -0.02, -0.0, -0.998913, -0.046616, 0.382366, 0.0, 0.046616, -0.998913, 1.182595, 0.0, 0.0, 0.0, 1.0],
                [0.973188, 0.17691, 0.146998, -0.149932, 0.092935, -0.887031, 0.45226, -0.262207, 0.210401, -0.426473, -0.879689, 1.090156, 0.0, 0.0, 0.0, 1.0],
                [0.995462, 0.044292, 0.084218, -0.071973, 0.068871, -0.946096, -0.316482, 0.54139, 0.065661, 0.320846, -0.944853, 0.793697, 0.0, 0.0, 0.0, 1.0],
                [1.0, 0.0, 0.0, -0.02, 0.0, -0.616849, -0.787082, 1.077121, -0.0, 0.787082, -0.61685, 0.596057, 0.0, 0.0, 0.0, 1.0],
                [1.0, 0.0, -0.0, -0.02, -0.0, -0.289019, -0.957324, 0.779749, -0.0, 0.957323, -0.289019, 0.147426, 0.0, 0.0, 0.0, 1.0],
                [1.000001, 0.0, -0.0, -0.02, -0.0, -0.289019, -0.957324, 0.291425, -0.0, 0.957324, -0.289019, 0.0, 0.0, 0.0, 0.0, 1.0],
                [1.0, 0.0, -0.0, -0.02, -0.0, -0.278559, -0.96042, 0.291425, -0.0, 0.960419, -0.278559, 0.0, 0.0, 0.0, 0.0, 1.0],
                [0.953717, 0.299139, -0.030658, -0.02, 0.064002, -0.301547, -0.951301, 0.230816, -0.293816, 0.905309, -0.306736, -0.040406, 0.0, 0.0, 0.0, 1.0],
                [0.804461, 0.589614, -0.072098, -0.02, 0.137748, -0.303239, -0.942907, 0.170207, -0.577813, 0.7486, -0.325162, -0.080812, 0.0, 0.0, 0.0, 1.0],
                [-0.173648, 0.984808, -0.0, -0.02, 0.696365, 0.122788, -0.707107, -0.132839, -0.696364, -0.122788, -0.707107, -0.282843, 0.0, 0.0, 0.0, 1.0]
            ]
        },
        {
            "name": "Elbow_R",
            "time": [0.0, 0.1, 0.1333, 0.1667, 0.2, 0.2667, 0.3, 0.4, 0.6, 0.9, 1.1, 1.3, 1.5],
            "transform": [
                [-1.0, 0.0, -1e-06, 0.0, 1e-06, 0.104168, -0.99456, 0.329779, -0.0, -0.994561, -0.104168, -0.0, 0.0, 0.0, 0.0, 1.0],
                [-1.000002, -0.0, -0.0, -0.0, 1e-06, 0.036732, -0.999326, 0.329779, 0.0, -0.999327, -0.036732, 0.0, 0.0, 0.0, 0.0, 1.0],
                [-1.000001, -0.0, -1e-06, 0.0, 1e-06, 0.0, -1.000002, 0.329779, 0.0, -1.000001, -0.0, -0.0, 0.0, 0.0, 0.0, 1.0],
                [-1.000001, -0.0, -1e-06, -0.0, 0.0, 0.0, -1.000001, 0.329779, 0.0, -1.000001, -0.0, 0.0, 0.0, 0.0, 0.0, 1.0],
                [-1.000001, -0.0, -1e-06, -0.0, 1e-06, 0.0, -1.000001, 0.329779, 0.0, -1.000001, -0.0, 0.0, 0.0, 0.0, 0.0, 1.0],
                [-1.000002, -2e-06, -1e-06, 0.0, 1e-06, -1e-06, -1.000002, 0.329779, 2e-06, -1.0, 1e-06, -0.0, 0.0, 0.0, 0.0, 1.0],
                [-1.000002, -0.0, -0.0, -0.0, 0.0, 0.0, -1.000002, 0.329779, 0.0, -1.000001, -1e-06, -0.0, 0.0, 0.0, 0.0, 1.0],
                [-1.000001, -0.0, -1e-06, 0.0, 0.0, 0.0, -1.000001, 0.329779, 0.0, -0.999999, -0.0, 0.0, 0.0, 0.0, 0.0, 1.0],
                [-1.000001, -0.0, -1e-06, -0.0, 0.0, 0.0, -1.000001, 0.329779, 0.0, -1.000001, -0.0, -0.0, 0.0, 0.0, 0.0, 1.0],
                [-1.0, -0.0, -1e-06, 0.0, 1e-06, 0.0, -1.000001, 0.329779, 0.0, -1.0, -0.0, -0.0, 0.0, 0.0, 0.0, 1.0],
                [-1.000001, -0.0, -0.0, 0.0, 0.0, -0.0, -1.000001, 0.329779, 0.0, -1.000001, -0.0, 0.0, 0.0, 0.0, 0.0, 1.0],
                [-1.0, 0.0, -0.0, 0.0, 0.0, 0.0, -1.000001, 0.329779, 0.0, -1.0, -0.0, -0.0, 0.0, 0.0, 0.0, 1.0],
                [-1.0, -0.0, -1e-06, 0.0, 0.0, 0.092337, -0.995728, 0.329779, -0.0, -0.995728, -0.092337, 0.0, 0.0, 0.0, 0.0, 1.0]
            ]
        },
        {
            "name": "Shoulder_L",
            "time": [0.0, 0.1, 0.1333, 0.1667, 0.2, 0.2667, 0.3, 0.4, 0.6, 0.9, 1.1, 1.3, 1.5],
            "transform": [
                [0.457936, -0.8339, -0.308064, 0.0, 0.136197, -0.276633, 0.951275, 0.400001, -0.878491, -0.47758, -0.013106, 0.0, 0.0, 0.0, 0.0, 1.0],
                [0.44402, -0.83664, -0.320747, -0.0, 0.135442, -0.291186, 0.94703, 0.4, -0.885721, -0.463943, -0.015976, -0.0, 0.0, 0.0, 0.0, 1.0],
                [0.328506, -0.916354, -0.228859, -0.0, 0.082417, -0.213571, 0.973445, 0.4, -0.940899, -0.338644, 0.005364, -0.0, 0.0, 0.0, 0.0, 1.0],
                [0.175839, -0.947002, -0.268823, -0.0, 0.048088, -0.264489, 0.963189, 0.4, -0.983244, -0.182293, -0.000967, 0.0, 0.0, 0.0, 0.0, 1.0],
                [0.13406, -0.899475, -0.415899, -0.0, 0.048288, -0.413259, 0.909332, 0.4, -0.989796, -0.141988, -0.011968, -0.0, 0.0, 0.0, 0.0, 1.0],
                [0.286251, -0.883508, -0.370776, -0.0, 0.095556, -0.358716, 0.928543, 0.4, -0.953379, -0.301225, -0.018258, -0.0, 0.0, 0.0, 0.0, 1.0],
                [0.346991, -0.878343, -0.328803, 0.0, 0.107206, -0.311141, 0.944298, 0.400001, -0.931721, -0.362912, -0.0138, -0.0, 0.0, 0.0, 0.0, 1.0],
                [0.073061, -0.978671, -0.192002, -0.0, 0.016904, -0.191273, 0.981391, 0.4, -0.997184, -0.074947, 0.002569, -0.0, 0.0, 0.0, 0.0, 1.0],
                [-0.075356, -0.989101, -0.126494, 0.0, -0.014817, -0.12573, 0.991954, 0.4, -0.997047, 0.076624, -0.005181, 0.0, 0.0, 0.0, 0.0, 1.0],
                [0.026939, -0.995821, -0.087265, -0.0, 0.004749, -0.087168, 0.996183, 0.400001, -0.999626, -0.027251, 0.002381, -0.0, 0.0, 0.0, 0.0, 1.0],
                [-0.129105, -0.98539, -0.111077, -0.0, -0.024315, -0.108835, 0.993762, 0.4, -0.991333, 0.131001, -0.009909, 0.0, 0.0, 0.0, 0.0, 1.0],
                [-0.158518, -0.979413, -0.124993, -0.0, -0.030986, -0.121597, 0.992096, 0.4, -0.98687, 0.161139, -0.011073, -0.0, 0.0, 0.0, 0.0, 1.0],
                [-0.173706, -0.943893, -0.280878, -0.0, -0.048688, -0.276633, 0.959741, 0.400001, -0.983593, 0.180388, 0.002097, 0.0, 0.0, 0.0, 0.0, 1.0]
            ]
        },
        {
            "name": "Arm_L",
            "time": [0.0, 0.1, 0.1333, 0.1667, 0.2, 0.2333, 0.2667, 0.3, 0.4, 0.6, 0.9, 1.1, 1.3, 1.5],
            "transform": [
                [-0.125823, 0.991978, 0.012365, 1.9e-05, -0.646181, -0.072492, -0.759733, 0.388503, -0.752739, -0.10358, 0.650119, -0.000909, 0.0, 0.0, 0.0, 1.0],
                [0.315268, 0.892022, 0.323885, 1.9e-05, -0.597151, 0.451723, -0.662839, 0.388503, -0.737574, 0.015564, 0.675088, -0.000909, 0.0, 0.0, 0.0, 1.0],
                [0.820706, 0.008446, 0.571288, 1.9e-05, -0.009225, 0.999957, -0.001532, 0.388503, -0.571275, -0.004011, 0.820749, -0.000909, 0.0, 0.0, 0.0, 1.0],
                [0.9569, 0.008214, 0.290301, 1.9e-05, -0.008188, 0.999965, -0.001305, 0.388503, -0.290302, -0.001128, 0.956934, -0.000909, 0.0, 0.0, 0.0, 1.0],
                [0.948545, 0.11422, 0.29532, 1.9e-05, -0.155937, 0.980237, 0.121734, 0.388503, -0.275579, -0.161521, 0.947611, -0.000909, 0.0, 0.0, 0.0, 1.0],
                [0.626101, 0.776119, 0.075078, 1.9e-05, -0.77634, 0.629458, -0.03286, 0.388503, -0.072762, -0.037711, 0.996636, -0.000909, 0.0, 0.0, 0.0, 1.0],
                [-0.346319, 0.877048, 0.332941, 1.9e-05, -0.125083, 0.308565, -0.942943, 0.388503, -0.92974, -0.368204, 0.002842, -0.000909, 0.0, 0.0, 0.0, 1.0],
                [-0.364134, 0.895883, 0.254557, 1.9e-05, 0.299201, 0.371359, -0.87896, 0.388503, -0.881977, -0.243895, -0.403275, -0.000909, 0.0, 0.0, 0.0, 1.0],
                [-0.071534, 0.62919, 0.773954, 1.9e-05, -0.346709, 0.711871, -0.610764, 0.388503, -0.93524, -0.312027, 0.167223, -0.000909, 0.0, 0.0, 0.0, 1.0],
                [-0.272988, 0.823034, 0.498089, 1.9e-05, -0.489752, 0.326741, -0.808321, 0.388503, -0.828022, -0.464602, 0.313886, -0.000909, 0.0, 0.0, 0.0, 1.0],
                [0.090754, 0.841995, 0.531797, 1.9e-05, -0.293016, 0.532939, -0.793799, 0.388503, -0.95179, -0.083785, 0.295084, -0.000909, 0.0, 0.0, 0.0, 1.0],
                [-0.12802, 0.92207, 0.365236, 1.9e-05, -0.642898, 0.20326, -0.73849, 0.388503, -0.755177, -0.329351, 0.566776, -0.000909, 0.0, 0.0, 0.0, 1.0],
                [-0.104013, 0.589665, 0.800923, 1.9e-05, -0.686216, 0.54036, -0.486947, 0.388503, -0.719922, -0.600256, 0.348433, -0.00091, 0.0, 0.0, 0.0, 1.0],
                [-0.097181, -0.0925, 0.990959, 1.9e-05, -0.907896, 0.416179, -0.050187, 0.388503, -0.407775, -0.904565, -0.124425, -0.000909, 0.0, 0.0, 0.0, 1.0]
            ]
        },
        {
            "name": "Hand_L",
            "time": [0.0, 0.1, 0.1333, 0.1667, 0.2, 0.2667, 0.3, 0.4, 0.6, 0.9, 1.1, 1.3, 1.5],
            "transform": [
                [1.000001, 0.0, 0.0, 0.0, -0.0, 0.856984, -0.51534, 0.329779, -0.0, 0.515341, 0.856984, 0.0, 0.0, 0.0, 0.0, 1.0],
                [1.000001, 0.0, 0.0, -0.0, -0.0, 0.996388, -0.08491, 0.329779, -0.0, 0.08491, 0.996388, -0.0, 0.0, 0.0, 0.0, 1.0],
                [1.0, 0.0, 0.0, -0.0, -0.0, 0.999999, 1e-06, 0.329779, -0.0, -1e-06, 1.000001, 0.0, 0.0, 0.0, 0.0, 1.0],
                [0.999999, 0.0, 0.0, 0.0, -0.0, 0.999999, 1e-06, 0.329779, -0.0, -0.0, 1.0, 0.0, 0.0, 0.0, 0.0, 1.0],
                [1.0, 0.0, 0.0, -0.0, -0.0, 0.998809, -0.048783, 0.329779, -0.0, 0.048783, 0.99881, -0.0, 0.0, 0.0, 0.0, 1.0],
                [0.999999, 1e-06, 0.0, 0.0, -0.0, 0.897548, -0.440916, 0.329779, -0.0, 0.440915, 0.897549, -0.0, 0.0, 0.0, 0.0, 1.0],
                [1.0, 1e-06, 0.0, -0.0, -0.0, 0.805111, -0.593124, 0.329779, -0.0, 0.593123, 0.805112, 0.0, 0.0, 0.0, 0.0, 1.0],
                [0.999999, 0.0, -0.0, 0.0, -0.0, 0.346857, -0.937918, 0.329779, -0.0, 0.937918, 0.346856, 0.0, 0.0, 0.0, 0.0, 1.0],
                [0.999999, 1e-06, -0.0, 0.0, -0.0, 0.555184, -0.831727, 0.329779, -0.0, 0.831727, 0.555184, -0.0, 0.0, 0.0, 0.0, 1.0],
                [0.999999, 1e-06, -0.0, 0.0, -0.0, 0.634625, -0.772819, 0.329779, -0.0, 0.77282, 0.634625, 0.0, 0.0, 0.0, 0.0, 1.0],
                [1.0, 0.0, -0.0, -0.0, -0.0, 0.239375, -0.970926, 0.329779, -0.0, 0.970927, 0.239376, 0.0, 0.0, 0.0, 0.0, 1.0],
                [0.999999, 0.0, -0.0, 0.0, -0.0, 0.474582, -0.88021, 0.329779, -0.0, 0.880211, 0.474582, -0.0, 0.0, 0.0, 0.0, 1.0],
                [1.0, 0.0, 0.0, 0.0, -0.0, 0.993398, -0.114712, 0.329779, -0.0, 0.114712, 0.993398, -0.0, 0.0, 0.0, 0.0, 1.0]
            ]
        },
        {
            "name": "Tool_L",
            "time": [0.0, 0.1, 0.1333, 0.1667, 0.2, 0.2667, 0.3, 0.4, 0.6, 0.9, 1.1, 1.3, 1.5],
            "transform": [
                [1.000001, 0.0, 0.0, 0.02, -0.0, -0.999999, 0.0, 0.291426, 0.0, 0.0, -1.000001, -0.0, 0.0, 0.0, 0.0, 1.0],
                [1.0, -0.0, 0.0, 0.02, 0.0, -1.0, 0.0, 0.291426, 0.0, 0.0, -1.000001, -0.0, 0.0, 0.0, 0.0, 1.0],
                [1.0, -0.0, 0.0, 0.02, -0.0, -1.000001, -0.0, 0.291426, 0.0, -0.0, -0.999999, 0.0, 0.0, 0.0, 0.0, 1.0],
                [1.0, 0.0, 0.0, 0.02, -0.0, -1.000002, 0.0, 0.291426, 0.0, -0.0, -1.0, -0.0, 0.0, 0.0, 0.0, 1.0],
                [1.000001, 0.0, 0.0, 0.02, 0.0, -1.0, 0.0, 0.291426, 0.0, 0.0, -1.0, -0.0, 0.0, 0.0, 0.0, 1.0],
                [1.0, -0.0, 0.0, 0.02, 0.0, -1.000001, -0.0, 0.291426, 0.0, -0.0, -1.0, -0.0, 0.0, 0.0, 0.0, 1.0],
                [1.000001, 0.0, 0.0, 0.02, -0.0, -1.000001, -0.0, 0.291426, 0.0, -0.0, -1.0, -0.0, 0.0, 0.0, 0.0, 1.0],
                [1.000001, 0.0, 0.0, 0.02, 0.0, -0.999999, -0.0, 0.291426, 0.0, -0.0, -1.0, -0.0, 0.0, 0.0, 0.0, 1.0],
                [1.000001, -0.0, 0.0, 0.02, 0.0, -1.0, 0.0, 0.291426, 0.0, -0.0, -1.000001, -0.0, 0.0, 0.0, 0.0, 1.0],
                [1.0, -0.0, 0.0, 0.02, -0.0, -1.0, -0.0, 0.291426, 0.0, -0.0, -1.000001, -0.0, 0.0, 0.0, 0.0, 1.0],
                [1.0, -0.0, 0.0, 0.02, 0.0, -1.0, 0.0, 0.291426, 0.0, 0.0, -1.000001, 0.0, 0.0, 0.0, 0.0, 1.0],
                [1.0, 0.0, 0.0, 0.02, 0.0, -1.0, -0.0, 0.291426, 0.0, -0.0, -1.000001, -0.0, 0.0, 0.0, 0.0, 1.0],
                [1.0, 0.0, 0.0, 0.02, -0.0, -1.0, -0.0, 0.291426, 0.0, -0.0, -1.000001, -0.0, 0.0, 0.0, 0.0, 1.0]
            ]
        },
        {
            "name": "Elbow_L",
            "time": [0.0, 0.1, 0.1333, 0.1667, 0.2, 0.2667, 0.3, 0.4, 0.6, 0.9, 1.1, 1.3, 1.5],
            "transform": [
                [-1.0, 0.0, -0.0, -0.0, 0.0, 0.267408, -0.963583, 0.329779, 0.0, -0.963583, -0.267409, 0.0, 0.0, 0.0, 0.0, 1.0],
                [-1.0, -0.0, -0.0, -0.0, 0.0, 0.042493, -0.999097, 0.329779, 0.0, -0.999097, -0.042493, -0.0, 0.0, 0.0, 0.0, 1.0],
                [-1.0, 0.0, -0.0, -0.0, 0.0, -1e-06, -1.0, 0.329779, 0.0, -1.0, 0.0, 0.0, 0.0, 0.0, 0.0, 1.0],
                [-1.0, -0.0, -0.0, -0.0, 0.0, -0.0, -1.0, 0.329779, -0.0, -1.0, 0.0, 0.0, 0.0, 0.0, 0.0, 1.0],
