{
    "animation": [
        {
            "name": "Root",
            "time": [0.0, 0.1, 0.1333, 0.1667, 0.2, 0.2333, 0.2667, 0.3, 0.4, 0.6, 0.9, 1.1, 1.3, 1.5],
            "transform": [
                [-0.976677, 0.033806, 0.212038, -5e-06, 0.211009, -0.031584, 0.976974, 0.000946, 0.039724, 0.998929, 0.023714, 0.674836, 0.0, 0.0, 0.0, 1.0],
                [-0.037761, 0.06753, 0.997002, -5e-06, 0.848717, 0.528834, -0.003675, 0.400946, -0.527497, 0.846034, -0.077283, 0.428287, 0.0, 0.0, 0.0, 1.0],
                [0.629562, 0.002148, 0.776947, -5e-06, 0.65936, 0.527474, -0.535739, 0.639042, -0.41097, 0.849569, 0.330661, 0.41293, 0.0, 0.0, 0.0, 1.0],
                [0.851726, -0.025659, 0.523359, -5e-06, 0.452507, 0.53962, -0.709963, 0.758089, -0.264198, 0.841518, 0.471219, 0.405251, 0.0, 0.0, 0.0, 1.0],
                [0.926467, -0.008919, 0.37627, -5e-06, 0.330367, 0.49824, -0.801632, 0.871581, -0.180323, 0.866993, 0.46455, 0.520209, 0.0, 0.0, 0.0, 1.0],
                [0.991376, 0.000656, 0.131048, -5e-06, 0.118092, 0.429087, -0.89551, 0.941819, -0.056818, 0.903263, 0.425309, 0.524635, 0.0, 0.0, 0.0, 1.0],
                [0.992563, -0.009641, -0.121346, -5e-06, -0.109897, 0.357729, -0.927336, 0.912058, 0.052349, 0.933776, 0.35401, 0.529062, 0.0, 0.0, 0.0, 1.0],
                [0.903416, -0.049879, -0.425854, -5e-06, -0.398082, 0.271387, -0.876287, 0.839042, 0.159279, 0.961177, 0.225319, 0.590968, 0.0, 0.0, 0.0, 1.0],
                [0.300765, -1e-06, -0.953698, -5e-06, -0.933181, 0.206307, -0.294295, 0.962601, 0.196755, 0.978487, 0.062049, 0.619543, 0.0, 0.0, 0.0, 1.0],
                [-0.462182, 0.000624, -0.886785, -5e-06, -0.85815, 0.251755, 0.447435, 0.962601, 0.223532, 0.967791, -0.115821, 0.6881, 0.0, 0.0, 0.0, 1.0],
                [-0.648652, 0.099652, -0.754532, -5e-06, -0.731422, 0.192455, 0.654203, 0.962601, 0.210406, 0.976233, -0.051949, 0.6881, 0.0, 0.0, 0.0, 1.0],
                [-0.031009, 0.039466, -0.99874, -5e-06, -0.983472, 0.177129, 0.037534, 0.962601, 0.178387, 0.983396, 0.033321, 0.706645, 0.0, 0.0, 0.0, 1.0],
                [0.561074, 0.004328, -0.827754, -5e-06, -0.827035, 0.044933, -0.560352, 0.962601, 0.034769, 0.998981, 0.02879, 0.72519, 0.0, 0.0, 0.0, 1.0],
                [0.882948, -0.0, -0.469472, -5e-06, -0.469472, 0.0, -0.882948, 0.962601, 0.0, 1.0, -0.0, 0.743735, 0.0, 0.0, 0.0, 1.0]
            ]
        },
        {
            "name": "Thigh_R",
            "time": [0.0, 0.1, 0.1333, 0.1667, 0.2, 0.2667, 0.3, 0.4, 0.6, 0.9, 1.1, 1.3, 1.5],
            "transform": [
                [0.895152, -0.419102, 0.151817, 0.124994, -0.440558, -0.883671, 0.158171, -0.002831, 0.067867, -0.208472, -0.975664, -1.2e-05, 0.0, 0.0, 0.0, 1.0],
                [0.905227, -0.379144, 0.191834, 0.124994, -0.393671, -0.918245, 0.042812, -0.00283, 0.159921, -0.114275, -0.980484, -1.2e-05, 0.0, 0.0, 0.0, 1.0],
                [0.99925, 0.031998, 0.02147, 0.124994, 0.012589, -0.797681, 0.602934, -0.002831, 0.036419, -0.602216, -0.79749, -1.2e-05, 0.0, 0.0, 0.0, 1.0],
                [0.998194, -0.037587, 0.046677, 0.124994, -0.055358, -0.876652, 0.477909, -0.00283, 0.022956, -0.479634, -0.877157, -1.2e-05, 0.0, 0.0, 0.0, 1.0],
                [0.999161, -0.03041, 0.027139, 0.124994, -0.03399, -0.989123, 0.143047, -0.002831, 0.022494, -0.143851, -0.989335, -1.2e-05, 0.0, 0.0, 0.0, 1.0],
                [0.998147, 0.060627, 0.003589, 0.124994, 0.060653, -0.998124, -0.007395, -0.002831, 0.003134, 0.007598, -0.999959, -1.2e-05, 0.0, 0.0, 0.0, 1.0],
                [0.996338, 0.085109, -0.007458, 0.124994, 0.08543, -0.993441, 0.075916, -0.00283, -0.000948, -0.076275, -0.997081, -1.2e-05, 0.0, 0.0, 0.0, 1.0],
                [0.919623, 0.391411, 0.032997, 0.124994, 0.391766, -0.920051, -0.004776, -0.002831, 0.02849, 0.01732, -0.999445, -1.2e-05, 0.0, 0.0, 0.0, 1.0],
                [0.987159, 0.158885, -0.016455, 0.124994, 0.155923, -0.936106, 0.315263, -0.00283, 0.034687, -0.313781, -0.948862, -1.2e-05, 0.0, 0.0, 0.0, 1.0],
                [0.996937, -0.078138, 0.00309, 0.124994, -0.073303, -0.920027, 0.384935, -0.00283, -0.027235, -0.383982, -0.922938, -1.2e-05, 0.0, 0.0, 0.0, 1.0],
                [0.994698, 0.090155, 0.049454, 0.124994, 0.078278, -0.975757, 0.204372, -0.00283, 0.06668, -0.199417, -0.977643, -1.2e-05, 0.0, 0.0, 0.0, 1.0],
                [0.990011, 0.107827, 0.090836, 0.124994, 0.079486, -0.958988, 0.272071, -0.002831, 0.116447, -0.262133, -0.957981, -1.2e-05, 0.0, 0.0, 0.0, 1.0],
                [0.980293, 0.100779, 0.169905, 0.124994, 0.112403, -0.991835, -0.060217, -0.002831, 0.162449, 0.078128, -0.983619, -1.2e-05, 0.0, 0.0, 0.0, 1.0]
            ]
        },
        {
            "name": "Leg_R",
            "time": [0.0, 0.1, 0.1333, 0.1667, 0.2, 0.2667, 0.3, 0.4, 0.6, 0.9, 1.1, 1.3, 1.5],
            "transform": [
                [1.0, 3e-06, 4e-06, -0.0, -4e-06, 0.946942, 0.321403, 0.37472, -2e-06, -0.321402, 0.946943, 0.0, 0.0, 0.0, 0.0, 1.0],
                [1.0, 1e-06, 5e-06, 0.0, -4e-06, 0.676585, 0.736365, 0.37472, -2e-06, -0.736366, 0.676585, 0.0, 0.0, 0.0, 0.0, 1.0],
                [1.0, -3e-06, 3e-06, 0.0, -4e-06, -0.187662, 0.982235, 0.37472, -3e-06, -0.982235, -0.187662, -0.0, 0.0, 0.0, 0.0, 1.0],
                [1.0, -2e-06, 4e-06, -0.0, -4e-06, 0.059348, 0.998239, 0.37472, -3e-06, -0.998239, 0.059348, -0.0, 0.0, 0.0, 0.0, 1.0],
                [1.000001, 1e-06, 5e-06, 0.0, -4e-06, 0.701795, 0.712382, 0.37472, -2e-06, -0.712382, 0.701794, 0.0, 0.0, 0.0, 0.0, 1.0],
                [1.000001, 2e-06, 4e-06, 0.0, -4e-06, 0.779326, 0.626619, 0.37472, -3e-06, -0.62662, 0.779326, 0.0, 0.0, 0.0, 0.0, 1.0],
                [1.000001, 2e-06, 4e-06, 0.0, -4e-06, 0.790406, 0.612584, 0.37472, -3e-06, -0.612584, 0.790406, 0.0, 0.0, 0.0, 0.0, 1.0],
                [1.0, 4e-06, 2e-06, -0.0, -4e-06, 0.999986, 0.004882, 0.37472, -3e-06, -0.004884, 0.999989, -0.0, 0.0, 0.0, 0.0, 1.0],
                [1.0, 4e-06, 3e-06, 0.0, -4e-06, 0.999985, 0.005315, 0.37472, -2e-06, -0.005316, 0.999986, 0.0, 0.0, 0.0, 0.0, 1.0],
                [1.0, 4e-06, 3e-06, -0.0, -4e-06, 0.999985, 0.005222, 0.37472, -2e-06, -0.005222, 0.999987, -0.0, 0.0, 0.0, 0.0, 1.0],
                [1.0, 4e-06, 2e-06, 0.0, -4e-06, 0.999987, 0.004998, 0.37472, -2e-06, -0.004999, 0.999988, 0.0, 0.0, 0.0, 0.0, 1.0],
                [1.000001, 2e-06, 4e-06, -0.0, -4e-06, 0.907613, 0.419807, 0.37472, -2e-06, -0.419807, 0.907614, -0.0, 0.0, 0.0, 0.0, 1.0],
                [1.000001, 4e-06, 3e-06, -0.0, -4e-06, 0.997254, 0.074058, 0.37472, -3e-06, -0.074059, 0.997255, 0.0, 0.0, 0.0, 0.0, 1.0]
            ]
        },
        {
            "name": "Knee_R",
            "time": [0.0, 0.1, 0.1333, 0.1667, 0.2, 0.2667, 0.3, 0.4, 0.6, 0.9, 1.1, 1.3, 1.5],
            "transform": [
                [1.0, 2e-06, -4e-06, -0.0, -4e-06, 3e-06, -1.0, 0.37472, -2e-06, 1.0, 3e-06, 0.0, 0.0, 0.0, 0.0, 1.0],
                [1.0, 2e-06, -4e-06, 0.0, -4e-06, 3e-06, -1.0, 0.37472, -2e-06, 1.0, 3e-06, 0.0, 0.0, 0.0, 0.0, 1.0],
                [1.0, 2e-06, -4e-06, 0.0, -4e-06, 3e-06, -1.0, 0.37472, -2e-06, 1.0, 3e-06, -0.0, 0.0, 0.0, 0.0, 1.0],
                [1.0, 2e-06, -4e-06, -0.0, -4e-06, 3e-06, -1.0, 0.37472, -2e-06, 1.0, 3e-06, 0.0, 0.0, 0.0, 0.0, 1.0],
                [1.0, 2e-06, -4e-06, 0.0, -4e-06, 3e-06, -1.0, 0.37472, -2e-06, 1.0, 3e-06, 0.0, 0.0, 0.0, 0.0, 1.0],
                [1.0, 2e-06, -4e-06, -0.0, -4e-06, 3e-06, -1.0, 0.37472, -2e-06, 1.0, 3e-06, -0.0, 0.0, 0.0, 0.0, 1.0],
                [1.0, 2e-06, -4e-06, -0.0, -4e-06, 3e-06, -1.0, 0.37472, -2e-06, 1.0, 3e-06, 0.0, 0.0, 0.0, 0.0, 1.0],
                [1.0, 2e-06, -4e-06, -0.0, -4e-06, 3e-06, -1.0, 0.37472, -2e-06, 1.0, 3e-06, 0.0, 0.0, 0.0, 0.0, 1.0],
                [1.0, 2e-06, -4e-06, 0.0, -4e-06, 3e-06, -1.0, 0.37472, -2e-06, 1.0, 3e-06, 0.0, 0.0, 0.0, 0.0, 1.0],
                [1.0, 2e-06, -4e-06, -0.0, -4e-06, 3e-06, -1.0, 0.37472, -2e-06, 1.0, 3e-06, -0.0, 0.0, 0.0, 0.0, 1.0],
                [1.0, 2e-06, -4e-06, 0.0, -4e-06, 3e-06, -1.0, 0.37472, -2e-06, 1.0, 3e-06, -0.0, 0.0, 0.0, 0.0, 1.0],
                [1.0, 2e-06, -4e-06, -0.0, -4e-06, 3e-06, -1.0, 0.37472, -2e-06, 1.0, 3e-06, 0.0, 0.0, 0.0, 0.0, 1.0],
                [1.0, 2e-06, -4e-06, 0.0, -4e-06, 3e-06, -1.0, 0.37472, -2e-06, 1.0, 3e-06, 0.0, 0.0, 0.0, 0.0, 1.0]
            ]
        },
        {
            "name": "Thigh_L",
            "time": [0.0, 0.1, 0.1333, 0.1667, 0.2, 0.2667, 0.3, 0.4, 0.6, 0.9, 1.1, 1.3, 1.5],
            "transform": [
                [0.968537, 0.248828, 0.004694, -0.125006, 0.226343, -0.888543, 0.399075, -0.00283, 0.103471, -0.385455, -0.916907, -1.2e-05, 0.0, 0.0, 0.0, 1.0],
                [0.963775, -0.249421, 0.094488, -0.125006, -0.265231, -0.933609, 0.240888, -0.00283, 0.028133, -0.257223, -0.965943, -1.2e-05, 0.0, 0.0, 0.0, 1.0],
                [0.916926, -0.397954, -0.029681, -0.125006, -0.393284, -0.888542, -0.236269, -0.002831, 0.067651, 0.228314, -0.971235, -1.2e-05, 0.0, 0.0, 0.0, 1.0],
                [0.956295, -0.2888, -0.045782, -0.125006, -0.286769, -0.895696, -0.339841, -0.00283, 0.05714, 0.338117, -0.939368, -1.2e-05, 0.0, 0.0, 0.0, 1.0],
                [0.986175, -0.164112, -0.022947, -0.125006, -0.163712, -0.943475, -0.288192, -0.00283, 0.025646, 0.287964, -0.957298, -1.2e-05, 0.0, 0.0, 0.0, 1.0],
                [0.999932, -0.006949, -0.009386, -0.125006, -0.005366, -0.987223, 0.159257, -0.002831, -0.010373, -0.159196, -0.987193, -1.2e-05, 0.0, 0.0, 0.0, 1.0],
                [0.994961, -0.078998, 0.061755, -0.125006, -0.100241, -0.798784, 0.593209, -0.00283, 0.002467, -0.596409, -0.802678, -1.2e-05, 0.0, 0.0, 0.0, 1.0],
                [0.993626, -0.096221, -0.058744, -0.125006, -0.061825, -0.900815, 0.429783, -0.00283, -0.094271, -0.423411, -0.901021, -1.2e-05, 0.0, 0.0, 0.0, 1.0],
                [0.995122, 0.040338, -0.090029, -0.125006, 0.047162, -0.996069, 0.074999, -0.002831, -0.08665, -0.078879, -0.993112, -1.2e-05, 0.0, 0.0, 0.0, 1.0],
                [0.990643, 0.087922, -0.104383, -0.125006, 0.102626, -0.984085, 0.145077, -0.00283, -0.089966, -0.154432, -0.983899, -1.2e-05, 0.0, 0.0, 0.0, 1.0],
                [0.992881, -0.015453, -0.118113, -0.125006, 0.002843, -0.988194, 0.153187, -0.00283, -0.119085, -0.152432, -0.981114, -1.2e-05, 0.0, 0.0, 0.0, 1.0],
                [0.983296, 0.000513, -0.182018, -0.125006, 0.013971, -0.997259, 0.072665, -0.00283, -0.181482, -0.073994, -0.980607, -1.2e-05, 0.0, 0.0, 0.0, 1.0],
                [0.969544, -0.0218, -0.243949, -0.125006, -0.021026, -0.999763, 0.005774, -0.002831, -0.244016, -0.000468, -0.969771, -1.2e-05, 0.0, 0.0, 0.0, 1.0]
            ]
        },
        {
            "name": "Leg_L",
            "time": [0.0, 0.1, 0.1333, 0.1667, 0.2, 0.2667, 0.3, 0.4, 0.6, 0.9, 1.1, 1.3, 1.5],
            "transform": [
                [1.0, 1e-06, 1e-06, -0.0, -1e-06, 0.999986, 0.005245, 0.37472, -1e-06, -0.005245, 0.999986, 0.0, 0.0, 0.0, 0.0, 1.0],
                [1.0, 1e-06, 1e-06, -0.0, -1e-06, 0.973986, 0.226607, 0.37472, -1e-06, -0.226607, 0.973986, 0.0, 0.0, 0.0, 0.0, 1.0],
                [1.0, 1e-06, 1e-06, 0.0, -1e-06, 0.999985, 0.005362, 0.37472, -1e-06, -0.005361, 0.999985, 0.0, 0.0, 0.0, 0.0, 1.0],
                [1.0, 1e-06, 1e-06, 0.0, -1e-06, 0.999988, 0.004784, 0.37472, -1e-06, -0.004784, 0.999988, -0.0, 0.0, 0.0, 0.0, 1.0],
                [1.0, 1e-06, 1e-06, 0.0, -1e-06, 0.999987, 0.004992, 0.37472, -1e-06, -0.004992, 0.999987, 0.0, 0.0, 0.0, 0.0, 1.0],
                [1.0, -0.0, 2e-06, 0.0, -1e-06, 0.584333, 0.811513, 0.37472, -1e-06, -0.811513, 0.584334, -0.0, 0.0, 0.0, 0.0, 1.0],
                [1.0, -1e-06, 1e-06, -0.0, -1e-06, 0.23324, 0.972419, 0.37472, -1e-06, -0.972419, 0.23324, 0.0, 0.0, 0.0, 0.0, 1.0],
                [1.0, -1e-06, 2e-06, 0.0, -1e-06, 0.347644, 0.937627, 0.37472, -1e-06, -0.937627, 0.347644, 0.0, 0.0, 0.0, 0.0, 1.0],
                [0.999999, 0.0, 2e-06, -0.0, -1e-06, 0.734003, 0.679146, 0.37472, -1e-06, -0.679146, 0.734003, -0.0, 0.0, 0.0, 0.0, 1.0],
                [0.999999, 0.0, 2e-06, 0.0, -1e-06, 0.76407, 0.645133, 0.37472, -1e-06, -0.645133, 0.764071, -0.0, 0.0, 0.0, 0.0, 1.0],
                [0.999999, 0.0, 2e-06, -0.0, -1e-06, 0.796217, 0.605011, 0.37472, -1e-06, -0.605011, 0.796217, -0.0, 0.0, 0.0, 0.0, 1.0],
                [0.999999, 1e-06, 1e-06, -0.0, -1e-06, 0.902177, 0.431366, 0.37472, -1e-06, -0.431365, 0.902176, 0.0, 0.0, 0.0, 0.0, 1.0],
                [1.0, 1e-06, 1e-06, 0.0, -1e-06, 0.975695, 0.219131, 0.37472, -1e-06, -0.219131, 0.975694, -0.0, 0.0, 0.0, 0.0, 1.0]
            ]
        },
        {
            "name": "Knee_L",
            "time": [0.0, 0.1, 0.1333, 0.1667, 0.2, 0.2667, 0.3, 0.4, 0.6, 0.9, 1.1, 1.3, 1.5],
            "transform": [
                [0.999997, 1e-06, -1e-06, -0.0, -2e-06, 0.002624, -0.999996, 0.37472, -0.0, 0.999993, 0.002625, -0.0, 0.0, 0.0, 0.0, 1.0],
                [1.0, 0.0, -1e-06, -0.0, -1e-06, 0.114049, -0.993475, 0.37472, -0.0, 0.993475, 0.114049, 0.0, 0.0, 0.0, 0.0, 1.0],
                [1.0, 1e-06, -3e-06, -0.0, -1e-06, 0.002681, -0.999996, 0.37472, -2e-06, 0.999995, 0.002681, 0.0, 0.0, 0.0, 0.0, 1.0],
                [1.0, 1e-06, -2e-06, 0.0, -1e-06, 0.002392, -0.999996, 0.37472, -1e-06, 0.999996, 0.002392, -0.0, 0.0, 0.0, 0.0, 1.0],
                [1.0, 1e-06, -2e-06, 0.0, -1e-06, 0.002496, -0.999996, 0.37472, -1e-06, 0.999996, 0.002496, -0.0, 0.0, 0.0, 0.0, 1.0],
                [1.0, 1e-06, -1e-06, 0.0, -1e-06, 0.455888, -0.890037, 0.37472, -0.0, 0.890037, 0.455888, -0.0, 0.0, 0.0, 0.0, 1.0],
                [1.0, 1e-06, -1e-06, -0.0, -1e-06, 0.619178, -0.785251, 0.37472, -0.0, 0.785251, 0.619178, 0.0, 0.0, 0.0, 0.0, 1.0],
                [1.0, 1e-06, -1e-06, 0.0, -1e-06, 0.571121, -0.820866, 0.37472, -0.0, 0.820866, 0.571121, -0.0, 0.0, 0.0, 0.0, 1.0],
                [1.0, 1e-06, -1e-06, -0.0, -1e-06, 0.364691, -0.931128, 0.37472, -1e-06, 0.931129, 0.364691, 0.0, 0.0, 0.0, 0.0, 1.0],
                [1.0, 1e-06, -1e-06, 0.0, -1e-06, 0.343461, -0.939166, 0.37472, -1e-06, 0.939167, 0.343461, -0.0, 0.0, 0.0, 0.0, 1.0],
                [1.0, 1e-06, -1e-06, -0.0, -1e-06, 0.319206, -0.947685, 0.37472, -1e-06, 0.947686, 0.319206, -0.0, 0.0, 0.0, 0.0, 1.0],
                [1.0, 1e-06, -1e-06, -0.0, -1e-06, 0.22116, -0.975237, 0.37472, -0.0, 0.975237, 0.22116, 0.0, 0.0, 0.0, 0.0, 1.0],
                [1.0, 1e-06, -1e-06, 0.0, -1e-06, 0.110239, -0.993905, 0.37472, -0.0, 0.993905, 0.110239, -0.0, 0.0, 0.0, 0.0, 1.0]
            ]
        },
        {
            "name": "Torso",
            "time": [0.0, 0.1, 0.1333, 0.1667, 0.2, 0.2667, 0.3, 0.4, 0.6, 0.9, 1.1, 1.3, 1.5],
            "transform": [
                [0.997506, -0.035221, -0.061176, 0.0, 0.029055, 0.994672, -0.098912, 0.05, 0.064333, 0.096888, 0.993214, 0.0, 0.0, 0.0, 0.0, 1.0],
                [0.999307, 0.005296, -0.03685, 0.0, -0.006618, 0.999336, -0.035829, 0.05, 0.036636, 0.036048, 0.998678, -0.0, 0.0, 0.0, 0.0, 1.0],
                [0.999854, 0.01141, -0.012699, 0.0, -0.012383, 0.996765, -0.079409, 0.05, 0.011751, 0.079554, 0.996761, -0.0, 0.0, 0.0, 0.0, 1.0],
                [0.999889, 0.014851, -0.000753, -0.0, -0.014851, 0.994761, -0.101144, 0.05, -0.000753, 0.101144, 0.994871, -0.0, 0.0, 0.0, 0.0, 1.0],
                [0.999978, -0.006599, 0.000236, -0.0, 0.006599, 0.997411, -0.071616, 0.05, 0.000237, 0.071616, 0.997432, -0.0, 0.0, 0.0, 0.0, 1.0],
                [0.994579, -0.103093, -0.013605, -0.0, 0.103274, 0.994563, 0.013369, 0.05, 0.012153, -0.014701, 0.999818, -0.0, 0.0, 0.0, 0.0, 1.0],
                [0.993509, -0.113672, -0.004374, -0.0, 0.113672, 0.990562, 0.076592, 0.05, -0.004373, -0.076592, 0.997053, 0.0, 0.0, 0.0, 0.0, 1.0],
                [0.994276, -0.099799, 0.038167, 0.0, 0.10265, 0.991335, -0.081969, 0.05, -0.029656, 0.085417, 0.995904, -0.0, 0.0, 0.0, 0.0, 1.0],
                [0.99992, 0.012606, -0.000973, 0.0, -0.012606, 0.988094, -0.153334, 0.05, -0.000972, 0.153334, 0.988174, 0.0, 0.0, 0.0, 0.0, 1.0],
                [0.99992, 0.012606, -0.000972, -0.0, -0.012606, 0.988094, -0.153334, 0.05, -0.000972, 0.153334, 0.988174, -0.0, 0.0, 0.0, 0.0, 1.0],
                [0.999183, -0.00774, -0.039666, -0.0, 0.003846, 0.995244, -0.097344, 0.05, 0.04023, 0.097111, 0.99446, 0.0, 0.0, 0.0, 0.0, 1.0],
                [0.996505, -0.025865, -0.079426, -0.0, 0.022606, 0.998876, -0.041662, 0.05, 0.080415, 0.039721, 0.99597, -0.0, 0.0, 0.0, 0.0, 1.0],
                [0.991907, -0.041629, -0.119948, -0.0, 0.043531, 0.998964, 0.013283, 0.05, 0.119271, -0.018397, 0.992691, 0.0, 0.0, 0.0, 0.0, 1.0]
            ]
        },
        {
            "name": "Chest",
            "time": [0.0, 0.1, 0.1333, 0.1667, 0.2, 0.2667, 0.3, 0.4, 0.6, 0.9, 1.1, 1.3, 1.5],
            "transform": [
                [0.065903, -0.074954, 0.995007, 0.0, 0.035331, 0.996725, 0.072743, 0.3, -0.9972, 0.03036, 0.068335, -0.0, 0.0, 0.0, 0.0, 1.0],
                [-0.193255, -0.167945, 0.966668, -0.0, 0.102666, 0.976371, 0.190155, 0.3, -0.975763, 0.135992, -0.171446, 0.0, 0.0, 0.0, 0.0, 1.0],
                [0.433979, -0.305626, 0.847499, -0.0, 0.321369, 0.931333, 0.171295, 0.3, -0.841656, 0.198021, 0.502398, 0.0, 0.0, 0.0, 0.0, 1.0],
                [0.659766, -0.254051, 0.707225, -0.0, 0.373023, 0.927705, -0.014738, 0.3, -0.652352, 0.273535, 0.706835, -0.0, 0.0, 0.0, 0.0, 1.0],
                [0.785199, -0.117219, 0.608047, 0.0, 0.254813, 0.956097, -0.144737, 0.3, -0.564387, 0.268586, 0.780596, 0.0, 0.0, 0.0, 0.0, 1.0],
                [0.993829, -0.042055, 0.10264, 0.0, 0.061675, 0.978623, -0.196199, 0.3, -0.092195, 0.201318, 0.975178, 0.0, 0.0, 0.0, 0.0, 1.0],
                [0.970623, 0.008809, -0.240443, 0.0, -0.073596, 0.962302, -0.261837, 0.3, 0.229073, 0.271841, 0.934681, -0.0, 0.0, 0.0, 0.0, 1.0],
                [0.219525, -0.037867, -0.974872, -0.0, 0.025515, 0.999127, -0.033064, 0.3, 0.975273, -0.017616, 0.220299, -0.0, 0.0, 0.0, 0.0, 1.0],
                [0.69951, 0.002306, -0.714619, 0.0, -0.007016, 0.999969, -0.00364, 0.3, 0.714588, 0.00756, 0.699505, -0.0, 0.0, 0.0, 0.0, 1.0],
                [0.69951, 0.002306, -0.714619, 0.0, -0.007016, 0.999969, -0.00364, 0.3, 0.714588, 0.00756, 0.699505, -0.0, 0.0, 0.0, 0.0, 1.0],
                [0.759721, -0.000262, -0.65025, -0.0, -0.010707, 0.99986, -0.012913, 0.3, 0.650162, 0.016773, 0.759611, -0.0, 0.0, 0.0, 0.0, 1.0],
                [0.814138, -0.002012, -0.580668, -0.0, -0.013572, 0.999655, -0.022492, 0.3, 0.580512, 0.026192, 0.81383, -0.0, 0.0, 0.0, 0.0, 1.0],
                [0.862121, -0.002923, -0.506694, 0.0, -0.015575, 0.999358, -0.032265, 0.3, 0.506463, 0.035709, 0.861522, 0.0, 0.0, 0.0, 0.0, 1.0]
            ]
        },
        {
            "name": "Head",
            "time": [0.0, 0.1, 0.1333, 0.1667, 0.2, 0.2333, 0.2667, 0.3, 0.4, 0.6, 0.9, 1.1, 1.3, 1.5],
            "transform": [
                [-0.369627, 0.271957, -0.888491, -0.0, 0.050096, 0.960651, 0.273204, 0.4, 0.927829, 0.056474, -0.368706, -0.0, 0.0, 0.0, 0.0, 1.0],
                [-0.385992, 0.380327, -0.840453, 0.0, 0.350767, 0.903138, 0.247597, 0.4, 0.853213, -0.199233, -0.48201, 0.0, 0.0, 0.0, 0.0, 1.0],
                [0.073301, 0.163073, -0.983887, -0.0, 0.076022, 0.982757, 0.16855, 0.4, 0.994408, -0.087152, 0.05964, 0.0, 0.0, 0.0, 0.0, 1.0],
                [0.33824, -0.053139, -0.939558, -0.0, -0.01884, 0.997822, -0.063216, 0.4, 0.940871, 0.039083, 0.336502, 0.0, 0.0, 0.0, 0.0, 1.0],
                [0.591541, -0.074983, -0.802781, -0.0, 0.02067, 0.996749, -0.077869, 0.4, 0.80601, 0.029469, 0.591168, 0.0, 0.0, 0.0, 0.0, 1.0],
                [0.894687, 0.054245, -0.443388, -0.0, -0.092283, 0.993632, -0.064648, 0.4, 0.437058, 0.098757, 0.893996, 0.0, 0.0, 0.0, 0.0, 1.0],
                [0.984583, 0.171704, 0.033378, -0.0, -0.169318, 0.983446, -0.064537, 0.4, -0.043907, 0.05789, 0.997357, -0.0, 0.0, 0.0, 0.0, 1.0],
                [0.777238, 0.155902, 0.609586, -0.0, -0.224643, 0.973723, 0.037395, 0.4, -0.587738, -0.166004, 0.791837, -0.0, 0.0, 0.0, 0.0, 1.0],
                [-0.555408, -0.092762, 0.826388, -0.0, -0.291391, 0.952462, -0.088928, 0.4, -0.778853, -0.290194, -0.556035, 0.0, 0.0, 0.0, 0.0, 1.0],
                [-0.433638, -0.256328, 0.86386, -0.0, -0.386946, 0.918765, 0.078381, 0.400001, -0.813775, -0.300278, -0.497596, -0.0, 0.0, 0.0, 0.0, 1.0],
                [-0.642726, -0.209088, 0.737011, -0.0, -0.290365, 0.956743, 0.018207, 0.400001, -0.708937, -0.2023, -0.675636, -0.0, 0.0, 0.0, 0.0, 1.0],
                [-0.244768, -0.067809, 0.967208, -0.0, -0.204123, 0.978798, 0.016964, 0.400001, -0.947851, -0.193277, -0.25342, -0.0, 0.0, 0.0, 0.0, 1.0],
                [0.199827, -0.068483, 0.977435, -0.0, -0.086151, 0.992463, 0.087149, 0.400001, -0.976036, -0.101621, 0.192421, 0.0, 0.0, 0.0, 0.0, 1.0],
                [0.510053, -0.039893, 0.859217, -0.0, -0.027636, 0.997648, 0.062726, 0.400001, -0.859699, -0.055739, 0.507751, -0.0, 0.0, 0.0, 0.0, 1.0]
            ]
        },
        {
            "name": "Shoulder_R",
            "time": [0.0, 0.1, 0.1333, 0.1667, 0.2, 0.2667, 0.3, 0.4, 0.6, 0.9, 1.1, 1.3, 1.5],
            "transform": [
                [-0.15656, 0.965803, 0.206669, -0.0, 0.063942, -0.198899, 0.977932, 0.4, 0.985597, 0.16632, -0.030616, -0.0, 0.0, 0.0, 0.0, 1.0],
                [0.25711, 0.928351, 0.268432, 0.0, 0.108161, -0.303669, 0.946618, 0.4, 0.96031, -0.214351, -0.178488, 0.0, 0.0, 0.0, 0.0, 1.0],
                [0.131635, 0.961336, 0.241877, -0.0, 0.025534, -0.247207, 0.968626, 0.4, 0.990969, -0.121329, -0.057088, 0.0, 0.0, 0.0, 0.0, 1.0],
                [0.093702, 0.970333, 0.222873, -0.0, -0.008365, -0.223083, 0.974764, 0.4, 0.995565, -0.093201, -0.012787, 0.0, 0.0, 0.0, 0.0, 1.0],
                [0.056214, 0.97777, 0.202001, -0.0, -0.043313, -0.199742, 0.978891, 0.4, 0.997478, -0.063776, 0.031122, 0.0, 0.0, 0.0, 0.0, 1.0],
                [-0.051729, 0.990281, 0.129104, -0.0, -0.152798, -0.135603, 0.97891, 0.4, 0.986903, 0.030911, 0.158327, -0.0, 0.0, 0.0, 0.0, 1.0],
                [-0.118199, 0.990291, 0.073156, -0.0, -0.227869, -0.098756, 0.968671, 0.4, 0.966491, 0.097826, 0.237329, -0.0, 0.0, 0.0, 0.0, 1.0],
                [-0.223646, 0.92013, 0.321471, -0.0, 0.100587, -0.306275, 0.946614, 0.4, 0.969466, 0.244042, -0.024055, 0.0, 0.0, 0.0, 0.0, 1.0],
                [-0.06914, 0.935075, 0.34764, -0.0, 0.059683, -0.343972, 0.937082, 0.400001, 0.99582, 0.085538, -0.032026, -0.0, 0.0, 0.0, 0.0, 1.0],
                [-0.06914, 0.935075, 0.34764, -0.0, 0.059684, -0.343972, 0.937082, 0.400001, 0.99582, 0.085538, -0.032026, -0.0, 0.0, 0.0, 0.0, 1.0],
                [-0.045321, 0.941903, 0.332813, -0.0, 0.042737, -0.331022, 0.942655, 0.400001, 0.998058, 0.056946, -0.025251, -0.0, 0.0, 0.0, 0.0, 1.0],
                [-0.021309, 0.947804, 0.318141, -0.0, 0.02619, -0.317574, 0.947872, 0.400001, 0.99943, 0.02853, -0.018056, 0.0, 0.0, 0.0, 0.0, 1.0],
                [0.002855, 0.952781, 0.303644, -0.0, 0.010067, -0.303657, 0.952728, 0.400001, 0.999946, 0.000337, -0.010458, -0.0, 0.0, 0.0, 0.0, 1.0]
            ]
        },
        {
            "name": "Arm_R",
            "time": [0.0, 0.1, 0.1333, 0.1667, 0.2, 0.2667, 0.3, 0.4, 0.6, 0.9, 1.1, 1.3, 1.5],
            "transform": [
                [0.033572, -0.996522, 0.076263, -1.9e-05, 0.167127, -0.069633, -0.983473, 0.388502, 0.985363, 0.045763, 0.164209, -0.00091, 0.0, 0.0, 0.0, 1.0],
                [-0.080353, -0.986427, 0.143189, -1.9e-05, 0.467452, -0.164171, -0.868638, 0.388502, 0.880357, -0.002862, 0.474301, -0.00091, 0.0, 0.0, 0.0, 1.0],
                [-0.355591, -0.450301, 0.819012, -1.9e-05, -0.055017, -0.86468, -0.499298, 0.388503, 0.93302, -0.222606, 0.282699, -0.00091, 0.0, 0.0, 0.0, 1.0],
                [-0.297085, -0.346796, 0.889647, -1.9e-05, -0.331439, -0.836329, -0.436692, 0.388503, 0.895481, -0.4246, 0.133519, -0.00091, 0.0, 0.0, 0.0, 1.0],
                [-0.472255, -0.650456, 0.594879, -1.9e-05, -0.217672, -0.567919, -0.793779, 0.388502, 0.854161, -0.504356, 0.126616, -0.00091, 0.0, 0.0, 0.0, 1.0],
                [0.202446, -0.954464, 0.219115, -1.9e-05, -0.455619, -0.289856, -0.84166, 0.388503, 0.866847, 0.070558, -0.493556, -0.00091, 0.0, 0.0, 0.0, 1.0],
                [-0.10801, -0.92451, -0.365529, -1.9e-05, 0.148947, 0.348481, -0.925406, 0.388503, 0.982927, -0.154396, 0.100063, -0.00091, 0.0, 0.0, 0.0, 1.0],
                [-0.165171, -0.714242, 0.680129, -2e-05, -0.002529, -0.689291, -0.72448, 0.388502, 0.986261, -0.121383, 0.112044, -0.00091, 0.0, 0.0, 0.0, 1.0],
                [-0.212787, -0.907645, 0.361802, -1.9e-05, -0.117729, -0.343768, -0.931645, 0.388503, 0.969978, -0.240837, -0.033707, -0.00091, 0.0, 0.0, 0.0, 1.0],
                [-0.23782, -0.968202, 0.077617, -1.9e-05, 0.186325, -0.1239, -0.974644, 0.388502, 0.953269, -0.217327, 0.209867, -0.00091, 0.0, 0.0, 0.0, 1.0],
                [0.386239, -0.616166, -0.686409, -1.9e-05, 0.416014, 0.780538, -0.466573, 0.388502, 0.823256, -0.105348, 0.55781, -0.00091, 0.0, 0.0, 0.0, 1.0],
                [0.6534, 0.096708, -0.750809, -1.9e-05, 0.181966, 0.942662, 0.279777, 0.388503, 0.734817, -0.319428, 0.598339, -0.00091, 0.0, 0.0, 0.0, 1.0],
                [0.162964, -0.276731, -0.947028, -1.9e-05, 0.675447, 0.730953, -0.097362, 0.388503, 0.719177, -0.6238, 0.306036, -0.00091, 0.0, 0.0, 0.0, 1.0]
            ]
        },
        {
            "name": "Hand_R",
            "time": [0.0, 0.1, 0.1333, 0.1667, 0.2, 0.2667, 0.3, 0.4, 0.6, 0.9, 1.1, 1.3, 1.5],
            "transform": [
                [1.0, 0.0, 0.0, 0.0, -1e-06, 0.999989, -0.004771, 0.329779, -1e-06, 0.004771, 0.999989, 0.0, 0.0, 0.0, 0.0, 1.0],
                [1.0, 0.0, 0.0, -0.0, -0.0, 0.999989, -0.004777, 0.329779, -0.0, 0.004777, 0.999989, -0.0, 0.0, 0.0, 0.0, 1.0],
                [1.0, 0.0, 0.0, -0.0, -0.0, 0.999991, -0.004293, 0.329779, -0.0, 0.004294, 0.999991, -0.0, 0.0, 0.0, 0.0, 1.0],
                [1.0, 0.0, 0.0, -0.0, -0.0, 0.99999, -0.004486, 0.329779, -0.0, 0.004486, 0.99999, -0.0, 0.0, 0.0, 0.0, 1.0],
                [1.0, 0.0, 0.0, -0.0, -0.0, 0.999989, -0.004733, 0.329779, -0.0, 0.004733, 0.999988, 0.0, 0.0, 0.0, 0.0, 1.0],
                [1.0, 0.0, 0.0, -0.0, -0.0, 0.99999, -0.004432, 0.329779, -0.0, 0.004432, 0.99999, -0.0, 0.0, 0.0, 0.0, 1.0],
                [1.0, 0.0, 0.0, 0.0, -0.0, 0.99999, -0.004538, 0.329779, -0.0, 0.004539, 0.999989, -0.0, 0.0, 0.0, 0.0, 1.0],
                [1.0, 0.0, 0.0, -0.0, -0.0, 0.999991, -0.00438, 0.329779, -0.0, 0.004381, 0.999991, -0.0, 0.0, 0.0, 0.0, 1.0],
                [1.0, 0.0, 0.0, 0.0, -0.0, 0.999989, -0.004693, 0.329779, -0.0, 0.004693, 0.999989, -0.0, 0.0, 0.0, 0.0, 1.0],
                [1.0, 0.0, 0.0, -0.0, -0.0, 0.999991, -0.004383, 0.329779, -0.0, 0.004383, 0.999991, 0.0, 0.0, 0.0, 0.0, 1.0],
                [1.0, 0.0, 1e-06, -0.0, -0.0, 1.0, -0.0, 0.329779, -0.0, 0.0, 1.0, -0.0, 0.0, 0.0, 0.0, 1.0],
                [1.0, 0.0, 0.0, 0.0, -0.0, 1.0, 0.0, 0.329779, -0.0, 1e-06, 1.0, 0.0, 0.0, 0.0, 0.0, 1.0],
                [1.0, 0.0, 1e-06, 0.0, -1e-06, 0.999989, -0.004622, 0.329779, -0.0, 0.004622, 0.99999, -0.0, 0.0, 0.0, 0.0, 1.0]
            ]
        },
        {
            "name": "Tool_R",
            "time": [0.0, 0.1, 0.1333, 0.1667, 0.2, 0.2667, 0.3, 0.4, 0.6, 0.9, 1.1, 1.3, 1.5],
            "transform": [
                [1.0, 0.0, 0.0, -0.02, 0.0, -1.0, -0.0, 0.291425, 0.0, -0.0, -1.0, 0.0, 0.0, 0.0, 0.0, 1.0],
                [1.0, 2e-06, 0.0, -0.02, 2e-06, -0.984228, -0.176903, 0.291425, 0.0, 0.176903, -0.984228, 0.0, 0.0, 0.0, 0.0, 1.0],
                [1.0, -0.0, -0.0, -0.02, 0.0, -0.788119, -0.615523, 0.657257, -0.0, 0.615523, -0.788119, 0.429868, 0.0, 0.0, 0.0, 1.0],
                [1.0, -0.0, -0.0, -0.02, -0.0, -0.998913, -0.046616, 0.382366, -0.0, 0.046616, -0.998913, 1.182595, 0.0, 0.0, 0.0, 1.0],
                [0.973188, 0.17691, 0.146998, -0.149932, 0.092935, -0.887031, 0.45226, -0.262207, 0.210401, -0.426473, -0.879689, 1.090156, 0.0, 0.0, 0.0, 1.0],
                [0.995462, 0.044292, 0.084218, -0.071973, 0.068871, -0.946095, -0.316482, 0.54139, 0.065661, 0.320846, -0.944853, 0.793697, 0.0, 0.0, 0.0, 1.0],
                [1.0, 0.0, -0.0, -0.02, 0.0, -0.616849, -0.787082, 1.077121, -0.0, 0.787081, -0.616849, 0.596057, 0.0, 0.0, 0.0, 1.0],
                [1.0, 0.0, -0.0, -0.02, 0.0, -0.289019, -0.957324, 0.779749, -0.0, 0.957323, -0.289018, 0.147426, 0.0, 0.0, 0.0, 1.0],
                [1.0, 0.0, -0.0, -0.02, 0.0, -0.289019, -0.957324, 0.291425, -0.0, 0.957323, -0.289019, 0.0, 0.0, 0.0, 0.0, 1.0],
                [1.0, 0.0, -0.0, -0.02, -0.0, -0.278558, -0.960419, 0.291425, -0.0, 0.960419, -0.278558, 0.0, 0.0, 0.0, 0.0, 1.0],
                [0.953717, 0.299139, -0.030658, -0.02, 0.064002, -0.301547, -0.951301, 0.230816, -0.293816, 0.905309, -0.306736, -0.040406, 0.0, 0.0, 0.0, 1.0],
                [0.804461, 0.589613, -0.072097, -0.02, 0.137748, -0.303239, -0.942906, 0.170207, -0.577813, 0.7486, -0.325161, -0.080812, 0.0, 0.0, 0.0, 1.0],
                [-0.173648, 0.984808, -0.0, -0.02, 0.696364, 0.122788, -0.707107, -0.132839, -0.696364, -0.122788, -0.707107, -0.282843, 0.0, 0.0, 0.0, 1.0]
            ]
        },
        {
            "name": "Elbow_R",
            "time": [0.0, 0.1, 0.1333, 0.1667, 0.2, 0.2667, 0.3, 0.4, 0.6, 0.9, 1.1, 1.3, 1.5],
            "transform": [
                [-0.999998, -1e-06, 1e-06, -0.0, 2e-06, 0.002385, -0.999996, 0.329779, 1e-06, -0.999995, -0.002385, -0.0, 0.0, 0.0, 0.0, 1.0],
                [-0.999999, -0.0, 1e-06, -0.0, 1e-06, 0.002387, -0.999996, 0.329779, 1e-06, -0.999996, -0.002388, -0.0, 0.0, 0.0, 0.0, 1.0],
                [-0.999999, -0.0, 0.0, 0.0, 1e-06, 0.002146, -0.999996, 0.329779, 1e-06, -0.999997, -0.002147, -0.0, 0.0, 0.0, 0.0, 1.0],
                [-0.999999, -0.0, 1e-06, -0.0, -0.0, 0.002242, -0.999997, 0.329779, 1e-06, -0.999997, -0.002242, -0.0, 0.0, 0.0, 0.0, 1.0],
                [-0.999999, 0.0, 1e-06, -0.0, -1e-06, 0.002366, -0.999996, 0.329779, 1e-06, -0.999997, -0.002366, 0.0, 0.0, 0.0, 0.0, 1.0],
                [-0.999999, -1e-06, 1e-06, 0.0, 0.0, 0.002217, -0.999996, 0.329779, -1e-06, -0.999997, -0.002217, -0.0, 0.0, 0.0, 0.0, 1.0],
                [-0.999999, -0.0, 1e-06, -0.0, 2e-06, 0.00227, -0.999996, 0.329779, -0.0, -0.999995, -0.002269, 0.0, 0.0, 0.0, 0.0, 1.0],
                [-0.999999, 0.0, 0.0, 0.0, 2e-06, 0.00219, -0.999996, 0.329779, 0.0, -0.999995, -0.002191, -0.0, 0.0, 0.0, 0.0, 1.0],
                [-0.999999, -0.0, 1e-06, 0.0, 1e-06, 0.002346, -0.999996, 0.329779, 1e-06, -0.999995, -0.002347, -0.0, 0.0, 0.0, 0.0, 1.0],
                [-1.0, -0.0, 0.0, -0.0, 1e-06, 0.00219, -0.999997, 0.329779, 1e-06, -0.999997, -0.002191, 0.0, 0.0, 0.0, 0.0, 1.0],
                [-1.0, -0.0, -1e-06, -0.0, 1e-06, 0.0, -1.0, 0.329779, -0.0, -1.0, -0.0, 0.0, 0.0, 0.0, 0.0, 1.0],
                [-1.0, -0.0, -0.0, -0.0, 1e-06, 0.0, -1.0, 0.329779, 0.0, -1.0, -0.0, 0.0, 0.0, 0.0, 0.0, 1.0],
                [-0.999999, -1e-06, 0.0, -0.0, 1e-06, 0.002311, -0.999997, 0.329779, 1e-06, -0.999996, -0.00231, -0.0, 0.0, 0.0, 0.0, 1.0]
            ]
        },
        {
            "name": "Shoulder_L",
            "time": [0.0, 0.1, 0.1333, 0.1667, 0.2, 0.2667, 0.3, 0.4, 0.6, 0.9, 1.1, 1.3, 1.5],
            "transform": [
                [0.284658, -0.855033, -0.43346, -0.0, 0.320019, -0.341469, 0.883734, 0.4, -0.903636, -0.390278, 0.176425, -0.0, 0.0, 0.0, 0.0, 1.0],
                [0.258253, -0.876666, -0.405907, 0.0, 0.139471, -0.381925, 0.913609, 0.4, -0.955957, -0.292554, 0.023636, 0.0, 0.0, 0.0, 0.0, 1.0],
                [-0.194543, -0.915643, -0.351781, -0.0, -0.062552, -0.346322, 0.936028, 0.4, -0.978898, 0.204102, 0.010099, 0.0, 0.0, 0.0, 0.0, 1.0],
                [-0.1577, -0.926096, -0.342748, -0.0, -0.058147, -0.33778, 0.939427, 0.4, -0.985774, 0.168077, -0.000582, 0.0, 0.0, 0.0, 0.0, 1.0],
                [-0.120436, -0.935116, -0.333245, -0.0, -0.054073, -0.329011, 0.942777, 0.4, -0.991248, 0.131564, -0.01094, 0.0, 0.0, 0.0, 0.0, 1.0],
                [-0.006977, -0.95325, -0.302101, -0.0, -0.043966, -0.301523, 0.952445, 0.4, -0.999009, 0.019928, -0.039807, -0.0, 0.0, 0.0, 0.0, 1.0],
                [0.069162, -0.95769, -0.27937, -0.0, -0.039086, -0.282426, 0.958493, 0.4, -0.99684, -0.055372, -0.056965, -0.0, 0.0, 0.0, 0.0, 1.0],
                [-0.04099, -0.903368, -0.426904, -0.0, -0.106022, -0.420918, 0.900882, 0.4, -0.993519, 0.082188, -0.078523, 0.0, 0.0, 0.0, 0.0, 1.0],
                [0.061962, -0.907376, -0.415728, -0.0, -0.157098, -0.420202, 0.893728, 0.400001, -0.985637, 0.009932, -0.168584, -0.0, 0.0, 0.0, 0.0, 1.0],
                [-0.05204, -0.906161, -0.41972, -0.0, 0.048819, -0.422095, 0.905237, 0.400001, -0.997451, 0.026619, 0.066204, -0.0, 0.0, 0.0, 0.0, 1.0],
                [-0.080259, -0.903948, -0.420043, -0.0, 0.005153, -0.421773, 0.906687, 0.400001, -0.996761, 0.070605, 0.038509, -0.0, 0.0, 0.0, 0.0, 1.0],
                [-0.119495, -0.899168, -0.420973, -0.0, -0.029957, -0.420552, 0.906774, 0.400001, -0.992383, 0.120966, 0.023318, 0.0, 0.0, 0.0, 0.0, 1.0],
                [-0.165302, -0.938332, -0.303659, -0.0, -0.052691, -0.299052, 0.952781, 0.400001, -0.984834, 0.173496, -8e-06, -0.0, 0.0, 0.0, 0.0, 1.0]
            ]
        },
        {
            "name": "Arm_L",
            "time": [0.0, 0.1, 0.1333, 0.1667, 0.2, 0.2333, 0.2667, 0.3, 0.4, 0.6, 0.9, 1.1, 1.3, 1.5],
            "transform": [
                [-0.326697, 0.930852, -0.163667, 1.9e-05, -0.589291, -0.336007, -0.734735, 0.388503, -0.73892, -0.143586, 0.658315, -0.000909, 0.0, 0.0, 0.0, 1.0],
                [0.286621, 0.955708, 0.06687, 1.9e-05, -0.630096, 0.240627, -0.738292, 0.388503, -0.721683, 0.169476, 0.671157, -0.000909, 0.0, 0.0, 0.0, 1.0],
                [0.955772, 0.07237, 0.285066, 1.9e-05, 0.077425, 0.873152, -0.481261, 0.388503, -0.283733, 0.482048, 0.82893, -0.000909, 0.0, 0.0, 0.0, 1.0],
                [0.991751, -0.110435, 0.065064, 1.9e-05, 0.122055, 0.96866, -0.216332, 0.388503, -0.039135, 0.22249, 0.97415, -0.000909, 0.0, 0.0, 0.0, 1.0],
                [0.997249, 0.002823, 0.074052, 1.9e-05, -0.008486, 0.997051, 0.07627, 0.388503, -0.073619, -0.076687, 0.994333, -0.000909, 0.0, 0.0, 0.0, 1.0],
                [0.925013, -0.28666, -0.249351, 1.9e-05, 0.332831, 0.92791, 0.167949, 0.388503, 0.183231, -0.238346, 0.953739, -0.000909, 0.0, 0.0, 0.0, 1.0],
                [0.272393, 0.818625, 0.505623, 1.9e-05, 0.004223, 0.524472, -0.851417, 0.388503, -0.962177, 0.234056, 0.139406, -0.000909, 0.0, 0.0, 0.0, 1.0],
                [-0.501851, 0.692803, 0.517849, 1.9e-05, 0.292808, 0.69943, -0.651967, 0.388503, -0.813884, -0.175559, -0.553869, -0.000909, 0.0, 0.0, 0.0, 1.0],
                [-0.543976, -0.651052, -0.529361, 1.9e-05, -0.701716, 0.007049, 0.71242, 0.388503, -0.460091, 0.759001, -0.460688, -0.000909, 0.0, 0.0, 0.0, 1.0],
                [0.288655, 0.318413, 0.902934, 1.9e-05, -0.174978, 0.944739, -0.277218, 0.388503, -0.941308, -0.077974, 0.328418, -0.000909, 0.0, 0.0, 0.0, 1.0],
                [0.065187, 0.644119, 0.762142, 1.9e-05, -0.20544, 0.756068, -0.621414, 0.388503, -0.976496, -0.116067, 0.181613, -0.000909, 0.0, 0.0, 0.0, 1.0],
                [-0.329466, 0.876821, -0.350198, 1.9e-05, -0.57433, -0.480509, -0.662763, 0.388503, -0.749398, -0.017229, 0.661896, -0.000909, 0.0, 0.0, 0.0, 1.0],
                [-0.503547, 0.829256, -0.242435, 1.9e-05, -0.7544, -0.558789, -0.344433, 0.388503, -0.421093, 0.009454, 0.906968, -0.000909, 0.0, 0.0, 0.0, 1.0],
                [-0.248832, 0.945421, 0.210385, 1.9e-05, -0.940243, -0.183665, -0.286724, 0.388503, -0.232434, -0.269159, 0.934628, -0.000909, 0.0, 0.0, 0.0, 1.0]
            ]
        },
        {
            "name": "Hand_L",
            "time": [0.0, 0.1, 0.1333, 0.1667, 0.2, 0.2667, 0.3, 0.4, 0.6, 0.9, 1.1, 1.3, 1.5],
            "transform": [
                [1.0, 1e-06, 0.0, 0.0, -0.0, 0.99999, -0.004629, 0.329779, -0.0, 0.004628, 0.999989, 0.0, 0.0, 0.0, 0.0, 1.0],
                [1.0, 1e-06, 1e-06, -0.0, 1e-06, 0.999991, -0.004262, 0.329779, 0.0, 0.004261, 0.999991, 0.0, 0.0, 0.0, 0.0, 1.0],
                [0.999999, 0.0, 0.0, 0.0, -0.0, 0.999989, -0.004487, 0.329779, -0.0, 0.004487, 0.99999, -0.0, 0.0, 0.0, 0.0, 1.0],
                [0.999999, 0.0, 0.0, 0.0, -0.0, 0.999987, -0.004749, 0.329779, -0.0, 0.004749, 0.999989, 0.0, 0.0, 0.0, 0.0, 1.0],
                [1.0, 0.0, 0.0, 0.0, -0.0, 0.999989, -0.004598, 0.329779, -0.0, 0.004598, 0.99999, 0.0, 0.0, 0.0, 0.0, 1.0],
                [0.999999, 0.0, 1e-06, -0.0, -0.0, 0.999988, -0.004991, 0.329779, -0.0, 0.004989, 0.999987, 0.0, 0.0, 0.0, 0.0, 1.0],
                [1.0, 0.0, 0.0, -0.0, -0.0, 0.861771, -0.507298, 0.329779, -0.0, 0.507297, 0.861771, 0.0, 0.0, 0.0, 0.0, 1.0],
                [0.999999, 0.0, -0.0, -0.0, -0.0, -0.566355, -0.824161, 0.329779, -0.0, 0.824162, -0.566354, -0.0, 0.0, 0.0, 0.0, 1.0],
                [1.0, 0.0, -0.0, 0.0, -0.0, 0.111087, -0.993811, 0.329779, -0.0, 0.99381, 0.111087, -0.0, 0.0, 0.0, 0.0, 1.0],
                [0.999999, 0.0, -0.0, 0.0, -0.0, -0.202169, -0.979351, 0.329779, -0.0, 0.97935, -0.202169, -0.0, 0.0, 0.0, 0.0, 1.0],
                [0.999999, 0.0, 0.0, 0.0, -0.0, 0.999989, -0.004563, 0.329779, -0.0, 0.004563, 0.99999, -0.0, 0.0, 0.0, 0.0, 1.0],
                [1.0, 0.0, 0.0, 0.0, -0.0, 0.999989, -0.004704, 0.329779, -0.0, 0.004704, 0.999989, 0.0, 0.0, 0.0, 0.0, 1.0],
                [1.0, 0.0, 0.0, 0.0, -0.0, 0.99999, -0.004453, 0.329779, -0.0, 0.004453, 0.99999, -0.0, 0.0, 0.0, 0.0, 1.0]
            ]
        },
        {
            "name": "Tool_L",
            "time": [0.0, 0.1, 0.1333, 0.1667, 0.2, 0.2667, 0.3, 0.4, 0.6, 0.9, 1.1, 1.3, 1.5],
            "transform": [
                [1.0, 0.0, 0.0, 0.02, 0.0, -1.0, -0.0, 0.291426, 0.0, 0.0, -1.0, -0.0, 0.0, 0.0, 0.0, 1.0],
                [1.0, 0.0, 0.0, 0.02, 0.0, -1.0, 0.0, 0.291426, 0.0, 0.0, -1.0, -0.0, 0.0, 0.0, 0.0, 1.0],
                [1.0, -0.0, 0.0, 0.02, -0.0, -1.0, 0.0, 0.291426, 0.0, 0.0, -1.0, 0.0, 0.0, 0.0, 0.0, 1.0],
                [1.0, -0.0, 0.0, 0.02, -0.0, -1.0, -0.0, 0.291426, 0.0, 0.0, -1.0, -0.0, 0.0, 0.0, 0.0, 1.0],
                [1.0, -0.0, 0.0, 0.02, -0.0, -1.0, 0.0, 0.291426, 0.0, 0.0, -1.0, -0.0, 0.0, 0.0, 0.0, 1.0],
                [1.0, 0.0, 0.0, 0.02, -0.0, -1.0, 0.0, 0.291426, 0.0, 0.0, -1.0, 0.0, 0.0, 0.0, 0.0, 1.0],
                [1.0, 0.0, 0.0, 0.02, -0.0, -1.0, -0.0, 0.291426, 0.0, -0.0, -1.0, -0.0, 0.0, 0.0, 0.0, 1.0],
                [1.0, -0.0, 0.0, 0.02, -0.0, -1.0, 0.0, 0.291426, 0.0, -0.0, -1.0, -0.0, 0.0, 0.0, 0.0, 1.0],
                [1.0, -0.0, 0.0, 0.02, 0.0, -1.0, -0.0, 0.291426, 0.0, 0.0, -1.0, -0.0, 0.0, 0.0, 0.0, 1.0],
                [1.0, 0.0, 0.0, 0.02, -0.0, -1.0, -0.0, 0.291426, 0.0, -0.0, -1.0, -0.0, 0.0, 0.0, 0.0, 1.0],
                [1.0, -0.0, 0.0, 0.02, 0.0, -1.0, -0.0, 0.291426, 0.0, 0.0, -1.0, -0.0, 0.0, 0.0, 0.0, 1.0],
                [1.0, 0.0, 0.0, 0.02, -0.0, -1.0, 0.0, 0.291426, 0.0, 0.0, -1.0, -0.0, 0.0, 0.0, 0.0, 1.0],
                [1.0, -0.0, 0.0, 0.02, -0.0, -1.0, -0.0, 0.291426, 0.0, 0.0, -1.0, 0.0, 0.0, 0.0, 0.0, 1.0]
            ]
        },
        {
            "name": "Elbow_L",
            "time": [0.0, 0.1, 0.1333, 0.1667, 0.2, 0.2667, 0.3, 0.4, 0.6, 0.9, 1.1, 1.3, 1.5],
            "transform": [
                [-1.0, -1e-06, -1e-06, -0.0, 1e-06, 0.002313, -0.999996, 0.329779, -0.0, -0.999996, -0.002313, 0.0, 0.0, 0.0, 0.0, 1.0],
                [-1.0, -0.0, -0.0, 0.0, 1e-06, 0.00213, -0.999996, 0.329779, -0.0, -0.999997, -0.00213, -0.0, 0.0, 0.0, 0.0, 1.0],
                [-1.0, -1e-06, -1e-06, 0.0, 1e-06, 0.002242, -0.999996, 0.329779, -0.0, -0.999996, -0.002242, 0.0, 0.0, 0.0, 0.0, 1.0],
