{
    "animation": [
        {
            "name": "Root",
            "time": [0.0, 0.1333, 0.2333, 0.2667, 0.3, 0.3333, 0.3667, 0.3833, 0.4, 0.45, 0.5, 0.8, 1.0, 1.1, 1.2, 1.3, 1.4, 1.5, 1.7],
            "transform": [
                [-0.950342, 0.097651, 0.295491, -5e-06, 0.307877, 0.433563, 0.846897, 0.000946, -0.045414, 0.895817, -0.442098, 0.510566, 0.0, 0.0, 0.0, 1.0],
                [0.414838, 0.058826, 0.907992, -5e-06, 0.79118, 0.469529, -0.391889, 0.289835, -0.449382, 0.880955, 0.148236, 0.365549, 0.0, 0.0, 0.0, 1.0],
                [0.985194, 0.051948, 0.163385, -0.00039, 0.124685, 0.436992, -0.890782, 0.727666, -0.117673, 0.897964, 0.424044, 0.511778, 0.0, 0.0, 0.0, 1.0],
                [0.985541, 0.064504, -0.156676, 0.010439, -0.169281, 0.414166, -0.894321, 0.877124, 0.007202, 0.907913, 0.419097, 0.505625, 0.0, 0.0, 0.0, 1.0],
                [0.884144, 0.148374, -0.44303, -5e-06, -0.464154, 0.387305, -0.79659, 1.146581, 0.053394, 0.909934, 0.411302, 0.550549, 0.0, 0.0, 0.0, 1.0],
                [0.421382, 0.130014, -0.897515, -5e-06, -0.869675, 0.338507, -0.359275, 1.115497, 0.257104, 0.931938, 0.255711, 0.652216, 0.0, 0.0, 0.0, 1.0],
                [-0.103896, 0.09261, -0.990267, -5e-06, -0.965332, 0.230324, 0.12282, 1.190181, 0.239457, 0.968697, 0.06547, 0.618882, 0.0, 0.0, 0.0, 1.0],
                [-0.313085, 0.074567, -0.946793, -5e-06, -0.919397, 0.226122, 0.321835, 1.232524, 0.238089, 0.971241, -0.002239, 0.592216, 0.0, 0.0, 0.0, 1.0],
                [-0.479008, 0.058827, -0.875837, -5e-06, -0.864741, 0.139907, 0.482337, 1.254866, 0.15091, 0.988416, -0.016146, 0.585549, 0.0, 0.0, 0.0, 1.0],
                [-0.599918, 0.029934, -0.799501, -5e-06, -0.78904, 0.143162, 0.597428, 1.303559, 0.132341, 0.989247, -0.062266, 0.525549, 0.0, 0.0, 0.0, 1.0],
                [-0.575539, 0.001606, -0.817773, -5e-06, -0.808333, 0.1504, 0.56919, 1.400946, 0.123907, 0.988624, -0.085263, 0.495549, 0.0, 0.0, 0.0, 1.0],
                [-0.802159, -0.025247, -0.596577, -5e-06, -0.592209, 0.16139, 0.789456, 1.400946, 0.07635, 0.986568, -0.144412, 0.465549, 0.0, 0.0, 0.0, 1.0],
                [-0.496984, -0.049097, -0.86637, -5e-06, -0.863213, 0.130035, 0.487805, 1.400946, 0.088708, 0.990293, -0.107006, 0.50529, 0.0, 0.0, 0.0, 1.0],
                [-0.131488, -0.058258, -0.989604, -5e-06, -0.987612, 0.093933, 0.125694, 1.400946, 0.085634, 0.993872, -0.069888, 0.545031, 0.0, 0.0, 0.0, 1.0],
                [0.20874, -0.054376, -0.976458, -5e-06, -0.975366, 0.061257, -0.211918, 1.400946, 0.071338, 0.99664, -0.040249, 0.584772, 0.0, 0.0, 0.0, 1.0],
                [0.477615, -0.042713, -0.87753, -5e-06, -0.877022, 0.036077, -0.479094, 1.400946, 0.052123, 0.998436, -0.020229, 0.624513, 0.0, 0.0, 0.0, 1.0],
                [0.669746, -0.028092, -0.742059, -5e-06, -0.741874, 0.018555, -0.670282, 1.400946, 0.032599, 0.999433, -0.008413, 0.664254, 0.0, 0.0, 0.0, 1.0],
                [0.761849, -0.018208, -0.647499, -5e-06, -0.647427, 0.010371, -0.762057, 1.400946, 0.020591, 0.99978, -0.003887, 0.690747, 0.0, 0.0, 0.0, 1.0],
                [0.882948, -0.0, -0.469472, -5e-06, -0.469472, 0.0, -0.882948, 1.400946, 0.0, 1.0, -0.0, 0.743735, 0.0, 0.0, 0.0, 1.0]
            ]
        },
        {
            "name": "Thigh_R",
            "time": [0.0, 0.1333, 0.2333, 0.3, 0.3333, 0.3667, 0.4, 0.5, 0.8, 1.0, 1.1, 1.2, 1.3, 1.4, 1.5, 1.7],
            "transform": [
                [0.967351, 0.115756, 0.225455, 0.124994, 0.218759, 0.067783, -0.973421, -0.002831, -0.127962, 0.990961, 0.040247, -1.2e-05, 0.0, 0.0, 0.0, 1.0],
                [0.498741, 0.514356, -0.697634, 0.124994, 0.605665, 0.368949, 0.705014, -0.002831, 0.62002, -0.774153, -0.127517, -1.2e-05, 0.0, 0.0, 0.0, 1.0],
                [0.985913, 0.165562, -0.023735, 0.124994, 0.060597, -0.221316, 0.973317, -0.002831, 0.155891, -0.961045, -0.228231, -1.2e-05, 0.0, 0.0, 0.0, 1.0],
                [0.964552, 0.262525, 0.026803, 0.124994, 0.217916, -0.849677, 0.480166, -0.00283, 0.14883, -0.457305, -0.876767, -1.2e-05, 0.0, 0.0, 0.0, 1.0],
                [0.995883, 0.084455, -0.0329, 0.124994, 0.090289, -0.892648, 0.441618, -0.00283, 0.007928, -0.442771, -0.896599, -1.2e-05, 0.0, 0.0, 0.0, 1.0],
                [0.984692, 0.160056, -0.069001, 0.124994, 0.172564, -0.839572, 0.51511, -0.00283, 0.024515, -0.519133, -0.854341, -1.2e-05, 0.0, 0.0, 0.0, 1.0],
                [0.973296, 0.203203, -0.106777, 0.124994, 0.227207, -0.786527, 0.574239, -0.002831, 0.032704, -0.583165, -0.811694, -1.2e-05, 0.0, 0.0, 0.0, 1.0],
                [0.936406, 0.329025, -0.122006, 0.124994, 0.340143, -0.765544, 0.546117, -0.00283, 0.086285, -0.552887, -0.828776, -1.2e-05, 0.0, 0.0, 0.0, 1.0],
                [0.979906, 0.145326, -0.136611, 0.124994, 0.199354, -0.735382, 0.647664, -0.00283, -0.006339, -0.661885, -0.749577, -1.2e-05, 0.0, 0.0, 0.0, 1.0],
                [0.90841, 0.410406, -0.079723, 0.124994, 0.393679, -0.77551, 0.493558, -0.00283, 0.140733, -0.479738, -0.86605, -1.2e-05, 0.0, 0.0, 0.0, 1.0],
                [0.940175, 0.311457, -0.138066, 0.124994, 0.316515, -0.648603, 0.692192, -0.00283, 0.126038, -0.694483, -0.708383, -1.2e-05, 0.0, 0.0, 0.0, 1.0],
                [0.965669, 0.2554, -0.047464, 0.124994, 0.229554, -0.753438, 0.616145, -0.00283, 0.121602, -0.605888, -0.786201, -1.2e-05, 0.0, 0.0, 0.0, 1.0],
                [0.991959, 0.111347, 0.060143, 0.124994, 0.055263, -0.808665, 0.585667, -0.002831, 0.113848, -0.577634, -0.808317, -1.2e-05, 0.0, 0.0, 0.0, 1.0],
                [0.986622, 0.140545, 0.082603, 0.124994, 0.089632, -0.890905, 0.445255, -0.002831, 0.13617, -0.431894, -0.891585, -1.2e-05, 0.0, 0.0, 0.0, 1.0],
                [0.984011, 0.144, 0.104808, 0.124994, 0.101189, -0.93628, 0.336362, -0.00283, 0.146565, -0.320378, -0.935882, -1.2e-05, 0.0, 0.0, 0.0, 1.0],
                [0.980608, 0.102475, 0.167048, 0.124994, 0.108986, -0.993581, -0.030257, -0.002831, 0.162875, 0.047876, -0.985484, -1.2e-05, 0.0, 0.0, 0.0, 1.0]
            ]
        },
        {
            "name": "Leg_R",
            "time": [0.0, 0.1333, 0.2333, 0.3, 0.3333, 0.3667, 0.4, 0.5, 0.8, 1.0, 1.1, 1.2, 1.3, 1.4, 1.5, 1.7],
            "transform": [
                [1.0, 4e-06, 2e-06, -0.0, -4e-06, 0.999986, 0.005364, 0.37472, -3e-06, -0.005365, 0.999984, 0.0, 0.0, 0.0, 0.0, 1.0],
                [1.0, -4e-06, 2e-06, -0.0, -4e-06, -0.471837, 0.881684, 0.37472, -2e-06, -0.881684, -0.471837, -0.0, 0.0, 0.0, 0.0, 1.0],
                [1.0, -3e-06, 4e-06, -0.0, -4e-06, -0.128071, 0.991764, 0.37472, -2e-06, -0.991764, -0.128071, 0.0, 0.0, 0.0, 0.0, 1.0],
                [1.0, -0.0, 5e-06, 0.0, -4e-06, 0.490695, 0.87133, 0.37472, -2e-06, -0.87133, 0.490695, -0.0, 0.0, 0.0, 0.0, 1.0],
                [1.0, 2e-06, 4e-06, 0.0, -4e-06, 0.880047, 0.474885, 0.37472, -3e-06, -0.474885, 0.880047, 0.0, 0.0, 0.0, 0.0, 1.0],
                [0.999999, 2e-06, 4e-06, -0.0, -4e-06, 0.883211, 0.468973, 0.37472, -2e-06, -0.468973, 0.883212, -0.0, 0.0, 0.0, 0.0, 1.0],
                [1.0, 3e-06, 4e-06, -0.0, -4e-06, 0.958645, 0.2846, 0.37472, -2e-06, -0.2846, 0.958646, -0.0, 0.0, 0.0, 0.0, 1.0],
                [1.0, 4e-06, 3e-06, -0.0, -4e-06, 0.999983, 0.0056, 0.37472, -2e-06, -0.0056, 0.999983, 0.0, 0.0, 0.0, 0.0, 1.0],
                [1.0, 4e-06, 3e-06, -0.0, -4e-06, 0.999986, 0.005005, 0.37472, -2e-06, -0.005005, 0.999986, 0.0, 0.0, 0.0, 0.0, 1.0],
                [1.0, 4e-06, 2e-06, -0.0, -4e-06, 0.999986, 0.005143, 0.37472, -2e-06, -0.005143, 0.999986, -0.0, 0.0, 0.0, 0.0, 1.0],
                [1.0, -0.0, 5e-06, -0.0, -4e-06, 0.456046, 0.889956, 0.37472, -2e-06, -0.889955, 0.456046, -0.0, 0.0, 0.0, 0.0, 1.0],
                [1.0, -1e-06, 5e-06, 0.0, -4e-06, 0.390407, 0.920643, 0.37472, -2e-06, -0.920641, 0.390407, -0.0, 0.0, 0.0, 0.0, 1.0],
                [1.000001, -1e-06, 5e-06, -0.0, -4e-06, 0.431428, 0.902148, 0.37472, -2e-06, -0.902147, 0.431428, 0.0, 0.0, 0.0, 0.0, 1.0],
                [1.000001, 0.0, 5e-06, -0.0, -4e-06, 0.599395, 0.800454, 0.37472, -2e-06, -0.800453, 0.599395, 0.0, 0.0, 0.0, 0.0, 1.0],
                [1.000001, 1e-06, 4e-06, -0.0, -4e-06, 0.723135, 0.690707, 0.37472, -3e-06, -0.690707, 0.723135, 0.0, 0.0, 0.0, 0.0, 1.0],
                [1.000001, 4e-06, 3e-06, -0.0, -4e-06, 0.992882, 0.119098, 0.37472, -3e-06, -0.119098, 0.992884, -0.0, 0.0, 0.0, 0.0, 1.0]
            ]
        },
        {
            "name": "Knee_R",
            "time": [0.0, 0.1333, 0.2333, 0.3, 0.3333, 0.3667, 0.4, 0.5, 0.8, 1.0, 1.1, 1.2, 1.3, 1.4, 1.5, 1.7],
            "transform": [
                [1.0, 2e-06, -4e-06, -0.0, -4e-06, 3e-06, -1.0, 0.37472, -2e-06, 1.0, 3e-06, 0.0, 0.0, 0.0, 0.0, 1.0],
                [1.0, 2e-06, -4e-06, 0.0, -4e-06, 3e-06, -1.0, 0.37472, -2e-06, 1.0, 3e-06, -0.0, 0.0, 0.0, 0.0, 1.0],
                [1.0, 2e-06, -4e-06, -0.0, -4e-06, 3e-06, -1.0, 0.37472, -2e-06, 1.0, 3e-06, 0.0, 0.0, 0.0, 0.0, 1.0],
                [1.0, 2e-06, -4e-06, 0.0, -4e-06, 3e-06, -1.0, 0.37472, -2e-06, 1.0, 3e-06, -0.0, 0.0, 0.0, 0.0, 1.0],
                [1.0, 2e-06, -4e-06, 0.0, -4e-06, 3e-06, -1.0, 0.37472, -2e-06, 1.0, 3e-06, 0.0, 0.0, 0.0, 0.0, 1.0],
                [1.0, 2e-06, -4e-06, -0.0, -4e-06, 3e-06, -1.0, 0.37472, -2e-06, 1.0, 3e-06, -0.0, 0.0, 0.0, 0.0, 1.0],
                [1.0, 2e-06, -4e-06, 0.0, -4e-06, 3e-06, -1.0, 0.37472, -2e-06, 1.0, 3e-06, 0.0, 0.0, 0.0, 0.0, 1.0],
                [1.0, 2e-06, -4e-06, -0.0, -4e-06, 3e-06, -1.0, 0.37472, -2e-06, 1.0, 3e-06, 0.0, 0.0, 0.0, 0.0, 1.0],
                [1.0, 2e-06, -4e-06, -0.0, -4e-06, 3e-06, -1.0, 0.37472, -2e-06, 1.0, 3e-06, 0.0, 0.0, 0.0, 0.0, 1.0],
                [1.0, 2e-06, -4e-06, -0.0, -4e-06, 3e-06, -1.0, 0.37472, -2e-06, 1.0, 3e-06, -0.0, 0.0, 0.0, 0.0, 1.0],
                [1.0, 2e-06, -4e-06, -0.0, -4e-06, 3e-06, -1.0, 0.37472, -2e-06, 1.0, 3e-06, -0.0, 0.0, 0.0, 0.0, 1.0],
                [1.0, 2e-06, -4e-06, -0.0, -4e-06, 3e-06, -1.0, 0.37472, -2e-06, 1.0, 3e-06, 0.0, 0.0, 0.0, 0.0, 1.0],
                [1.0, 2e-06, -4e-06, -0.0, -4e-06, 3e-06, -1.0, 0.37472, -2e-06, 1.0, 3e-06, 0.0, 0.0, 0.0, 0.0, 1.0],
                [1.0, 2e-06, -4e-06, -0.0, -4e-06, 3e-06, -1.0, 0.37472, -2e-06, 1.0, 3e-06, 0.0, 0.0, 0.0, 0.0, 1.0],
                [1.0, 2e-06, -4e-06, 0.0, -4e-06, 3e-06, -1.0, 0.37472, -2e-06, 1.0, 3e-06, -0.0, 0.0, 0.0, 0.0, 1.0],
                [1.0, 2e-06, -4e-06, -0.0, -4e-06, 3e-06, -1.0, 0.37472, -2e-06, 1.0, 3e-06, -0.0, 0.0, 0.0, 0.0, 1.0]
            ]
        },
        {
            "name": "Thigh_L",
            "time": [0.0, 0.1333, 0.2333, 0.3, 0.3333, 0.3667, 0.4, 0.5, 0.8, 1.0, 1.1, 1.2, 1.3, 1.4, 1.5, 1.7],
            "transform": [
                [0.5659, 0.46109, 0.683486, -0.125006, 0.729838, 0.105475, -0.675434, -0.002831, -0.383526, 0.881062, -0.276832, -1.2e-05, 0.0, 0.0, 0.0, 1.0],
                [0.882224, -0.451074, -0.13495, -0.125006, -0.466645, -0.875823, -0.123188, -0.002831, -0.062625, 0.171652, -0.983164, -1.2e-05, 0.0, 0.0, 0.0, 1.0],
                [0.989937, -0.11166, -0.086929, -0.125006, -0.140785, -0.83915, -0.525364, -0.00283, -0.014284, 0.532315, -0.846426, -1.2e-05, 0.0, 0.0, 0.0, 1.0],
                [0.962281, 0.270208, -0.031627, -0.125006, 0.207431, -0.803952, -0.557343, -0.002831, -0.176026, 0.529761, -0.829679, -1.2e-05, 0.0, 0.0, 0.0, 1.0],
                [0.947239, 0.306417, -0.094049, -0.125006, 0.271292, -0.922712, -0.273863, -0.00283, -0.170697, 0.233899, -0.957159, -1.2e-05, 0.0, 0.0, 0.0, 1.0],
                [0.984374, 0.027955, -0.173854, -0.125006, 0.087149, -0.93526, 0.343063, -0.00283, -0.153009, -0.352853, -0.923083, -1.2e-05, 0.0, 0.0, 0.0, 1.0],
                [0.989268, -0.123301, -0.078394, -0.125006, -0.091376, -0.940748, 0.326561, -0.002831, -0.114014, -0.315893, -0.941919, -1.2e-05, 0.0, 0.0, 0.0, 1.0],
                [0.957503, -0.272366, -0.094884, -0.125006, -0.246929, -0.944126, 0.218292, -0.00283, -0.149038, -0.185585, -0.97126, -1.2e-05, 0.0, 0.0, 0.0, 1.0],
                [0.947932, -0.173836, -0.266843, -0.125006, -0.164443, -0.984718, 0.057332, -0.00283, -0.272732, -0.010466, -0.962032, -1.2e-05, 0.0, 0.0, 0.0, 1.0],
                [0.944614, -0.314337, -0.094316, -0.125006, -0.290819, -0.934934, 0.203279, -0.00283, -0.152077, -0.164591, -0.974568, -1.2e-05, 0.0, 0.0, 0.0, 1.0],
                [0.924325, -0.380701, 0.026262, -0.125006, -0.365099, -0.862223, 0.351103, -0.00283, -0.111022, -0.334121, -0.935968, -1.2e-05, 0.0, 0.0, 0.0, 1.0],
                [0.919517, -0.387021, 0.068577, -0.125006, -0.371818, -0.799938, 0.471009, -0.002831, -0.127433, -0.458599, -0.879458, -1.2e-05, 0.0, 0.0, 0.0, 1.0],
                [0.93342, -0.356884, 0.036896, -0.125006, -0.320209, -0.782251, 0.534368, -0.00283, -0.161845, -0.510604, -0.844446, -1.2e-05, 0.0, 0.0, 0.0, 1.0],
                [0.961049, -0.267606, -0.069075, -0.125006, -0.197756, -0.840433, 0.504544, -0.00283, -0.193072, -0.471232, -0.860618, -1.2e-05, 0.0, 0.0, 0.0, 1.0],
                [0.966897, -0.221999, -0.125804, -0.125006, -0.14438, -0.882494, 0.447616, -0.00283, -0.210391, -0.414635, -0.885332, -1.2e-05, 0.0, 0.0, 0.0, 1.0],
                [0.96699, -0.115233, -0.227273, -0.125006, -0.072785, -0.979656, 0.187026, -0.002831, -0.244201, -0.16431, -0.955703, -1.2e-05, 0.0, 0.0, 0.0, 1.0]
            ]
        },
        {
            "name": "Leg_L",
            "time": [0.0, 0.1333, 0.2333, 0.3, 0.3333, 0.3667, 0.4, 0.5, 0.8, 1.0, 1.1, 1.2, 1.3, 1.4, 1.5, 1.7],
            "transform": [
                [0.999999, 1e-06, 1e-06, -0.0, -1e-06, 0.999986, 0.004947, 0.37472, -1e-06, -0.004947, 0.999986, 0.0, 0.0, 0.0, 0.0, 1.0],
                [0.999999, 1e-06, 1e-06, -0.0, -1e-06, 0.999984, 0.005205, 0.37472, -1e-06, -0.005206, 0.999985, -0.0, 0.0, 0.0, 0.0, 1.0],
                [0.999999, 1e-06, 1e-06, 0.0, -1e-06, 0.999986, 0.004861, 0.37472, -1e-06, -0.004861, 0.999986, -0.0, 0.0, 0.0, 0.0, 1.0],
                [0.999999, 1e-06, 1e-06, -0.0, -1e-06, 0.999987, 0.004721, 0.37472, -1e-06, -0.004721, 0.999987, 0.0, 0.0, 0.0, 0.0, 1.0],
                [0.999999, 1e-06, 1e-06, -0.0, -1e-06, 0.999986, 0.004979, 0.37472, -1e-06, -0.004979, 0.999985, 0.0, 0.0, 0.0, 0.0, 1.0],
                [0.999999, -1e-06, 1e-06, -0.0, -1e-06, 0.185718, 0.982601, 0.37472, -1e-06, -0.982601, 0.185718, 0.0, 0.0, 0.0, 0.0, 1.0],
                [0.999999, -1e-06, 1e-06, -0.0, -1e-06, 0.260975, 0.965344, 0.37472, -1e-06, -0.965343, 0.260975, -0.0, 0.0, 0.0, 0.0, 1.0],
                [0.999999, -1e-06, 1e-06, 0.0, -1e-06, 0.03725, 0.999304, 0.37472, -1e-06, -0.999304, 0.03725, 0.0, 0.0, 0.0, 0.0, 1.0],
                [0.999999, -1e-06, 1e-06, 0.0, -1e-06, 0.052044, 0.998643, 0.37472, -1e-06, -0.998643, 0.052044, 0.0, 0.0, 0.0, 0.0, 1.0],
                [0.999999, -1e-06, 1e-06, 0.0, -1e-06, 0.084174, 0.996449, 0.37472, -1e-06, -0.996449, 0.084174, -0.0, 0.0, 0.0, 0.0, 1.0],
                [0.999999, -1e-06, 1e-06, -0.0, -1e-06, 0.162494, 0.986708, 0.37472, -1e-06, -0.986708, 0.162494, 0.0, 0.0, 0.0, 0.0, 1.0],
                [0.999999, -1e-06, 1e-06, -0.0, -1e-06, 0.290955, 0.956735, 0.37472, -1e-06, -0.956735, 0.290955, 0.0, 0.0, 0.0, 0.0, 1.0],
                [0.999999, -0.0, 1e-06, -0.0, -1e-06, 0.456152, 0.8899, 0.37472, -1e-06, -0.8899, 0.456152, 0.0, 0.0, 0.0, 0.0, 1.0],
                [0.999999, 0.0, 1e-06, -0.0, -1e-06, 0.588516, 0.808484, 0.37472, -1e-06, -0.808484, 0.588515, -0.0, 0.0, 0.0, 0.0, 1.0],
                [1.0, 0.0, 2e-06, 0.0, -1e-06, 0.707033, 0.707179, 0.37472, -1e-06, -0.70718, 0.707032, -0.0, 0.0, 0.0, 0.0, 1.0],
                [1.0, 1e-06, 1e-06, -0.0, -1e-06, 0.975648, 0.219342, 0.37472, -1e-06, -0.219342, 0.975647, -0.0, 0.0, 0.0, 0.0, 1.0]
            ]
        },
        {
            "name": "Knee_L",
            "time": [0.0, 0.1333, 0.2333, 0.3, 0.3333, 0.3667, 0.4, 0.5, 0.8, 1.0, 1.1, 1.2, 1.3, 1.4, 1.5, 1.7],
            "transform": [
                [0.999997, 1e-06, -0.0, -0.0, -2e-06, 0.002476, -0.999996, 0.37472, -2e-06, 0.999994, 0.002474, 0.0, 0.0, 0.0, 0.0, 1.0],
                [0.999999, 1e-06, -3e-06, -0.0, -2e-06, 0.002603, -0.999996, 0.37472, -2e-06, 0.999995, 0.002604, -0.0, 0.0, 0.0, 0.0, 1.0],
                [1.0, 0.0, -2e-06, 0.0, -1e-06, 0.002431, -0.999996, 0.37472, -1e-06, 0.999996, 0.002431, 0.0, 0.0, 0.0, 0.0, 1.0],
                [1.0, 0.0, -1e-06, -0.0, -2e-06, 0.002361, -0.999996, 0.37472, -0.0, 0.999996, 0.002361, 0.0, 0.0, 0.0, 0.0, 1.0],
                [1.0, -1e-06, -1e-06, 0.0, -2e-06, 0.00249, -0.999997, 0.37472, 1e-06, 0.999996, 0.00249, -0.0, 0.0, 0.0, 0.0, 1.0],
                [1.0, 1e-06, -1e-06, -0.0, -1e-06, 0.638077, -0.769973, 0.37472, -0.0, 0.769972, 0.638076, 0.0, 0.0, 0.0, 0.0, 1.0],
                [1.0, 1e-06, -1e-06, -0.0, -1e-06, 0.607876, -0.794032, 0.37472, -0.0, 0.794032, 0.607876, -0.0, 0.0, 0.0, 0.0, 1.0],
                [1.0, 2e-06, -1e-06, 0.0, -2e-06, 0.693814, -0.720155, 0.37472, -1e-06, 0.720156, 0.693813, 0.0, 0.0, 0.0, 0.0, 1.0],
                [1.0, 1e-06, -1e-06, -0.0, -1e-06, 0.688462, -0.725273, 0.37472, -0.0, 0.725273, 0.688462, 0.0, 0.0, 0.0, 0.0, 1.0],
                [1.0, 1e-06, -1e-06, -0.0, -1e-06, 0.676694, -0.736265, 0.37472, -0.0, 0.736265, 0.676694, -0.0, 0.0, 0.0, 0.0, 1.0],
                [1.0, 1e-06, -1e-06, -0.0, -1e-06, 0.647112, -0.762395, 0.37472, -0.0, 0.762395, 0.647112, -0.0, 0.0, 0.0, 0.0, 1.0],
                [1.0, 1e-06, -1e-06, -0.0, -1e-06, 0.595419, -0.803415, 0.37472, -0.0, 0.803415, 0.595419, 0.0, 0.0, 0.0, 0.0, 1.0],
                [1.0, 1e-06, -1e-06, -0.0, -1e-06, 0.521464, -0.853273, 0.37472, -0.0, 0.853273, 0.521464, 0.0, 0.0, 0.0, 0.0, 1.0],
                [1.0, 1e-06, -1e-06, 0.0, -1e-06, 0.453589, -0.891211, 0.37472, -0.0, 0.891211, 0.453589, -0.0, 0.0, 0.0, 0.0, 1.0],
                [1.0, 1e-06, -1e-06, 0.0, -1e-06, 0.382733, -0.923859, 0.37472, -0.0, 0.923859, 0.382733, -0.0, 0.0, 0.0, 0.0, 1.0],
                [1.0, 1e-06, -1e-06, 0.0, -1e-06, 0.110346, -0.993893, 0.37472, -0.0, 0.993893, 0.110346, -0.0, 0.0, 0.0, 0.0, 1.0]
            ]
        },
        {
            "name": "Torso",
            "time": [0.0, 0.1333, 0.2333, 0.3, 0.3333, 0.3667, 0.4, 0.5, 0.8, 1.0, 1.1, 1.2, 1.3, 1.4, 1.5, 1.7],
            "transform": [
                [0.998843, 0.047954, -0.003577, 0.0, -0.047954, 0.987787, -0.148243, 0.05, -0.003576, 0.148243, 0.988944, -0.0, 0.0, 0.0, 0.0, 1.0],
                [0.991781, 0.127878, -0.004134, -0.0, -0.127878, 0.989702, -0.064315, 0.05, -0.004133, 0.064315, 0.997921, 0.0, 0.0, 0.0, 0.0, 1.0],
                [0.99977, -0.021395, 0.000969, -0.0, 0.021395, 0.995673, -0.090422, 0.05, 0.00097, 0.090422, 0.995903, 0.0, 0.0, 0.0, 0.0, 1.0],
                [0.997197, -0.074792, 0.002054, 0.0, 0.074792, 0.995691, -0.054822, 0.05, 0.002055, 0.054822, 0.998494, 0.0, 0.0, 0.0, 0.0, 1.0],
                [0.999885, 0.006339, 0.013799, -0.0, -0.005524, 0.998282, -0.058331, 0.05, -0.014145, 0.058248, 0.998202, -0.0, 0.0, 0.0, 0.0, 1.0],
                [0.995836, 0.087598, 0.025236, -0.0, -0.085875, 0.994326, -0.062778, 0.05, -0.030592, 0.06035, 0.997708, 0.0, 0.0, 0.0, 0.0, 1.0],
                [0.985093, 0.168164, 0.03625, -0.0, -0.165447, 0.983863, -0.06812, 0.05, -0.047121, 0.061107, 0.997018, 0.0, 0.0, 0.0, 0.0, 1.0],
                [0.999866, -0.007244, 0.014715, -0.0, 0.009795, 0.983344, -0.181485, 0.05, -0.013156, 0.181605, 0.983284, 0.0, 0.0, 0.0, 0.0, 1.0],
                [0.995339, -0.095743, 0.011598, -0.0, 0.095743, 0.96648, -0.23822, 0.05, 0.011599, 0.23822, 0.971142, -0.0, 0.0, 0.0, 0.0, 1.0],
                [0.995895, -0.090163, -0.007966, -0.0, 0.086667, 0.975251, -0.203403, 0.05, 0.026109, 0.201877, 0.979063, 0.0, 0.0, 0.0, 0.0, 1.0],
                [0.996104, -0.083839, -0.027355, -0.0, 0.078094, 0.982677, -0.168065, 0.05, 0.040972, 0.165274, 0.985396, 0.0, 0.0, 0.0, 0.0, 1.0],
                [0.995962, -0.076784, -0.046519, -0.0, 0.070048, 0.988732, -0.132295, 0.05, 0.056153, 0.128503, 0.990118, -0.0, 0.0, 0.0, 0.0, 1.0],
                [0.995469, -0.069014, -0.065407, -0.0, 0.062551, 0.993396, -0.096183, 0.05, 0.071613, 0.091656, 0.993212, -0.0, 0.0, 0.0, 0.0, 1.0],
                [0.994627, -0.060549, -0.083972, 0.0, 0.055622, 0.996658, -0.05982, 0.05, 0.087314, 0.054828, 0.994671, -0.0, 0.0, 0.0, 0.0, 1.0],
                [0.993873, -0.05453, -0.096146, -0.0, 0.051327, 0.998051, -0.035485, 0.05, 0.097894, 0.030333, 0.994734, 0.0, 0.0, 0.0, 0.0, 1.0],
                [0.991907, -0.041629, -0.119948, -0.0, 0.043531, 0.998964, 0.013283, 0.05, 0.119271, -0.018397, 0.992691, 0.0, 0.0, 0.0, 0.0, 1.0]
            ]
        },
        {
            "name": "Chest",
            "time": [0.0, 0.1333, 0.2333, 0.2667, 0.3, 0.3333, 0.3667, 0.4, 0.5, 0.8, 1.0, 1.1, 1.2, 1.3, 1.4, 1.5, 1.7],
            "transform": [
                [0.989746, -0.117938, -0.080588, 0.0, 0.122514, 0.990974, 0.054401, 0.3, 0.073445, -0.063716, 0.995262, -0.0, 0.0, 0.0, 0.0, 1.0],
                [0.819486, 0.005049, 0.573077, -0.0, -0.004742, 0.999986, -0.002031, 0.3, -0.57308, -0.001053, 0.819499, -0.0, 0.0, 0.0, 0.0, 1.0],
                [0.809565, 0.006371, 0.586996, 0.0, -0.006003, 0.999978, -0.002575, 0.3, -0.587, -0.001439, 0.809586, 0.0, 0.0, 0.0, 0.0, 1.0],
                [0.981464, 0.044698, 0.186365, 0.0, -0.034478, 0.997736, -0.057728, 0.3, -0.188523, 0.050233, 0.980783, 0.0, 0.0, 0.0, 0.0, 1.0],
                [0.966335, 0.057293, -0.250826, 0.0, -0.083559, 0.99193, -0.095346, 0.3, 0.243339, 0.113095, 0.963325, 0.0, 0.0, 0.0, 0.0, 1.0],
                [0.985192, 0.109566, -0.131878, -0.0, -0.127576, 0.982331, -0.136923, 0.3, 0.114546, 0.15172, 0.981765, 0.0, 0.0, 0.0, 0.0, 1.0],
                [0.997227, 0.069787, -0.025845, 0.0, -0.070102, 0.997473, -0.011502, 0.3, 0.024977, 0.013282, 0.9996, 0.0, 0.0, 0.0, 0.0, 1.0],
                [0.945964, 0.01913, -0.323708, -0.0, -0.026438, 0.999484, -0.018194, 0.3, 0.323194, 0.025769, 0.945982, -0.0, 0.0, 0.0, 0.0, 1.0],
                [0.945192, 0.136329, -0.296693, 0.0, -0.104501, 0.987175, 0.120686, 0.3, 0.309341, -0.083067, 0.947317, 0.0, 0.0, 0.0, 0.0, 1.0],
                [0.941239, 0.193056, -0.277125, -0.0, -0.14377, 0.971497, 0.188475, 0.3, 0.305612, -0.137558, 0.942167, -0.0, 0.0, 0.0, 0.0, 1.0],
                [0.934552, 0.168153, -0.313589, -0.0, -0.122756, 0.979549, 0.15942, 0.3, 0.333983, -0.110491, 0.936081, 0.0, 0.0, 0.0, 0.0, 1.0],
                [0.926275, 0.142057, -0.349049, -0.0, -0.102517, 0.986285, 0.129353, 0.3, 0.362637, -0.084033, 0.928134, 0.0, 0.0, 0.0, 0.0, 1.0],
                [0.916427, 0.114858, -0.383365, -0.0, -0.083134, 0.99167, 0.098378, 0.3, 0.391472, -0.058286, 0.918343, 0.0, 0.0, 0.0, 0.0, 1.0],
                [0.90504, 0.05003, -0.422373, 0.0, -0.064684, 0.997697, -0.020424, 0.3, 0.420379, 0.045806, 0.906192, -0.0, 0.0, 0.0, 0.0, 1.0],
                [0.892156, 0.057545, -0.448047, -0.0, -0.047235, 0.998299, 0.034162, 0.3, 0.449251, -0.009314, 0.893357, -0.0, 0.0, 0.0, 0.0, 1.0],
                [0.882761, 0.037694, -0.468308, 0.0, -0.036189, 0.99927, 0.012216, 0.3, 0.468426, 0.006164, 0.883481, -0.0, 0.0, 0.0, 0.0, 1.0],
                [0.862121, -0.002923, -0.506694, 0.0, -0.015575, 0.999358, -0.032265, 0.3, 0.506463, 0.035709, 0.861522, 0.0, 0.0, 0.0, 0.0, 1.0]
            ]
        },
        {
            "name": "Head",
            "time": [0.0, 0.1333, 0.1833, 0.2333, 0.2667, 0.3, 0.3333, 0.3667, 0.3833, 0.4, 0.45, 0.5, 0.8, 1.0, 1.1, 1.2, 1.3, 1.4, 1.5, 1.7],
            "transform": [
                [-0.485402, 0.099751, -0.868582, 0.0, 0.397662, 0.909948, -0.117729, 0.4, 0.77862, -0.402548, -0.481358, -0.0, 0.0, 0.0, 0.0, 1.0],
                [0.127159, -0.344131, -0.93027, -0.0, 0.331167, 0.898796, -0.28722, 0.4, 0.934965, -0.271552, 0.228256, 0.0, 0.0, 0.0, 0.0, 1.0],
                [0.314371, -0.289455, -0.904093, -0.0, 0.186444, 0.952658, -0.240172, 0.400001, 0.930812, -0.09306, 0.353455, 0.0, 0.0, 0.0, 0.0, 1.0],
                [0.718335, -0.182075, -0.671448, 0.0, 0.092371, 0.981562, -0.167346, 0.4, 0.689538, 0.058189, 0.721907, -0.0, 0.0, 0.0, 0.0, 1.0],
                [0.998676, -0.04416, -0.026365, 0.0, 0.040091, 0.989513, -0.138777, 0.4, 0.032217, 0.137537, 0.989972, -0.0, 0.0, 0.0, 0.0, 1.0],
                [0.820977, 0.080561, 0.565248, -0.0, 0.008255, 0.988218, -0.152834, 0.400001, -0.570901, 0.13014, 0.810639, -0.0, 0.0, 0.0, 0.0, 1.0],
                [0.493856, 0.147254, 0.856984, -0.0, -0.039904, 0.988358, -0.146831, 0.4, -0.868627, 0.038316, 0.493982, 0.0, 0.0, 0.0, 0.0, 1.0],
                [0.822156, 0.083839, 0.563053, 0.0, -0.071883, 0.996468, -0.043413, 0.400001, -0.564705, -0.004782, 0.82528, -0.0, 0.0, 0.0, 0.0, 1.0],
                [0.62901, 0.054526, 0.775482, 0.0, -0.105351, 0.994314, 0.015541, 0.4, -0.770225, -0.091473, 0.631179, 0.0, 0.0, 0.0, 0.0, 1.0],
                [0.407122, -0.064897, 0.911065, -0.0, -0.053512, 0.994065, 0.094723, 0.4, -0.911805, -0.087317, 0.401235, 0.0, 0.0, 0.0, 0.0, 1.0],
                [0.4312, -0.154712, 0.888893, 0.0, -0.102072, 0.9705, 0.218431, 0.400001, -0.896463, -0.184919, 0.402689, -0.0, 0.0, 0.0, 0.0, 1.0],
                [0.59741, -0.215096, 0.77255, 0.0, -0.100146, 0.935806, 0.337993, 0.4, -0.795657, -0.279288, 0.537519, 0.0, 0.0, 0.0, 0.0, 1.0],
                [0.464349, -0.354511, 0.811604, -0.0, -0.129655, 0.879309, 0.458265, 0.400001, -0.876109, -0.318023, 0.362342, -0.0, 0.0, 0.0, 0.0, 1.0],
                [0.586596, -0.277077, 0.761008, 0.0, -0.11168, 0.903006, 0.414862, 0.400001, -0.802141, -0.328346, 0.498756, 0.0, 0.0, 0.0, 0.0, 1.0],
                [0.668932, -0.20639, 0.714095, -0.0, -0.096622, 0.928387, 0.358836, 0.4, -0.737016, -0.309034, 0.601086, -0.0, 0.0, 0.0, 0.0, 1.0],
                [0.705417, -0.152336, 0.692228, -0.0, -0.085083, 0.95137, 0.296069, 0.400001, -0.703666, -0.267749, 0.658152, -0.0, 0.0, 0.0, 0.0, 1.0],
                [0.700792, -0.114758, 0.704075, 0.0, -0.13612, 0.94733, 0.289892, 0.4, -0.700258, -0.298993, 0.64826, 0.0, 0.0, 0.0, 0.0, 1.0],
                [0.662104, -0.087628, 0.744271, -0.0, -0.062289, 0.983269, 0.17118, 0.400001, -0.746818, -0.159699, 0.645568, 0.0, 0.0, 0.0, 0.0, 1.0],
                [0.620747, -0.071982, 0.780699, 0.0, -0.05231, 0.989755, 0.13285, 0.4, -0.782263, -0.123305, 0.610622, 0.0, 0.0, 0.0, 0.0, 1.0],
                [0.510053, -0.039893, 0.859217, -0.0, -0.027636, 0.997648, 0.062726, 0.4, -0.859699, -0.055739, 0.507751, 0.0, 0.0, 0.0, 0.0, 1.0]
            ]
        },
        {
            "name": "Shoulder_R",
            "time": [0.0, 0.1333, 0.2333, 0.3, 0.3333, 0.3667, 0.4, 0.5, 0.8, 1.0, 1.1, 1.2, 1.3, 1.4, 1.5, 1.7],
            "transform": [
                [-0.007348, 0.994804, 0.10153, 0.0, 0.001347, -0.101522, 0.994831, 0.4, 0.99997, 0.007447, -0.000594, -0.0, 0.0, 0.0, 0.0, 1.0],
                [0.117699, 0.988775, 0.09203, -0.0, -0.021008, -0.090174, 0.995703, 0.4, 0.992826, -0.119127, 0.010159, 0.0, 0.0, 0.0, 0.0, 1.0],
                [0.295153, 0.947657, 0.121772, 0.0, -0.056837, -0.109809, 0.992325, 0.4, 0.953757, -0.299809, 0.021451, -0.0, 0.0, 0.0, 0.0, 1.0],
                [0.176756, 0.979305, 0.098569, -0.0, -0.032081, -0.09436, 0.995019, 0.400001, 0.98373, -0.179039, 0.014739, -0.0, 0.0, 0.0, 0.0, 1.0],
                [-0.009392, 0.906376, 0.422363, -0.0, 0.003413, -0.42235, 0.906424, 0.4, 0.999949, 0.009954, 0.000873, 0.0, 0.0, 0.0, 0.0, 1.0],
                [-0.057119, 0.908115, 0.414802, 0.0, 0.020509, -0.414326, 0.909895, 0.400001, 0.998156, 0.06048, 0.005041, -0.0, 0.0, 0.0, 0.0, 1.0],
                [-0.104839, 0.907379, 0.407025, -0.0, 0.037162, -0.40542, 0.913372, 0.4, 0.993793, 0.110883, 0.008784, 0.0, 0.0, 0.0, 0.0, 1.0],
                [0.040422, 0.907416, 0.418282, 0.0, 0.458023, -0.388879, 0.799365, 0.4, 0.888019, 0.159271, -0.431336, 0.0, 0.0, 0.0, 0.0, 1.0],
                [0.110654, 0.91019, 0.399133, -0.0, 0.636519, -0.37333, 0.674881, 0.400001, 0.76328, 0.179378, -0.620663, -0.0, 0.0, 0.0, 0.0, 1.0],
                [0.091532, 0.915903, 0.390823, 0.0, 0.561305, -0.371635, 0.739474, 0.400001, 0.822531, 0.151685, -0.548117, 0.0, 0.0, 0.0, 0.0, 1.0],
                [0.073189, 0.92189, 0.380474, -0.0, 0.479263, -0.367072, 0.797222, 0.4, 0.874613, 0.123999, -0.468693, -0.0, 0.0, 0.0, 0.0, 1.0],
                [0.055935, 0.928067, 0.368186, -0.0, 0.391461, -0.359622, 0.847011, 0.400001, 0.918492, 0.096753, -0.383417, -0.0, 0.0, 0.0, 0.0, 1.0],
                [0.040055, 0.934341, 0.354119, 0.0, 0.299176, -0.349359, 0.887942, 0.4, 0.953356, 0.070378, -0.293526, 0.0, 0.0, 0.0, 0.0, 1.0],
                [0.025795, 0.940615, 0.338492, -0.0, 0.203842, -0.336439, 0.919378, 0.400001, 0.978663, 0.045283, -0.200416, 0.0, 0.0, 0.0, 0.0, 1.0],
                [0.017288, 0.944749, 0.327336, 0.0, 0.139337, -0.326467, 0.934882, 0.4, 0.990094, 0.029448, -0.137282, 0.0, 0.0, 0.0, 0.0, 1.0],
                [0.002855, 0.952781, 0.303644, -0.0, 0.010067, -0.303657, 0.952728, 0.4, 0.999946, 0.000337, -0.010458, 0.0, 0.0, 0.0, 0.0, 1.0]
            ]
        },
        {
            "name": "Arm_R",
            "time": [0.0, 0.1333, 0.2333, 0.2667, 0.3, 0.3333, 0.3667, 0.3833, 0.4, 0.5, 0.8, 1.0, 1.1, 1.2, 1.3, 1.4, 1.5, 1.7],
            "transform": [
                [0.15791, 0.868688, 0.469511, -1.9e-05, 0.401188, -0.490906, 0.77334, 0.388503, 0.902279, 0.066243, -0.426027, -0.00091, 0.0, 0.0, 0.0, 1.0],
                [-0.76285, -0.543982, 0.349487, -1.9e-05, -0.091881, -0.443831, -0.891385, 0.388502, 0.640011, -0.712103, 0.288596, -0.00091, 0.0, 0.0, 0.0, 1.0],
                [-0.172901, -0.61881, 0.766275, -1.9e-05, -0.756848, -0.414397, -0.505425, 0.388502, 0.630304, -0.66734, -0.396694, -0.00091, 0.0, 0.0, 0.0, 1.0],
                [0.258642, -0.620803, 0.74007, -1.9e-05, -0.8053, -0.561686, -0.189729, 0.388502, 0.53347, -0.546905, -0.64521, -0.00091, 0.0, 0.0, 0.0, 1.0],
                [0.42776, -0.663643, 0.613673, -1.9e-05, -0.628283, -0.706396, -0.325975, 0.388502, 0.649827, -0.246121, -0.719126, -0.00091, 0.0, 0.0, 0.0, 1.0],
                [0.314844, -0.74178, 0.592144, -1.9e-05, -0.180579, -0.659286, -0.729879, 0.388503, 0.931805, 0.122869, -0.341521, -0.00091, 0.0, 0.0, 0.0, 1.0],
                [0.350069, -0.649468, 0.675012, -1.9e-05, 0.443148, -0.520042, -0.730186, 0.388502, 0.825269, 0.554742, 0.105759, -0.00091, 0.0, 0.0, 0.0, 1.0],
                [0.773128, -0.602085, -0.199403, -1.9e-05, 0.131035, 0.459235, -0.878597, 0.388502, 0.620564, 0.653134, 0.433943, -0.00091, 0.0, 0.0, 0.0, 1.0],
                [0.581822, -0.679739, -0.446581, -1.9e-05, 0.146771, 0.627816, -0.764396, 0.388503, 0.799962, 0.379195, 0.465045, -0.00091, 0.0, 0.0, 0.0, 1.0],
                [0.34985, -0.355455, -0.866748, -1.9e-05, 0.263331, 0.925225, -0.273149, 0.388502, 0.899033, -0.13268, 0.417292, -0.00091, 0.0, 0.0, 0.0, 1.0],
                [0.265839, -0.293671, -0.918194, -1.9e-05, 0.23122, 0.944089, -0.235007, 0.388502, 0.935877, -0.149831, 0.318878, -0.00091, 0.0, 0.0, 0.0, 1.0],
                [0.421452, 0.239596, -0.874624, -2e-05, 0.729444, 0.483443, 0.483932, 0.388502, 0.538782, -0.841944, 0.028974, -0.00091, 0.0, 0.0, 0.0, 1.0],
                [0.359934, -0.329666, -0.872792, -1.9e-05, 0.293652, 0.927974, -0.229409, 0.388502, 0.885559, -0.173724, 0.430815, -0.00091, 0.0, 0.0, 0.0, 1.0],
                [0.48195, -0.078197, -0.872702, -1.9e-05, -0.131942, 0.978173, -0.160514, 0.388503, 0.866207, 0.192507, 0.461112, -0.00091, 0.0, 0.0, 0.0, 1.0],
                [0.52108, 0.085238, -0.849239, -1.9e-05, -0.750635, 0.519341, -0.408451, 0.388503, 0.406229, 0.850304, 0.334601, -0.00091, 0.0, 0.0, 0.0, 1.0],
                [0.728568, -0.247615, -0.63865, -1.9e-05, -0.478301, 0.483509, -0.733108, 0.388502, 0.490323, 0.839584, 0.233835, -0.00091, 0.0, 0.0, 0.0, 1.0],
                [0.627354, -0.616572, -0.475672, -1.9e-05, 0.053295, 0.643388, -0.763682, 0.388502, 0.776908, 0.453748, 0.436492, -0.00091, 0.0, 0.0, 0.0, 1.0],
                [0.26329, -0.699614, -0.664242, -1.9e-05, 0.596868, 0.659067, -0.457579, 0.388502, 0.75791, -0.275988, 0.591104, -0.00091, 0.0, 0.0, 0.0, 1.0]
            ]
        },
        {
            "name": "Hand_R",
            "time": [0.0, 0.1333, 0.2333, 0.3, 0.3333, 0.3667, 0.4, 0.5, 0.8, 1.0, 1.1, 1.2, 1.3, 1.4, 1.5, 1.7],
            "transform": [
                [0.999999, 0.0, 0.0, 0.0, -0.0, 0.999991, -0.004747, 0.329779, -0.0, 0.004747, 0.999991, -0.0, 0.0, 0.0, 0.0, 1.0],
                [0.999999, 0.0, 1e-06, 0.0, -0.0, 0.999992, -0.004649, 0.329779, -0.0, 0.004649, 0.99999, -0.0, 0.0, 0.0, 0.0, 1.0],
                [0.999999, 0.0, 0.0, -0.0, -0.0, 0.999987, -0.004971, 0.329779, -0.0, 0.004969, 0.999991, 0.0, 0.0, 0.0, 0.0, 1.0],
                [0.999999, 0.0, 1e-06, 0.0, -0.0, 0.999991, -0.004301, 0.329779, -0.0, 0.004301, 0.999993, -0.0, 0.0, 0.0, 0.0, 1.0],
                [0.999999, 0.0, 0.0, 0.0, -0.0, 0.999995, -0.004226, 0.329779, -0.0, 0.004227, 0.999992, 0.0, 0.0, 0.0, 0.0, 1.0],
                [0.999999, 0.0, 0.0, 0.0, -0.0, 0.999991, -0.004349, 0.329779, -1e-06, 0.004347, 0.999992, 0.0, 0.0, 0.0, 0.0, 1.0],
                [0.999999, 0.0, 0.0, -0.0, -0.0, 0.999992, -0.004429, 0.329779, -0.0, 0.004435, 0.999991, -0.0, 0.0, 0.0, 0.0, 1.0],
                [0.999999, 0.0, 0.0, 0.0, -1e-06, 0.999991, -0.004349, 0.329779, -0.0, 0.00435, 0.999994, -0.0, 0.0, 0.0, 0.0, 1.0],
                [0.999999, 0.0, 0.0, -0.0, -0.0, 0.999988, -0.004833, 0.329779, -0.0, 0.004831, 0.999994, -0.0, 0.0, 0.0, 0.0, 1.0],
                [0.999999, 0.0, 0.0, -0.0, -0.0, 0.999991, -0.004484, 0.329779, -1e-06, 0.004484, 0.999991, 0.0, 0.0, 0.0, 0.0, 1.0],
                [0.999999, 0.0, 0.0, 0.0, -0.0, 0.999989, -0.00484, 0.329779, -0.0, 0.00484, 0.99999, 0.0, 0.0, 0.0, 0.0, 1.0],
                [0.999999, 0.0, 0.0, -0.0, -0.0, 0.99999, -0.004591, 0.329779, -0.0, 0.004591, 0.999991, -0.0, 0.0, 0.0, 0.0, 1.0],
                [1.0, 0.0, 0.0, 0.0, -0.0, 0.99999, -0.004411, 0.329779, -1e-06, 0.004411, 0.999992, -0.0, 0.0, 0.0, 0.0, 1.0],
                [1.0, 0.0, 0.0, 0.0, -1e-06, 0.999988, -0.00474, 0.329779, -0.0, 0.004741, 0.999989, 0.0, 0.0, 0.0, 0.0, 1.0],
                [1.0, 0.0, 0.0, -0.0, -0.0, 0.99999, -0.0044, 0.329779, -0.0, 0.004402, 0.999991, 0.0, 0.0, 0.0, 0.0, 1.0],
                [1.0, 0.0, 0.0, 0.0, -1e-06, 0.999987, -0.004995, 0.329779, -0.0, 0.004995, 0.999987, -0.0, 0.0, 0.0, 0.0, 1.0]
            ]
        },
        {
            "name": "Tool_R",
            "time": [0.0, 0.1333, 0.1833, 0.2333, 0.2667, 0.3, 0.3333, 0.3667, 0.4, 0.5, 0.8, 1.0, 1.05, 1.1, 1.2, 1.3, 1.35, 1.4, 1.5, 1.7],
            "transform": [
                [1.0, 1e-06, 1e-06, -0.020001, 0.0, -0.994749, 0.102346, 0.291426, 1e-06, -0.102346, -0.994749, 1e-06, 0.0, 0.0, 0.0, 1.0],
                [1.0, 0.0, 0.0, -0.020002, 0.0, -0.999149, -0.04125, 0.316177, 1e-06, 0.04125, -0.999149, 0.59949, 0.0, 0.0, 0.0, 1.0],
                [1.0, 1e-06, 1e-06, -0.020002, 1e-06, -0.988792, -0.149301, 0.425275, 1e-06, 0.1493, -0.988792, 0.717384, 0.0, 0.0, 0.0, 1.0],
                [1.0, 1e-06, 1e-06, -0.020001, 2e-06, -0.996751, -0.08054, 0.374583, 1e-06, 0.08054, -0.996751, 0.859406, 0.0, 0.0, 0.0, 1.0],
                [1.0, 1e-06, -0.0, -0.02, 1e-06, -0.877573, 0.479444, -0.051793, 0.0, -0.479444, -0.877573, 0.584069, 0.0, 0.0, 0.0, 1.0],
                [1.0, -0.0, 0.0, -0.02, -0.0, -0.990225, -0.139474, 0.527764, 0.0, 0.139474, -0.990226, 0.999791, 0.0, 0.0, 0.0, 1.0],
                [1.0, -1e-06, 2e-06, -0.020003, -0.0, -0.945654, -0.325175, 0.700068, 3e-06, 0.325175, -0.945654, 1.188393, 0.0, 0.0, 0.0, 1.0],
                [1.0, -2e-06, 1e-06, -0.020002, -1e-06, -0.953025, -0.302892, 0.70037, 1e-06, 0.302892, -0.953025, 1.218411, 0.0, 0.0, 0.0, 1.0],
                [1.0, -1e-06, 1e-06, -0.020001, 0.0, -0.774528, -0.632539, 0.652278, 1e-06, 0.632539, -0.774528, 0.441854, 0.0, 0.0, 0.0, 1.0],
                [1.0, -1e-06, 1e-06, -0.020001, -1e-06, -0.918849, -0.394609, 0.506388, 1e-06, 0.394608, -0.918849, 0.507505, 0.0, 0.0, 0.0, 1.0],
                [1.0, -1e-06, 1e-06, -0.02, -1e-06, -0.98689, -0.161395, 0.365322, 1e-06, 0.161394, -0.98689, 0.585863, 0.0, 0.0, 0.0, 1.0],
                [0.927155, -0.093756, -0.362759, -0.02, 0.349397, -0.133275, 0.927448, 0.291425, -0.1353, -0.986635, -0.090808, 0.0, 0.0, 0.0, 0.0, 1.0],
                [0.473987, -0.85546, -0.208626, -0.02, 0.876097, 0.434421, 0.209123, 0.291425, -0.088265, -0.281898, 0.955376, -0.0, 0.0, 0.0, 0.0, 1.0],
                [0.432898, -0.401522, 0.807081, -0.02, 0.901126, 0.169, -0.399264, 0.291425, 0.023916, 0.900121, 0.434982, 0.0, 0.0, 0.0, 0.0, 1.0],
                [-0.36382, 0.923123, -0.124412, -0.02, 0.912318, 0.326201, -0.247526, 0.291425, -0.187914, -0.203558, -0.96086, 0.0, 0.0, 0.0, 0.0, 1.0],
                [0.121229, -0.578582, -0.806564, -0.02, 0.844765, -0.366536, 0.389902, 0.291425, -0.521225, -0.728625, 0.444331, -0.0, 0.0, 0.0, 0.0, 1.0],
                [0.002888, -0.843051, 0.537826, -0.02, 0.783949, 0.335803, 0.522169, 0.291425, -0.620818, 0.42012, 0.661879, 0.0, 0.0, 0.0, 0.0, 1.0],
                [0.502505, 0.348285, 0.79132, -0.02, 0.602604, 0.515226, -0.609434, 0.291425, -0.619965, 0.783096, 0.049026, -0.0, 0.0, 0.0, 0.0, 1.0],
                [-0.24128, 0.970249, -0.019995, -0.02, 0.582113, 0.128212, -0.802936, 0.291425, -0.776485, -0.205372, -0.59573, 0.0, 0.0, 0.0, 0.0, 1.0],
                [-0.173649, 0.984807, -0.0, -0.02, 0.696364, 0.122788, -0.707107, -0.132839, -0.696365, -0.122789, -0.707106, -0.282843, 0.0, 0.0, 0.0, 1.0]
            ]
        },
        {
            "name": "Elbow_R",
            "time": [0.0, 0.1333, 0.2333, 0.3, 0.3333, 0.3667, 0.4, 0.5, 0.8, 1.0, 1.1, 1.2, 1.3, 1.4, 1.5, 1.7],
            "transform": [
                [-0.999999, 1e-06, 0.0, 0.0, 1e-06, 0.002374, -0.999996, 0.329779, -1e-06, -0.999995, -0.002374, -0.0, 0.0, 0.0, 0.0, 1.0],
                [-0.999999, -0.0, 1e-06, -0.0, 0.0, 0.002323, -0.999996, 0.329779, 1e-06, -0.999997, -0.002324, -0.0, 0.0, 0.0, 0.0, 1.0],
                [-0.999999, -1e-06, 1e-06, 0.0, -1e-06, 0.002484, -0.999996, 0.329779, 1e-06, -0.999997, -0.002485, -0.0, 0.0, 0.0, 0.0, 1.0],
                [-1.0, -0.0, 0.0, -0.0, 0.0, 0.002151, -0.999997, 0.329779, -1e-06, -0.999997, -0.002151, 0.0, 0.0, 0.0, 0.0, 1.0],
                [-0.999999, -0.0, 0.0, 0.0, 1e-06, 0.002114, -0.999996, 0.329779, -1e-06, -0.999996, -0.002114, 0.0, 0.0, 0.0, 0.0, 1.0],
                [-0.999999, -1e-06, -2e-06, -0.0, 4e-06, 0.002174, -0.999996, 0.329779, -0.0, -0.999996, -0.002173, -0.0, 0.0, 0.0, 0.0, 1.0],
                [-1.0, 0.0, 0.0, -0.0, 0.0, 0.002216, -0.999996, 0.329779, 1e-06, -0.999997, -0.002217, 0.0, 0.0, 0.0, 0.0, 1.0],
                [-0.999999, -0.0, 0.0, 0.0, 0.0, 0.002175, -0.999997, 0.329779, 1e-06, -0.999998, -0.002175, -0.0, 0.0, 0.0, 0.0, 1.0],
                [-0.999999, -1e-06, 0.0, 0.0, -0.0, 0.002415, -0.999997, 0.329779, 1e-06, -0.999997, -0.002416, -0.0, 0.0, 0.0, 0.0, 1.0],
                [-1.0, -1e-06, -0.0, -0.0, -0.0, 0.002243, -0.999997, 0.329779, 0.0, -0.999998, -0.002243, 0.0, 0.0, 0.0, 0.0, 1.0],
                [-0.999999, -1e-06, 1e-06, 0.0, 0.0, 0.002419, -0.999997, 0.32978, 1e-06, -0.999996, -0.00242, 0.0, 0.0, 0.0, 0.0, 1.0],
                [-0.999999, -1e-06, 1e-06, -0.0, 0.0, 0.002294, -0.999996, 0.329779, 1e-06, -0.999996, -0.002295, 0.0, 0.0, 0.0, 0.0, 1.0],
                [-0.999999, 0.0, 0.0, -0.0, 1e-06, 0.002205, -0.999996, 0.329779, 1e-06, -0.999996, -0.002205, 0.0, 0.0, 0.0, 0.0, 1.0],
                [-1.0, 0.0, 1e-06, -0.0, 1e-06, 0.002369, -0.999995, 0.329779, 1e-06, -0.999995, -0.00237, 0.0, 0.0, 0.0, 0.0, 1.0],
                [-0.999999, -1e-06, 0.0, -0.0, 1e-06, 0.0022, -0.999996, 0.329779, 1e-06, -0.999996, -0.0022, 0.0, 0.0, 0.0, 0.0, 1.0],
