{
    "animation": [
        {
            "name": "Root",
            "time": [0.0, 0.1, 0.2, 0.3, 0.4, 0.5, 0.7, 0.9],
            "transform": [
                [0.023415, 0.058826, -0.997994, -5e-06, -0.951316, 0.30819, -0.004153, 0.000946, 0.307327, 0.949504, 0.063178, 0.582258, 0.0, 0.0, 0.0, 1.0],
                [-0.716858, 0.058826, -0.694733, -5e-06, -0.68, 0.161096, 0.715296, 0.2807, 0.153997, 0.985184, -0.075481, 0.712258, 0.0, 0.0, 0.0, 1.0],
                [-0.921845, -0.079149, -0.379391, -5e-06, -0.383917, 0.320385, 0.866003, 0.636776, 0.053008, 0.943975, -0.325732, 0.642514, 0.0, 0.0, 0.0, 1.0],
                [-0.972078, -0.196382, 0.128449, -5e-06, 0.042117, 0.392484, 0.918794, 0.87519, -0.230849, 0.898549, -0.373254, 0.53995, 0.0, 0.0, 0.0, 1.0],
                [-0.470405, -0.0, 0.88245, -5e-06, 0.706359, 0.599396, 0.376537, 1.410867, -0.528938, 0.800452, -0.281959, 0.432258, 0.0, 0.0, 0.0, 1.0],
                [0.877437, 0.029185, 0.478803, -5e-06, 0.462867, 0.210523, -0.861066, 2.087229, -0.125929, 0.977153, 0.171212, 0.452258, 0.0, 0.0, 0.0, 1.0],
                [0.020439, 0.08311, -0.996331, -5e-06, -0.977365, 0.211547, -0.002403, 2.699811, 0.210571, 0.973828, 0.085553, 0.460591, 0.0, 0.0, 0.0, 1.0],
                [-0.571098, 0.058826, -0.818771, -5e-06, -0.820547, -0.012427, 0.571444, 2.885196, 0.023441, 0.998191, 0.055367, 0.452258, 0.0, 0.0, 0.0, 1.0]
            ]
        },
        {
            "name": "Thigh_R",
            "time": [0.0, 0.1, 0.2, 0.3, 0.4, 0.5, 0.6, 0.7, 0.9],
            "transform": [
                [0.905607, 0.365921, -0.214428, 0.124994, 0.36592, -0.4185, 0.83124, -0.002831, 0.21443, -0.83124, -0.512894, -1.2e-05, 0.0, 0.0, 0.0, 1.0],
                [0.966653, 0.237979, -0.094585, 0.124994, 0.237979, -0.698369, 0.675014, -0.00283, 0.094585, -0.675014, -0.731716, -1.2e-05, 0.0, 0.0, 0.0, 1.0],
                [0.999375, -0.034874, -0.00487, 0.122607, -0.034874, -0.961167, -0.27375, 0.015812, 0.004866, 0.273751, -0.961785, 0.001266, 0.0, 0.0, 0.0, 1.0],
                [0.908938, 0.402364, 0.109254, 0.11988, 0.402363, -0.777852, -0.482753, 0.037117, -0.109258, 0.482752, -0.868915, 0.002726, 0.0, 0.0, 0.0, 1.0],
                [0.48875, 0.76447, -0.420366, 0.117323, 0.764468, -0.143108, 0.628576, 0.057091, 0.42037, -0.628574, -0.654357, 0.004094, 0.0, 0.0, 0.0, 1.0],
                [0.99877, 0.048928, -0.007786, 0.121925, 0.048931, -0.949366, 0.31017, 0.021138, 0.007785, -0.310169, -0.950597, 0.001631, 0.0, 0.0, 0.0, 1.0],
                [0.983704, 0.177695, 0.027317, 0.12346, 0.177699, -0.937876, -0.297927, 0.009154, -0.027322, 0.297927, -0.954171, 0.000809, 0.0, 0.0, 0.0, 1.0],
                [0.93649, 0.326444, -0.128142, 0.124994, 0.326444, -0.677941, 0.658658, -0.002831, 0.128142, -0.658657, -0.741451, -1.2e-05, 0.0, 0.0, 0.0, 1.0],
                [0.951482, 0.25849, -0.166928, 0.124994, 0.258488, -0.377155, 0.889347, -0.00283, 0.166929, -0.889347, -0.425673, -1.2e-05, 0.0, 0.0, 0.0, 1.0]
            ]
        },
        {
            "name": "Leg_R",
            "time": [0.0, 0.1, 0.2, 0.3, 0.4, 0.5, 0.6, 0.7, 0.9],
            "transform": [
                [0.999962, 0.002234, -0.008432, 0.0, 0.008723, -0.256439, 0.966522, 0.37472, -3e-06, -0.966558, -0.256449, 0.0, 0.0, 0.0, 0.0, 1.0],
                [0.999962, -0.000512, -0.008708, 0.0, 0.008723, 0.05837, 0.998254, 0.37472, -3e-06, -0.998297, 0.058372, 0.0, 0.0, 0.0, 0.0, 1.0],
                [0.999961, -0.006905, -0.00533, 0.0, 0.008723, 0.791363, 0.611284, 0.37472, -3e-06, -0.611307, 0.791393, -0.0, 0.0, 0.0, 0.0, 1.0],
                [0.999961, -0.005809, -0.006507, 0.0, 0.008723, 0.665708, 0.746161, 0.37472, -3e-06, -0.74619, 0.665733, 0.0, 0.0, 0.0, 0.0, 1.0],
                [0.999961, 0.001408, -0.008608, 0.0, 0.008723, -0.161639, 0.98681, 0.37472, -2e-06, -0.98685, -0.161645, 0.0, 0.0, 0.0, 0.0, 1.0],
                [0.999964, -0.001224, -0.008636, 0.0, 0.008723, 0.140154, 0.990094, 0.37472, -2e-06, -0.990128, 0.14016, -0.0, 0.0, 0.0, 0.0, 1.0],
                [0.999963, -0.00839, -0.002385, -0.0, 0.008723, 0.96178, 0.27368, 0.37472, -2e-06, -0.27369, 0.961819, -0.0, 0.0, 0.0, 0.0, 1.0],
                [0.999962, -0.007538, -0.004389, -0.0, 0.008723, 0.863984, 0.503443, 0.37472, -2e-06, -0.503462, 0.864017, 0.0, 0.0, 0.0, 0.0, 1.0],
                [0.999963, -0.0074, -0.004618, -0.0, 0.008722, 0.848148, 0.529686, 0.374721, -2e-06, -0.529706, 0.84818, -0.0, 0.0, 0.0, 0.0, 1.0]
            ]
        },
        {
            "name": "Knee_R",
            "time": [0.0, 0.1, 0.2, 0.3, 0.4, 0.5, 0.7, 0.9],
            "transform": [
                [0.999988, -0.000953, -0.004769, 0.0, -0.002153, 0.792605, -0.609731, 0.37472, 0.004362, 0.609734, 0.792594, 0.0, 0.0, 0.0, 0.0, 1.0],
                [0.999989, -0.001981, -0.004257, 0.0, -0.001737, 0.686159, -0.727449, 0.37472, 0.004361, 0.727449, 0.686148, 0.0, 0.0, 0.0, 0.0, 1.0],
                [0.999991, -0.003892, -0.002097, 0.0, -0.000728, 0.322962, -0.946412, 0.37472, 0.004361, 0.946405, 0.322956, -0.0, 0.0, 0.0, 0.0, 1.0],
                [0.99999, -0.003598, -0.002638, 0.0, -0.000936, 0.40882, -0.912614, 0.37472, 0.004362, 0.912608, 0.408813, 0.0, 0.0, 0.0, 0.0, 1.0],
                [0.999988, -0.001283, -0.004634, 0.0, -0.002023, 0.762117, -0.647436, 0.37472, 0.004362, 0.647438, 0.762105, 0.0, 0.0, 0.0, 0.0, 1.0],
                [0.999989, -0.002221, -0.004094, 0.0, -0.001635, 0.655684, -0.755035, 0.37472, 0.004361, 0.755032, 0.655672, -0.0, 0.0, 0.0, 0.0, 1.0],
                [0.99999, -0.004058, -0.0017, -0.0, -0.000583, 0.260753, -0.965405, 0.37472, 0.004361, 0.965397, 0.260748, 0.0, 0.0, 0.0, 0.0, 1.0],
                [0.999991, -0.004023, -0.001795, -0.0, -0.000617, 0.275519, -0.961296, 0.374721, 0.004361, 0.961287, 0.275513, -0.0, 0.0, 0.0, 0.0, 1.0]
            ]
        },
        {
            "name": "Thigh_L",
            "time": [0.0, 0.1, 0.2, 0.3, 0.4, 0.5, 0.6, 0.7, 0.9],
            "transform": [
                [0.982985, 0.180708, -0.032957, -0.125006, 0.180708, -0.919149, 0.350015, -0.002831, 0.032958, -0.350015, -0.936165, -1.2e-05, 0.0, 0.0, 0.0, 1.0],
                [0.999721, 0.02319, -0.004641, -0.125006, 0.02319, -0.922724, 0.384762, -0.00283, 0.00464, -0.384762, -0.923004, -1.2e-05, 0.0, 0.0, 0.0, 1.0],
                [0.998193, -0.059048, 0.011232, -0.125006, -0.059048, -0.928418, 0.366815, -0.002831, -0.011232, -0.366815, -0.930226, -1.2e-05, 0.0, 0.0, 0.0, 1.0],
                [0.998631, 0.051053, -0.011395, -0.125006, 0.051053, -0.903793, 0.424916, -0.00283, 0.011395, -0.424917, -0.905161, -1.2e-05, 0.0, 0.0, 0.0, 1.0],
                [0.971485, -0.236594, 0.015484, -0.125006, -0.236594, -0.963076, 0.128482, -0.002831, -0.015486, -0.128482, -0.99159, -1.2e-05, 0.0, 0.0, 0.0, 1.0],
                [0.929928, -0.363554, 0.055347, -0.125006, -0.363554, -0.886211, 0.287159, -0.00283, -0.055349, -0.287159, -0.956283, -1.2e-05, 0.0, 0.0, 0.0, 1.0],
                [0.928369, -0.371364, -0.014819, -0.125006, -0.063542, -0.197879, 0.978165, -0.00283, -0.366188, -0.907156, -0.207302, -1.2e-05, 0.0, 0.0, 0.0, 1.0],
                [0.762276, -0.62198, 0.179099, -0.125006, -0.62198, -0.627343, 0.468596, -0.002831, -0.179101, -0.468596, -0.865067, -1.2e-05, 0.0, 0.0, 0.0, 1.0],
                [0.991446, -0.130438, -0.004577, -0.125006, -0.130438, -0.988998, -0.069785, -0.00283, 0.004576, 0.069785, -0.997552, -1.2e-05, 0.0, 0.0, 0.0, 1.0]
            ]
        },
        {
            "name": "Leg_L",
            "time": [0.0, 0.1, 0.2, 0.3, 0.4, 0.5, 0.6, 0.7, 0.9],
            "transform": [
                [0.999999, -0.0, 2e-06, -0.0, -1e-06, 0.491887, 0.870659, 0.37472, -1e-06, -0.870659, 0.491887, 0.0, 0.0, 0.0, 0.0, 1.0],
                [1.0, 0.0, 2e-06, -0.0, -1e-06, 0.836632, 0.547765, 0.37472, -1e-06, -0.547765, 0.836632, 0.0, 0.0, 0.0, 0.0, 1.0],
                [1.0, 1e-06, 2e-06, -0.0, -1e-06, 0.889332, 0.457263, 0.37472, -1e-06, -0.457263, 0.889332, -0.0, 0.0, 0.0, 0.0, 1.0],
                [1.0, 0.0, 2e-06, -0.0, -1e-06, 0.820731, 0.571315, 0.37472, -1e-06, -0.571315, 0.820731, -0.0, 0.0, 0.0, 0.0, 1.0],
                [1.0, 1e-06, 1e-06, -0.0, -1e-06, 0.942166, 0.335144, 0.37472, -1e-06, -0.335143, 0.942167, 0.0, 0.0, 0.0, 0.0, 1.0],
                [0.999999, -0.0, 2e-06, -0.0, -1e-06, 0.419157, 0.907913, 0.37472, -1e-06, -0.907913, 0.419157, -0.0, 0.0, 0.0, 0.0, 1.0],
                [1.0, -1e-06, 1e-06, 0.0, -1e-06, -0.255789, 0.966732, 0.37472, -1e-06, -0.966732, -0.255789, 0.0, 0.0, 0.0, 0.0, 1.0],
                [1.0, -1e-06, 1e-06, 0.0, -1e-06, 0.020142, 0.999796, 0.37472, -1e-06, -0.999796, 0.020142, 0.0, 0.0, 0.0, 0.0, 1.0],
                [1.0, -0.0, 1e-06, 0.0, -1e-06, 0.34075, 0.940154, 0.37472, -1e-06, -0.940154, 0.340749, -0.0, 0.0, 0.0, 0.0, 1.0]
            ]
        },
        {
            "name": "Knee_L",
            "time": [0.0, 0.1, 0.2, 0.3, 0.4, 0.5, 0.7, 0.9],
            "transform": [
                [1.0, 1e-06, -1e-06, -0.0, -1e-06, 0.504042, -0.863679, 0.37472, -0.0, 0.86368, 0.504042, 0.0, 0.0, 0.0, 0.0, 1.0],
                [1.0, 1e-06, -1e-06, -0.0, -2e-06, 0.285805, -0.958288, 0.37472, -1e-06, 0.958288, 0.285805, 0.0, 0.0, 0.0, 0.0, 1.0],
                [1.0, 1e-06, -1e-06, -0.0, -1e-06, 0.235234, -0.971939, 0.37472, -0.0, 0.971939, 0.235233, -0.0, 0.0, 0.0, 0.0, 1.0],
                [1.0, 0.0, 0.0, -0.0, 0.0, 0.299391, -0.95413, 0.37472, -0.0, 0.95413, 0.299391, -0.0, 0.0, 0.0, 0.0, 1.0],
                [1.0, 0.0, -1e-06, -0.0, -2e-06, 0.17005, -0.985435, 0.37472, -0.0, 0.985436, 0.17005, 0.0, 0.0, 0.0, 0.0, 1.0],
                [1.0, 1e-06, -1e-06, -0.0, -1e-06, 0.538908, -0.842364, 0.37472, -1e-06, 0.842364, 0.538909, -0.0, 0.0, 0.0, 0.0, 1.0],
                [1.0, 1e-06, -1e-06, 0.0, -1e-06, 0.69995, -0.714191, 0.37472, -0.0, 0.714192, 0.699951, 0.0, 0.0, 0.0, 0.0, 1.0],
                [1.0, 1e-06, -1e-06, 0.0, -1e-06, 0.574131, -0.818763, 0.37472, -0.0, 0.818763, 0.574131, -0.0, 0.0, 0.0, 0.0, 1.0]
            ]
        },
        {
            "name": "Torso",
            "time": [0.0, 0.1, 0.2, 0.3, 0.4, 0.5, 0.6, 0.7, 0.9],
            "transform": [
                [0.998912, -0.04664, -0.000131, -0.0, 0.04664, 0.998896, 0.005596, 0.05, -0.00013, -0.005596, 0.999985, 0.0, 0.0, 0.0, 0.0, 1.0],
                [0.999988, -0.004852, 0.000157, -0.0, 0.004852, 0.997891, -0.064731, 0.05, 0.000157, 0.064731, 0.997903, 0.0, 0.0, 0.0, 0.0, 1.0],
                [0.999988, -0.004851, 0.000157, -0.0, 0.004851, 0.997891, -0.064727, 0.05, 0.000157, 0.064727, 0.997903, -0.0, 0.0, 0.0, 0.0, 1.0],
                [0.999988, -0.004852, 0.000157, -0.0, 0.004852, 0.997891, -0.064731, 0.05, 0.000157, 0.064731, 0.997903, -0.0, 0.0, 0.0, 0.0, 1.0],
                [0.985827, -0.167434, 0.01056, -0.0, 0.167434, 0.977958, -0.124755, 0.05, 0.010561, 0.124755, 0.992131, 0.0, 0.0, 0.0, 0.0, 1.0],
                [0.999961, -0.008825, -0.001099, -0.0, 0.008794, 0.999648, -0.025049, 0.05, 0.00132, 0.025039, 0.999685, -0.0, 0.0, 0.0, 0.0, 1.0],
                [0.999871, -0.01609, 0.000611, -0.0, 0.016038, 0.998597, 0.050471, 0.05, -0.001423, -0.050454, 0.998725, 0.0, 0.0, 0.0, 0.0, 1.0],
                [0.992562, -0.121394, 0.009196, -0.0, 0.121394, 0.981191, -0.150094, 0.05, 0.009197, 0.150094, 0.988629, 0.0, 0.0, 0.0, 0.0, 1.0],
                [0.978973, -0.202834, 0.021702, -0.0, 0.202834, 0.956573, -0.209349, 0.05, 0.021703, 0.209349, 0.9776, 0.0, 0.0, 0.0, 0.0, 1.0]
            ]
        },
        {
            "name": "Chest",
            "time": [0.0, 0.1, 0.2, 0.3, 0.4, 0.5, 0.6, 0.7, 0.9],
            "transform": [
                [0.381824, 0.043518, -0.92321, -0.0, -0.011738, 0.999038, 0.042238, 0.3, 0.924161, -0.005291, 0.381967, -0.0, 0.0, 0.0, 0.0, 1.0],
                [0.539201, -0.000606, -0.842177, -0.0, 0.039569, 0.998914, 0.024615, 0.3, 0.841247, -0.046596, 0.538639, 0.0, 0.0, 0.0, 0.0, 1.0],
                [0.964512, 0.157712, -0.211765, -0.0, -0.079867, 0.938706, 0.335339, 0.3, 0.251672, -0.306525, 0.917989, 0.0, 0.0, 0.0, 0.0, 1.0],
                [0.702535, 0.017848, 0.711426, -0.0, -0.457681, 0.77685, 0.432472, 0.3, -0.544953, -0.629432, 0.553933, -0.0, 0.0, 0.0, 0.0, 1.0],
                [0.201574, -0.20677, 0.9574, -0.0, -0.551975, 0.78349, 0.285425, 0.3, -0.80913, -0.585995, 0.043799, -0.0, 0.0, 0.0, 0.0, 1.0],
                [-0.253804, -0.156454, 0.954519, -0.0, 0.304789, 0.923623, 0.232432, 0.3, -0.91798, 0.349919, -0.186734, 0.0, 0.0, 0.0, 0.0, 1.0],
                [0.998085, -0.003779, 0.061737, -0.0, 0.010681, 0.993666, -0.111862, 0.3, -0.060923, 0.112307, 0.991804, 0.0, 0.0, 0.0, 0.0, 1.0],
                [0.888241, 0.032325, -0.458239, 0.0, 0.128018, 0.940587, 0.314497, 0.3, 0.441179, -0.338012, 0.831329, 0.0, 0.0, 0.0, 0.0, 1.0],
                [0.925719, 0.033102, -0.376761, 0.0, 0.173959, 0.847271, 0.501867, 0.3, 0.335832, -0.530129, 0.778576, -0.0, 0.0, 0.0, 0.0, 1.0]
            ]
        },
        {
            "name": "Head",
            "time": [0.0, 0.1, 0.2, 0.3, 0.4, 0.5, 0.7, 0.9],
            "transform": [
                [-0.912705, 0.186422, 0.363615, 0.0, 0.069614, 0.947796, -0.311187, 0.4, -0.402645, -0.25871, -0.878036, -0.0, 0.0, 0.0, 0.0, 1.0],
                [0.522194, 0.007289, 0.852795, -0.0, -0.161137, 0.982796, 0.090269, 0.400001, -0.837465, -0.184555, 0.514385, 0.0, 0.0, 0.0, 0.0, 1.0],
                [0.75167, -0.115217, -0.649398, -0.0, 0.125163, 0.99165, -0.031065, 0.4, 0.647554, -0.05793, 0.759814, 0.0, 0.0, 0.0, 0.0, 1.0],
                [-0.071253, -0.310432, -0.947921, 0.0, -0.271709, 0.920439, -0.281009, 0.4, 0.959738, 0.237536, -0.149931, -0.0, 0.0, 0.0, 0.0, 1.0],
                [-0.417833, -0.123872, -0.90004, 0.0, -0.130241, 0.988596, -0.075597, 0.4, 0.89914, 0.085635, -0.429201, -0.0, 0.0, 0.0, 0.0, 1.0],
                [0.213724, 0.283054, -0.934988, 0.0, -0.17616, 0.95258, 0.248113, 0.4, 0.960879, 0.11168, 0.253452, -0.0, 0.0, 0.0, 0.0, 1.0],
                [-0.078093, 0.117882, 0.989952, -0.0, -0.135642, 0.982494, -0.127695, 0.4, -0.987675, -0.144252, -0.060737, -0.0, 0.0, 0.0, 0.0, 1.0],
                [-0.522493, -0.027804, 0.85219, -0.0, 0.167662, 0.976604, 0.13466, 0.4, -0.835997, 0.213239, -0.505607, -0.0, 0.0, 0.0, 0.0, 1.0]
            ]
        },
        {
            "name": "Shoulder_R",
            "time": [0.0, 0.1, 0.2, 0.3, 0.4, 0.5, 0.6, 0.6333, 0.7, 0.9],
            "transform": [
                [-0.00804, 0.940336, 0.340153, 0.0, 0.002523, -0.340143, 0.940371, 0.4, 0.999964, 0.008419, 0.000363, -0.0, 0.0, 0.0, 0.0, 1.0],
                [0.049747, 0.994887, 0.087893, -0.0, -0.008787, -0.087562, 0.996121, 0.400001, 0.998723, -0.050327, 0.004386, 0.0, 0.0, 0.0, 0.0, 1.0],
                [0.011362, 0.996139, 0.087052, -0.0, -0.002005, -0.087035, 0.996203, 0.4, 0.999933, -0.011494, 0.001008, 0.0, 0.0, 0.0, 0.0, 1.0],
                [0.01223, 0.996127, 0.087059, 0.0, -0.002158, -0.087039, 0.996203, 0.4, 0.999923, -0.012371, 0.001085, -0.0, 0.0, 0.0, 0.0, 1.0],
                [0.035213, 0.995546, 0.08745, 0.0, -0.006213, -0.087284, 0.996165, 0.4, 0.999361, -0.035621, 0.003112, -0.0, 0.0, 0.0, 0.0, 1.0],
                [0.471997, 0.854062, 0.218626, 0.0, -0.115332, -0.186037, 0.97575, 0.4, 0.874023, -0.485766, 0.010692, -0.0, 0.0, 0.0, 0.0, 1.0],
                [0.018419, 0.908032, 0.418495, -0.0, -0.006658, -0.418446, 0.908217, 0.4, 0.999808, -0.019515, -0.001661, -0.0, 0.0, 0.0, 0.0, 1.0],
                [0.013634, 0.922861, 0.38489, 0.0, -0.004648, -0.384863, 0.922962, 0.400001, 0.999896, -0.014373, -0.000958, -0.0, 0.0, 0.0, 0.0, 1.0],
                [-0.076023, 0.925829, 0.370218, -0.0, 0.025236, -0.369387, 0.928933, 0.4, 0.996786, 0.079963, 0.004718, -0.0, 0.0, 0.0, 0.0, 1.0],
                [-0.122425, 0.907863, 0.400996, -0.0, 0.042953, -0.39881, 0.916027, 0.4, 0.991548, 0.129368, 0.009829, -0.0, 0.0, 0.0, 0.0, 1.0]
            ]
        },
        {
            "name": "Arm_R",
            "time": [0.0, 0.1, 0.2, 0.3, 0.4, 0.5, 0.6, 0.6333, 0.7, 0.9],
            "transform": [
                [-0.385074, -0.600481, -0.700813, -1.9e-05, -0.429242, 0.788769, -0.439991, 0.388502, 0.816987, 0.13139, -0.561487, -0.00091, 0.0, 0.0, 0.0, 1.0],
                [0.212475, -0.680965, -0.700813, -1.9e-05, -0.880144, 0.178192, -0.439992, 0.388502, 0.424499, 0.710303, -0.561487, -0.00091, 0.0, 0.0, 0.0, 1.0],
                [0.093811, -0.388726, -0.916564, -1.9e-05, -0.981164, -0.192249, -0.018888, 0.388503, -0.168866, 0.901072, -0.399439, -0.00091, 0.0, 0.0, 0.0, 1.0],
                [0.093811, -0.388726, -0.916564, -1.9e-05, -0.981164, -0.192249, -0.018888, 0.388502, -0.168867, 0.901072, -0.399439, -0.00091, 0.0, 0.0, 0.0, 1.0],
                [0.093811, -0.388726, -0.916564, -1.9e-05, -0.981164, -0.192249, -0.018888, 0.388503, -0.168866, 0.901072, -0.399439, -0.00091, 0.0, 0.0, 0.0, 1.0],
                [0.257105, -0.913997, 0.313856, -1.9e-05, -0.391583, -0.395449, -0.830833, 0.388502, 0.883492, 0.090711, -0.459578, -0.00091, 0.0, 0.0, 0.0, 1.0],
                [0.098418, -0.865711, 0.490772, -1.9e-05, -0.035103, -0.49588, -0.86768, 0.388502, 0.994526, 0.068168, -0.079192, -0.00091, 0.0, 0.0, 0.0, 1.0],
                [-0.127003, -0.982523, -0.136079, -1.9e-05, 0.134852, 0.118813, -0.983716, 0.388502, 0.982691, -0.143285, 0.117406, -0.00091, 0.0, 0.0, 0.0, 1.0],
                [-0.210431, -0.691504, -0.691042, -1.9e-05, 0.057569, 0.696878, -0.714875, 0.388503, 0.975912, -0.190214, -0.106835, -0.00091, 0.0, 0.0, 0.0, 1.0],
                [-0.017046, -0.53594, -0.844083, -1.9e-05, 0.156899, 0.832313, -0.531635, 0.388503, 0.987467, -0.141498, 0.069901, -0.00091, 0.0, 0.0, 0.0, 1.0]
            ]
        },
        {
            "name": "Hand_R",
            "time": [0.0, 0.1, 0.2, 0.3, 0.4, 0.5, 0.6, 0.6333, 0.7, 0.9],
            "transform": [
                [1.0, 0.0, 0.0, 0.0, -0.0, 0.995032, -0.099554, 0.329779, -0.0, 0.099554, 0.995032, 0.0, 0.0, 0.0, 0.0, 1.0],
                [1.0, 0.0, 0.0, 0.0, -0.0, 1.0, -0.0, 0.329779, -0.0, 0.0, 1.0, 0.0, 0.0, 0.0, 0.0, 1.0],
                [1.0, 0.0, 0.0, -0.0, -0.0, 1.0, -0.0, 0.329779, -0.0, 0.0, 1.0, -0.0, 0.0, 0.0, 0.0, 1.0],
                [1.0, 0.0, 1e-06, -0.0, -0.0, 1.0, -0.0, 0.329779, -1e-06, 0.0, 1.0, -0.0, 0.0, 0.0, 0.0, 1.0],
                [1.0, 0.0, 0.0, -0.0, -0.0, 0.999999, -0.0, 0.329779, -0.0, 0.0, 1.0, 0.0, 0.0, 0.0, 0.0, 1.0],
                [0.980084, 0.197975, -0.015511, 0.0, -0.183571, 0.873441, -0.451004, 0.329779, -0.07574, 0.44487, 0.892387, 0.0, 0.0, 0.0, 0.0, 1.0],
                [1.0, 0.0, 0.0, -0.0, -0.0, 0.992238, -0.124361, 0.329779, -0.0, 0.124361, 0.992237, 0.0, 0.0, 0.0, 0.0, 1.0],
                [1.0, 0.0, 0.0, 0.0, -0.0, 0.996688, -0.08133, 0.329779, -0.0, 0.08133, 0.996687, 0.0, 0.0, 0.0, 0.0, 1.0],
                [1.0, 0.0, 0.0, 0.0, -0.0, 0.998945, -0.045915, 0.329779, -0.0, 0.045915, 0.998946, 0.0, 0.0, 0.0, 0.0, 1.0],
                [1.0, 0.0, 0.0, 0.0, -0.0, 0.996902, -0.078656, 0.329779, -0.0, 0.078656, 0.996902, -0.0, 0.0, 0.0, 0.0, 1.0]
            ]
        },
        {
            "name": "Tool_R",
            "time": [0.0, 0.1, 0.2, 0.3, 0.4, 0.5, 0.6, 0.6333, 0.7, 0.9],
            "transform": [
                [1.0, -0.0, 0.0, -0.02, 0.0, -0.211044, -0.977476, 0.291425, 0.0, 0.977476, -0.211044, -0.0, 0.0, 0.0, 0.0, 1.0],
                [0.087156, 0.176344, 0.980462, -0.02, 0.996195, -0.015428, -0.08578, 0.291425, 0.0, 0.984208, -0.177018, 0.0, 0.0, 0.0, 0.0, 1.0],
                [0.101668, -0.636714, -0.764368, -0.02, 0.994804, 0.069253, 0.074631, 0.291425, 0.005417, -0.767984, 0.640447, 0.0, 0.0, 0.0, 0.0, 1.0],
                [0.007593, 0.650209, 0.759717, -0.02, 0.996195, -0.070885, 0.050711, 0.291425, 0.086825, 0.756441, -0.648273, 0.0, 0.0, 0.0, 0.0, 1.0],
                [0.007594, -0.895605, -0.444785, -0.02, 0.996195, 0.045395, -0.074399, 0.291425, 0.086823, -0.442527, 0.892542, 0.0, 0.0, 0.0, 0.0, 1.0],
                [0.966105, 0.216684, -0.140321, 0.065454, 0.05921, -0.715065, -0.696546, 0.715613, -0.251269, 0.664628, -0.703657, 0.428518, 0.0, 0.0, 0.0, 1.0],
                [1.0, 0.0, 0.0, -0.02, 0.0, -0.920411, -0.390951, 0.639934, 0.0, 0.390951, -0.920411, 0.933983, 0.0, 0.0, 0.0, 1.0],
                [1.0, 0.0, 0.0, -0.02, 0.0, -0.613935, -0.789356, 0.86318, 0.0, 0.789356, -0.613936, 0.52262, 0.0, 0.0, 0.0, 1.0],
                [1.0, 0.0, 0.0, -0.02, 0.0, -0.634226, -0.773148, 0.757129, 0.0, 0.773148, -0.634226, 0.410315, 0.0, 0.0, 0.0, 1.0],
                [1.0, 0.0, 0.0, -0.02, 0.0, -0.814821, -0.579713, 0.705784, 0.0, 0.579713, -0.814821, 0.582405, 0.0, 0.0, 0.0, 1.0]
            ]
        },
        {
            "name": "Elbow_R",
            "time": [0.0, 0.1, 0.2, 0.3, 0.4, 0.5, 0.7, 0.9],
            "transform": [
                [-1.0, -0.0, -1e-06, 0.0, 1e-06, 0.049839, -0.998757, 0.329779, 0.0, -0.998757, -0.049839, 0.0, 0.0, 0.0, 0.0, 1.0],
                [-1.0, -0.0, -1e-06, 0.0, 1e-06, 0.0, -1.0, 0.329779, 0.0, -1.0, -0.0, 0.0, 0.0, 0.0, 0.0, 1.0],
                [-1.0, -2e-06, 0.0, -0.0, -1e-06, -2e-06, -1.0, 0.329779, 2e-06, -1.0, 2e-06, -0.0, 0.0, 0.0, 0.0, 1.0],
                [-1.0, -3e-06, 1e-06, -0.0, -1e-06, 0.0, -1.000001, 0.329779, 3e-06, -1.0, -0.0, -0.0, 0.0, 0.0, 0.0, 1.0],
                [-1.0, -1e-06, -2e-06, -0.0, 2e-06, 1e-06, -1.0, 0.329779, 0.0, -1.0, -1e-06, 0.0, 0.0, 0.0, 0.0, 1.0],
                [-1.0, -0.0, -0.0, 0.0, 0.0, 0.229175, -0.973385, 0.329779, 0.0, -0.973385, -0.229175, 0.0, 0.0, 0.0, 0.0, 1.0],
                [-1.0, 0.0, -1e-06, 0.0, 1e-06, 0.022964, -0.999737, 0.329779, 0.0, -0.999736, -0.022964, 0.0, 0.0, 0.0, 0.0, 1.0],
                [-1.0, -0.0, -0.0, 0.0, 1e-06, 0.039358, -0.999225, 0.329779, 0.0, -0.999225, -0.039359, -0.0, 0.0, 0.0, 0.0, 1.0]
            ]
        },
        {
            "name": "Shoulder_L",
            "time": [0.0, 0.1, 0.2, 0.3, 0.4, 0.5, 0.6, 0.7, 0.9],
            "transform": [
                [0.00015, -0.95278, -0.303659, 0.0, 4e-05, -0.303659, 0.952781, 0.4, -1.0, -0.000155, -7e-06, -0.0, 0.0, 0.0, 0.0, 1.0],
                [0.000149, -0.952781, -0.303659, -0.0, 4e-05, -0.303659, 0.952781, 0.400001, -1.0, -0.000155, -7e-06, 0.0, 0.0, 0.0, 0.0, 1.0],
                [0.277942, -0.953398, -0.117386, -0.0, 0.052926, -0.106816, 0.99287, 0.4, -0.959138, -0.282173, 0.020771, 0.0, 0.0, 0.0, 0.0, 1.0],
                [0.00015, -0.952781, -0.303659, 0.0, 4e-05, -0.303659, 0.952781, 0.4, -1.0, -0.000155, -7e-06, -0.0, 0.0, 0.0, 0.0, 1.0],
                [0.459424, -0.832882, -0.308604, 0.0, 0.193941, -0.244993, 0.949929, 0.4, -0.866785, -0.496272, 0.048974, -0.0, 0.0, 0.0, 0.0, 1.0],
                [0.340087, -0.86288, -0.373872, 0.0, 0.114423, -0.356646, 0.927207, 0.4, -0.933406, -0.35811, -0.022558, -0.0, 0.0, 0.0, 0.0, 1.0],
                [0.237592, -0.88482, -0.400803, -0.0, 0.083589, -0.392464, 0.915962, 0.4, -0.967762, -0.251128, -0.019285, -0.0, 0.0, 0.0, 0.0, 1.0],
                [0.000149, -0.952781, -0.303659, -0.0, 4e-05, -0.303659, 0.952781, 0.4, -1.0, -0.000154, -8e-06, -0.0, 0.0, 0.0, 0.0, 1.0],
                [0.000149, -0.952781, -0.303659, -0.0, 4e-05, -0.303659, 0.952781, 0.4, -1.0, -0.000154, -8e-06, -0.0, 0.0, 0.0, 0.0, 1.0]
            ]
        },
        {
            "name": "Arm_L",
            "time": [0.0, 0.1, 0.2, 0.3, 0.4, 0.5, 0.6, 0.7, 0.9],
            "transform": [
                [-0.832228, 0.543386, -0.110131, 1.9e-05, -0.359755, -0.68039, -0.638471, 0.388503, -0.421869, -0.491734, 0.761725, -0.000909, 0.0, 0.0, 0.0, 1.0],
                [-0.440601, 0.769629, -0.462107, 1.9e-05, -0.875036, -0.483149, 0.02964, 0.388503, -0.200454, 0.41742, 0.886329, -0.000909, 0.0, 0.0, 0.0, 1.0],
                [-0.565143, 0.653325, -0.503764, 1.9e-05, -0.731679, -0.679022, -0.059786, 0.388503, -0.381127, 0.334806, 0.861769, -0.000909, 0.0, 0.0, 0.0, 1.0],
                [-0.832227, 0.543386, -0.110131, 1.9e-05, -0.359755, -0.68039, -0.638471, 0.388503, -0.421868, -0.491733, 0.761725, -0.000909, 0.0, 0.0, 0.0, 1.0],
                [-0.458292, 0.735062, -0.499652, 1.9e-05, -0.643358, -0.662223, -0.384123, 0.388503, -0.613235, 0.145414, 0.776401, -0.000909, 0.0, 0.0, 0.0, 1.0],
                [-0.390378, 0.91943, 0.047471, 1.9e-05, -0.658244, -0.242689, -0.712613, 0.388503, -0.643676, -0.309436, 0.69995, -0.000909, 0.0, 0.0, 0.0, 1.0],
                [-0.719987, 0.685989, -0.105066, 1.9e-05, -0.479871, -0.601478, -0.638708, 0.388503, -0.501342, -0.409444, 0.762241, -0.000909, 0.0, 0.0, 0.0, 1.0],
                [-0.41805, 0.881082, -0.221198, 1.9e-05, -0.339817, -0.377493, -0.861408, 0.388503, -0.842471, -0.284945, 0.457218, -0.000909, 0.0, 0.0, 0.0, 1.0],
                [-0.045776, 0.984528, -0.169144, 1.9e-05, -0.196217, -0.174884, -0.964839, 0.388503, -0.979491, -0.010978, 0.201187, -0.000909, 0.0, 0.0, 0.0, 1.0]
            ]
        },
        {
            "name": "Hand_L",
            "time": [0.0, 0.1, 0.2, 0.3, 0.4, 0.5, 0.6, 0.7, 0.9],
            "transform": [
                [1.0, 0.0, 0.0, 0.0, -0.0, 0.993491, -0.113907, 0.329779, -0.0, 0.113907, 0.993491, -0.0, 0.0, 0.0, 0.0, 1.0],
                [1.0, 0.0, 0.0, 0.0, -0.0, 0.993491, -0.113907, 0.329779, -0.0, 0.113907, 0.993491, -0.0, 0.0, 0.0, 0.0, 1.0],
                [1.0, 0.0, 0.0, 0.0, -0.0, 1.0, 1e-06, 0.329779, -0.0, -1e-06, 0.999999, -0.0, 0.0, 0.0, 0.0, 1.0],
                [1.0, 0.0, 0.0, -0.0, -0.0, 0.993491, -0.113907, 0.329779, -0.0, 0.113907, 0.993491, -0.0, 0.0, 0.0, 0.0, 1.0],
                [0.999999, 0.000946, -2e-06, 0.0, -0.000946, 0.999992, -0.003861, 0.329779, -2e-06, 0.003861, 0.999992, -0.0, 0.0, 0.0, 0.0, 1.0],
                [1.0, 0.0, 0.0, -0.0, -0.0, 1.0, 1e-06, 0.329779, -0.0, -1e-06, 1.0, -0.0, 0.0, 0.0, 0.0, 1.0],
                [1.0, 0.0, 0.0, 0.0, -0.0, 1.0, 1e-06, 0.329779, -0.0, -1e-06, 1.0, -0.0, 0.0, 0.0, 0.0, 1.0],
                [1.0, 1e-06, 0.0, 0.0, -0.0, 0.866833, -0.498597, 0.329779, -0.0, 0.498597, 0.866834, 0.0, 0.0, 0.0, 0.0, 1.0],
                [1.0, 1e-06, -0.0, 0.0, -1e-06, 0.687839, -0.725863, 0.329779, -0.0, 0.725862, 0.68784, -0.0, 0.0, 0.0, 0.0, 1.0]
            ]
        },
        {
            "name": "Tool_L",
            "time": [0.0, 0.1, 0.2, 0.3, 0.4, 0.5, 0.7, 0.9],
            "transform": [
                [1.0, -0.0, 0.0, 0.02, 0.0, -1.0, -0.0, 0.291426, 0.0, 0.0, -1.0, 0.0, 0.0, 0.0, 0.0, 1.0],
                [1.0, 0.0, 0.0, 0.02, -0.0, -1.0, -0.0, 0.291426, 0.0, -0.0, -1.0, 0.0, 0.0, 0.0, 0.0, 1.0],
                [1.0, 0.0, 0.0, 0.02, -0.0, -1.0, 0.0, 0.291426, 0.0, 0.0, -1.0, -0.0, 0.0, 0.0, 0.0, 1.0],
                [1.0, 0.0, 0.0, 0.02, -0.0, -1.0, 0.0, 0.291426, 0.0, 0.0, -1.0, 0.0, 0.0, 0.0, 0.0, 1.0],
                [1.0, 0.0, 0.0, 0.02, 0.0, -1.0, -0.0, 0.291426, 0.0, 0.0, -1.0, -0.0, 0.0, 0.0, 0.0, 1.0],
                [1.0, -0.0, 0.0, 0.02, -0.0, -1.0, 0.0, 0.291426, 0.0, -0.0, -1.0, 0.0, 0.0, 0.0, 0.0, 1.0],
                [1.0, -0.0, 0.0, 0.02, 0.0, -1.0, 0.0, 0.291426, 0.0, 0.0, -1.0, -0.0, 0.0, 0.0, 0.0, 1.0],
                [1.0, 0.0, 0.0, 0.02, -0.0, -1.0, -0.0, 0.291426, 0.0, -0.0, -1.0, -0.0, 0.0, 0.0, 0.0, 1.0]
            ]
        },
        {
            "name": "Elbow_L",
            "time": [0.0, 0.1, 0.2, 0.3, 0.4, 0.5, 0.7, 0.9],
            "transform": [
                [-1.0, 0.0, -0.0, 0.0, 0.0, 0.057046, -0.998372, 0.329779, -0.0, -0.998372, -0.057047, -0.0, 0.0, 0.0, 0.0, 1.0],
                [-1.0, -0.0, -0.0, 0.0, 0.0, 0.057046, -0.998372, 0.329779, 0.0, -0.998372, -0.057046, -0.0, 0.0, 0.0, 0.0, 1.0],
                [-1.0, -0.0, -0.0, 0.0, 0.0, -1e-06, -1.0, 0.329779, -0.0, -1.0, 0.0, -0.0, 0.0, 0.0, 0.0, 1.0],
                [-1.0, 0.0, -0.0, -0.0, 0.0, 0.057046, -0.998372, 0.329779, 0.0, -0.998371, -0.057046, -0.0, 0.0, 0.0, 0.0, 1.0],
                [-0.999999, 0.0, -1e-06, 0.0, -0.0, 0.00193, -0.999997, 0.329779, -0.0, -0.999996, -0.00193, -0.0, 0.0, 0.0, 0.0, 1.0],
                [-1.0, 0.0, -0.0, -0.0, 0.0, -1e-06, -1.0, 0.329779, 0.0, -1.0, 1e-06, -0.0, 0.0, 0.0, 0.0, 1.0],
                [-1.0, -0.0, -0.0, 0.0, 1e-06, 0.258037, -0.966135, 0.329779, -0.0, -0.966135, -0.258037, 0.0, 0.0, 0.0, 0.0, 1.0],
                [-1.0, -0.0, -1e-06, 0.0, 1e-06, 0.39507, -0.918652, 0.329779, 0.0, -0.918651, -0.39507, -0.0, 0.0, 0.0, 0.0, 1.0]
            ]
        }
    ]
}