{
    "armature": {
        "joints": ["Root", "Thigh_R", "Leg_R", "Knee_R", "Thigh_L", "Leg_L", "Knee_L", "Torso", "Chest", "Head", "Shoulder_R", "Arm_R", "Hand_R", "Tool_R", "Elbow_R", "Shoulder_L", "Arm_L", "Hand_L", "Tool_L", "Elbow_L"],
        "hierarchy": [
            {
                "name": "Root",
                "transform": [1.0, -0.0, 0.0, -5e-06, 0.0, 0.0, -1.0, 0.000946, 0.0, 1.0, 0.0, 0.773972, 0.0, 0.0, 0.0, 1.0],
                "children": [
                    {
                        "name": "Thigh_R",
                        "transform": [1.0, -4e-06, -2e-06, 0.124994, -4e-06, -1.0, 3e-06, -0.002831, -2e-06, -3e-06, -1.0, -1.2e-05, 0.0, 0.0, 0.0, 1.0],
                        "children": [
                            {
                                "name": "Leg_R",
                                "transform": [1.0, 4e-06, 2e-06, -0.0, -4e-06, 1.0, 3e-06, 0.37472, -2e-06, -3e-06, 1.0, 0.0, 0.0, 0.0, 0.0, 1.0],
                                "children": []
                            },
                            {
                                "name": "Knee_R",
                                "transform": [1.0, 2e-06, -4e-06, -0.0, -4e-06, 3e-06, -1.0, 0.37472, -2e-06, 1.0, 3e-06, 0.0, 0.0, 0.0, 0.0, 1.0],
                                "children": []
                            }
                        ]
                    },
                    {
                        "name": "Thigh_L",
                        "transform": [1.0, -1e-06, -0.0, -0.125006, -1e-06, -1.0, 3e-06, -0.002831, -0.0, -3e-06, -1.0, -1.2e-05, 0.0, 0.0, 0.0, 1.0],
                        "children": [
                            {
                                "name": "Leg_L",
                                "transform": [1.0, 1e-06, 1e-06, -0.0, -1e-06, 1.0, 3e-06, 0.37472, -1e-06, -3e-06, 1.0, -0.0, 0.0, 0.0, 0.0, 1.0],
                                "children": []
                            },
                            {
                                "name": "Knee_L",
                                "transform": [1.0, 0.0, -1e-06, -0.0, -1e-06, 3e-06, -1.0, 0.37472, -0.0, 1.0, 3e-06, -0.0, 0.0, 0.0, 0.0, 1.0],
                                "children": []
                            }
                        ]
                    },
                    {
                        "name": "Torso",
                        "transform": [1.0, 0.0, -0.0, -0.0, -0.0, 1.0, -0.0, 0.05, 0.0, 0.0, 1.0, 0.0, 0.0, 0.0, 0.0, 1.0],
                        "children": [
                            {
                                "name": "Chest",
                                "transform": [1.0, -1e-06, 1e-06, -0.0, 1e-06, 1.0, 1e-06, 0.3, -1e-06, -1e-06, 1.0, 0.0, 0.0, 0.0, 0.0, 1.0],
                                "children": [
                                    {
                                        "name": "Head",
                                        "transform": [1.0, 1e-06, -1e-06, -0.0, -1e-06, 1.0, -0.0, 0.4, 1e-06, 0.0, 1.0, -0.0, 0.0, 0.0, 0.0, 1.0],
                                        "children": []
                                    },
                                    {
                                        "name": "Shoulder_R",
                                        "transform": [-1e-06, 0.965965, 0.258674, -0.0, -3e-06, -0.258674, 0.965965, 0.4, 1.0, 0.0, 3e-06, -0.0, 0.0, 0.0, 0.0, 1.0],
                                        "children": [
                                            {
                                                "name": "Arm_R",
                                                "transform": [-0.0, 3e-06, -1.0, -0.0, 0.965965, 0.258673, 0.0, 0.388213, 0.258673, -0.965965, -3e-06, -0.0, 0.0, 0.0, 0.0, 1.0],
                                                "children": [
                                                    {
                                                        "name": "Hand_R",
                                                        "transform": [1.0, 0.0, 0.0, -0.0, -0.0, 1.0, -0.0, 0.329779, -0.0, 0.0, 1.0, -0.0, 0.0, 0.0, 0.0, 1.0],
                                                        "children": [
                                                            {
                                                                "name": "Tool_R",
                                                                "transform": [1.0, 0.0, 0.0, -0.02, 0.0, -1.0, 0.0, 0.291425, 0.0, -0.0, -1.0, -0.0, 0.0, 0.0, 0.0, 1.0],
                                                                "children": []
                                                            }
                                                        ]
                                                    },
                                                    {
                                                        "name": "Elbow_R",
                                                        "transform": [-1.0, -0.0, -0.0, -0.0, 0.0, 0.0, -1.0, 0.329779, 0.0, -1.0, -0.0, -0.0, 0.0, 0.0, 0.0, 1.0],
                                                        "children": []
                                                    }
                                                ]
                                            }
                                        ]
                                    },
                                    {
                                        "name": "Shoulder_L",
                                        "transform": [0.0, -0.965965, -0.258674, -0.0, -0.0, -0.258673, 0.965965, 0.4, -1.0, -0.0, -0.0, -0.0, 0.0, 0.0, 0.0, 1.0],
                                        "children": [
                                            {
                                                "name": "Arm_L",
                                                "transform": [-0.0, 1e-06, 1.0, 0.0, -0.965964, 0.258675, -0.0, 0.388212, -0.258674, -0.965965, 1e-06, 0.0, 0.0, 0.0, 0.0, 1.0],
                                                "children": [
                                                    {
                                                        "name": "Hand_L",
                                                        "transform": [1.0, 0.0, 0.0, -0.0, -0.0, 1.0, 1e-06, 0.329779, -0.0, -1e-06, 1.0, -0.0, 0.0, 0.0, 0.0, 1.0],
                                                        "children": [
                                                            {
                                                                "name": "Tool_L",
                                                                "transform": [1.0, 0.0, 0.0, 0.02, 0.0, -1.0, 0.0, 0.291426, 0.0, -0.0, -1.0, -0.0, 0.0, 0.0, 0.0, 1.0],
                                                                "children": []
                                                            }
                                                        ]
                                                    },
                                                    {
                                                        "name": "Elbow_L",
                                                        "transform": [-1.0, -0.0, -0.0, -0.0, 0.0, -1e-06, -1.0, 0.329779, 0.0, -1.0, 0.0, -0.0, 0.0, 0.0, 0.0, 1.0],
                                                        "children": []
                                                    }
                                                ]
                                            }
                                        ]
                                    }
                                ]
                            }
                        ]
                    }
                ]
            }
        ]
    },
    "animation": [
        {
            "name": "Root",
            "time": [0.0, 0.1667, 0.2667, 0.3, 0.3333, 0.5, 0.8],
            "transform": [
                [0.736703, 0.024872, -0.675759, -5e-06, -0.675017, -0.032443, -0.737089, 0.000946, -0.040257, 0.999164, -0.007112, 0.661932, 0.0, 0.0, 0.0, 1.0],
                [0.461152, 0.024872, -0.886973, -5e-06, -0.886899, -0.017911, -0.461616, 0.017613, -0.027368, 0.99953, 0.013799, 0.581245, 0.0, 0.0, 0.0, 1.0],
                [0.608167, 0.024872, -0.793419, -5e-06, -0.792756, -0.032443, -0.608675, 0.100946, -0.04088, 0.999164, -1.4e-05, 0.471245, 0.0, 0.0, 0.0, 1.0],
                [0.674856, 0.032505, -0.737233, -5e-06, -0.737718, 0.054751, -0.672885, 0.220946, 0.018492, 0.997971, 0.060929, 0.431245, 0.0, 0.0, 0.0, 1.0],
                [0.741992, -0.028289, -0.669811, -5e-06, -0.608622, 0.390523, -0.690703, 0.400946, 0.281116, 0.920158, 0.272548, 0.421245, 0.0, 0.0, 0.0, 1.0],
                [0.736703, 0.024872, -0.675758, -5e-06, -0.658179, 0.255642, -0.708129, 0.600946, 0.15514, 0.966452, 0.204702, 0.553026, 0.0, 0.0, 0.0, 1.0],
                [0.736703, 0.024872, -0.675759, -5e-06, -0.675017, -0.032443, -0.737089, 0.600946, -0.040257, 0.999164, -0.007112, 0.661932, 0.0, 0.0, 0.0, 1.0]
            ]
        },
        {
            "name": "Thigh_R",
            "time": [0.0, 0.1667, 0.2667, 0.3, 0.3333, 0.5, 0.8],
            "transform": [
                [0.899921, 0.435356, -0.023442, 0.126818, 0.429995, -0.877425, 0.212587, -0.010883, 0.071984, -0.201403, -0.976821, 0.001585, 0.0, 0.0, 0.0, 1.0],
                [0.902654, 0.353517, -0.245154, 0.124921, 0.427338, -0.671392, 0.605408, 0.00048, 0.049428, -0.651303, -0.757148, -6.5e-05, 0.0, 0.0, 0.0, 1.0],
                [0.849095, 0.431593, -0.3044, 0.124921, 0.526619, -0.6485, 0.549585, 0.00048, 0.039794, -0.627012, -0.777947, -6.5e-05, 0.0, 0.0, 0.0, 1.0],
                [0.826916, 0.502899, -0.251334, 0.124921, 0.562066, -0.729487, 0.389606, 0.00048, 0.012589, -0.463475, -0.885933, -6.5e-05, 0.0, 0.0, 0.0, 1.0],
                [0.93037, 0.357378, 0.081142, 0.124921, 0.34775, -0.930789, 0.112225, 0.00048, 0.115642, -0.0762, -0.990283, -6.5e-05, 0.0, 0.0, 0.0, 1.0],
                [0.865699, 0.448829, 0.221431, 0.125237, 0.43619, -0.893582, 0.105827, -0.001414, 0.245372, 0.004972, -0.969356, 0.00021, 0.0, 0.0, 0.0, 1.0],
                [0.899921, 0.435356, -0.023442, 0.126818, 0.429995, -0.877425, 0.212587, -0.010883, 0.071984, -0.201403, -0.976821, 0.001585, 0.0, 0.0, 0.0, 1.0]
            ]
        },
        {
            "name": "Leg_R",
            "time": [0.0, 0.1667, 0.2667, 0.3, 0.3333, 0.5, 0.8],
            "transform": [
                [0.99989, -0.002649, -0.016531, 0.0, 0.011293, 0.835657, 0.549171, 0.37472, 0.01236, -0.549311, 0.835566, 0.0, 0.0, 0.0, 0.0, 1.0],
                [0.99345, -0.101661, -0.05368, 0.0, 0.09272, 0.432496, 0.896866, 0.37472, -0.067957, -0.895963, 0.439042, 0.0, 0.0, 0.0, 0.0, 1.0],
                [0.998173, 0.058376, -0.018873, -0.0, 0.008707, 0.169737, 0.985441, 0.37472, 0.060727, -0.983825, 0.168907, 0.0, 0.0, 0.0, 0.0, 1.0],
                [0.992454, 0.113599, -0.047377, -0.0, 0.008657, 0.31957, 0.947575, 0.37472, 0.122778, -0.940816, 0.316154, 0.0, 0.0, 0.0, 0.0, 1.0],
                [0.998543, 0.02425, -0.04919, -0.0, 0.00871, 0.815503, 0.578801, 0.37472, 0.054148, -0.578398, 0.814053, -0.0, 0.0, 0.0, 0.0, 1.0],
                [0.999864, -0.002448, -0.018833, 0.0, 0.008721, 0.940114, 0.340828, 0.37472, 0.01687, -0.340947, 0.939995, -0.0, 0.0, 0.0, 0.0, 1.0],
                [0.99989, -0.002649, -0.016531, 0.0, 0.011293, 0.835657, 0.549171, 0.37472, 0.01236, -0.549311, 0.835566, 0.0, 0.0, 0.0, 0.0, 1.0]
            ]
        },
        {
            "name": "Knee_R",
            "time": [0.0, 0.1667, 0.2667, 0.3333, 0.5, 0.8],
            "transform": [
                [0.999964, -0.002533, -0.008077, 0.0, -0.007012, 0.286668, -0.958002, 0.37472, 0.004742, 0.958028, 0.286641, 0.0, 0.0, 0.0, 0.0, 1.0],
                [0.998205, -0.058623, -0.012257, 0.0, 0.020681, 0.529458, -0.848077, 0.37472, 0.056208, 0.846312, 0.529726, 0.0, 0.0, 0.0, 0.0, 1.0],
                [0.999466, 0.025753, -0.02011, -0.0, -0.031971, 0.643857, -0.76446, 0.37472, -0.006741, 0.764715, 0.644354, 0.0, 0.0, 0.0, 0.0, 1.0],
                [0.999614, 0.0083, -0.026496, -0.0, -0.027766, 0.303694, -0.952362, 0.37472, 0.000142, 0.952735, 0.30381, -0.0, 0.0, 0.0, 0.0, 1.0],
                [0.999954, -0.002044, -0.009315, 0.0, -0.008821, 0.173069, -0.984868, 0.37472, 0.003625, 0.984908, 0.173044, -0.0, 0.0, 0.0, 0.0, 1.0],
                [0.999964, -0.002533, -0.008077, 0.0, -0.007012, 0.286668, -0.958002, 0.37472, 0.004742, 0.958028, 0.286641, 0.0, 0.0, 0.0, 0.0, 1.0]
            ]
        },
        {
            "name": "Thigh_L",
            "time": [0.0, 0.1667, 0.2667, 0.3, 0.3333, 0.5, 0.8],
            "transform": [
                [0.961706, -0.244663, 0.123527, -0.123035, -0.274031, -0.866732, 0.416749, -0.017504, 0.005102, -0.434641, -0.900589, 0.001692, 0.0, 0.0, 0.0, 1.0],
                [0.93934, -0.291493, 0.180758, -0.124933, -0.342728, -0.818626, 0.46081, -0.006141, 0.013651, -0.494813, -0.868857, 4.2e-05, 0.0, 0.0, 0.0, 1.0],
                [0.938725, -0.216109, 0.268491, -0.124933, -0.344319, -0.623069, 0.702274, -0.006141, 0.015521, -0.751697, -0.659293, 4.2e-05, 0.0, 0.0, 0.0, 1.0],
                [0.930505, -0.247925, 0.269615, -0.124933, -0.363831, -0.540642, 0.7585, -0.006141, -0.042286, -0.803888, -0.593268, 4.2e-05, 0.0, 0.0, 0.0, 1.0],
                [0.720178, -0.332787, 0.608751, -0.124933, -0.603158, 0.133283, 0.786391, -0.006141, -0.34285, -0.933518, -0.104735, 4.2e-05, 0.0, 0.0, 0.0, 1.0],
                [0.912759, -0.220322, 0.343985, -0.124617, -0.408488, -0.487751, 0.771515, -0.008035, -0.002203, -0.844723, -0.535199, 0.000317, 0.0, 0.0, 0.0, 1.0],
                [0.961706, -0.244663, 0.123527, -0.123035, -0.274031, -0.866732, 0.416749, -0.017504, 0.005102, -0.434641, -0.900589, 0.001692, 0.0, 0.0, 0.0, 1.0]
            ]
        },
        {
            "name": "Leg_L",
            "time": [0.0, 0.1667, 0.2667, 0.3, 0.3333, 0.5, 0.8],
            "transform": [
                [0.998385, -0.002206, 0.056769, -0.0, -0.032068, 0.802958, 0.595175, 0.37472, -0.046895, -0.596033, 0.80159, 0.0, 0.0, 0.0, 0.0, 1.0],
                [0.998642, -0.008947, 0.051232, 0.0, -0.041082, 0.468406, 0.882577, 0.37472, -0.031895, -0.88351, 0.467404, -0.0, 0.0, 0.0, 0.0, 1.0],
                [0.998683, -0.046835, 0.02097, -0.0, -0.019312, 0.035574, 0.999195, 0.37472, -0.047544, -0.998293, 0.034623, -0.0, 0.0, 0.0, 0.0, 1.0],
                [0.997874, -0.063518, 0.014569, 0.0, -0.017961, -0.053161, 0.998426, 0.37472, -0.062644, -0.996573, -0.05419, 0.0, 0.0, 0.0, 0.0, 1.0],
                [0.984735, -0.172182, 0.025613, -0.0, -0.020003, 0.03424, 0.999229, 0.37472, -0.172928, -0.984493, 0.030273, -0.0, 0.0, 0.0, 0.0, 1.0],
                [0.99623, -0.086546, 0.006284, -0.0, 0.003697, 0.114679, 0.993396, 0.37472, -0.086695, -0.989627, 0.114566, 0.0, 0.0, 0.0, 0.0, 1.0],
                [0.998385, -0.002206, 0.056769, -0.0, -0.032068, 0.802958, 0.595175, 0.37472, -0.046895, -0.596033, 0.80159, -0.0, 0.0, 0.0, 0.0, 1.0]
            ]
        },
        {
            "name": "Knee_L",
            "time": [0.0, 0.1667, 0.2667, 0.3333, 0.5, 0.8],
            "transform": [
                [0.999586, 0.003471, 0.028571, -0.0, 0.026038, 0.313894, -0.949101, 0.37472, -0.012262, 0.949451, 0.313674, 0.0, 0.0, 0.0, 0.0, 1.0],
                [0.999636, 0.002644, 0.026866, 0.0, 0.021657, 0.515598, -0.856553, 0.37472, -0.016117, 0.856829, 0.515356, -0.0, 0.0, 0.0, 0.0, 1.0],
                [0.999617, -0.019185, 0.01995, -0.0, 0.027678, 0.694215, -0.719229, 0.37472, -5.2e-05, 0.719513, 0.694488, -0.0, 0.0, 0.0, 0.0, 1.0],
                [0.995551, -0.081155, 0.047878, -0.0, 0.090807, 0.690711, -0.717403, 0.37472, 0.02515, 0.718562, 0.695011, -0.0, 0.0, 0.0, 0.0, 1.0],
                [0.99892, -0.042108, 0.019647, -0.0, 0.042675, 0.664101, -0.746424, 0.37472, 0.018383, 0.746457, 0.665181, 0.0, 0.0, 0.0, 0.0, 1.0],
                [0.999586, 0.003471, 0.028571, -0.0, 0.026038, 0.313894, -0.949101, 0.37472, -0.012262, 0.949451, 0.313674, -0.0, 0.0, 0.0, 0.0, 1.0]
            ]
        },
        {
            "name": "Torso",
            "time": [0.0, 0.1667, 0.2667, 0.3, 0.3333, 0.5, 0.8],
            "transform": [
                [0.99594, -0.064133, -0.063167, 0.0, 0.065703, 0.997572, 0.023099, 0.05, 0.061532, -0.027155, 0.997736, 0.0, 0.0, 0.0, 0.0, 1.0],
                [0.972161, 0.217294, -0.08767, -0.0, -0.233017, 0.935865, -0.264311, 0.05, 0.024614, 0.277382, 0.960444, 0.0, 0.0, 0.0, 0.0, 1.0],
                [0.972248, 0.216939, -0.087584, 0.0, -0.232642, 0.93606, -0.263951, 0.05, 0.024723, 0.277002, 0.960551, 0.0, 0.0, 0.0, 0.0, 1.0],
                [0.983327, 0.16587, -0.074535, 0.0, -0.177324, 0.965471, -0.190848, 0.05, 0.040306, 0.200883, 0.978786, 0.0, 0.0, 0.0, 0.0, 1.0],
                [0.988763, -0.132249, -0.069694, -0.0, 0.138447, 0.985971, 0.093239, 0.05, 0.056385, -0.101841, 0.993201, -0.0, 0.0, 0.0, 0.0, 1.0],
                [0.996051, -0.062492, -0.06307, -0.0, 0.063953, 0.997723, 0.021411, 0.05, 0.061588, -0.02536, 0.99778, -0.0, 0.0, 0.0, 0.0, 1.0],
                [0.99594, -0.064133, -0.063167, -0.0, 0.065703, 0.997572, 0.023099, 0.05, 0.061532, -0.027155, 0.997736, -0.0, 0.0, 0.0, 0.0, 1.0]
            ]
        },
        {
            "name": "Chest",
            "time": [0.0, 0.1667, 0.2667, 0.3, 0.3333, 0.5, 0.8],
            "transform": [
                [0.943569, -0.064938, -0.324747, -0.0, 0.109359, 0.986678, 0.120448, 0.3, 0.312599, -0.149165, 0.9381, -0.0, 0.0, 0.0, 0.0, 1.0],
                [0.546049, -0.216246, -0.809363, 0.0, 0.365444, 0.930831, -0.002147, 0.3, 0.753844, -0.294604, 0.587305, 0.0, 0.0, 0.0, 0.0, 1.0],
                [0.228991, -0.235656, -0.944473, 0.0, 0.365807, 0.919971, -0.140851, 0.3, 0.90208, -0.313241, 0.296869, -0.0, 0.0, 0.0, 0.0, 1.0],
                [0.491026, -0.172254, -0.853945, 0.0, 0.289234, 0.956886, -0.026707, 0.3, 0.821729, -0.233876, 0.519677, -0.0, 0.0, 0.0, 0.0, 1.0],
                [0.582795, 0.133325, -0.801607, -0.0, -0.112679, 0.990178, 0.082768, 0.3, 0.804769, 0.042087, 0.592094, 0.0, 0.0, 0.0, 0.0, 1.0],
                [0.671586, -0.00085, -0.740926, -0.0, 0.069808, 0.995623, 0.062133, 0.3, 0.737631, -0.09345, 0.668706, -0.0, 0.0, 0.0, 0.0, 1.0],
                [0.943569, -0.064938, -0.324747, -0.0, 0.109359, 0.986678, 0.120448, 0.3, 0.312599, -0.149165, 0.9381, -0.0, 0.0, 0.0, 0.0, 1.0]
            ]
        },
        {
            "name": "Head",
            "time": [0.0, 0.1667, 0.2667, 0.3333, 0.5, 0.8],
            "transform": [
                [0.503844, 0.025476, 0.863419, 0.0, 0.027563, 0.998582, -0.045549, 0.400001, -0.863355, 0.046748, 0.502427, -0.0, 0.0, 0.0, 0.0, 1.0],
                [-0.414294, -0.121691, 0.901971, 0.0, 0.046406, 0.986908, 0.154466, 0.4, -0.908959, 0.105852, -0.403223, 0.0, 0.0, 0.0, 0.0, 1.0],
                [-0.565703, -0.082454, 0.820476, -0.0, 0.04951, 0.989797, 0.133606, 0.400001, -0.823121, 0.116203, -0.555849, 0.0, 0.0, 0.0, 0.0, 1.0],
                [-0.096489, 0.2893, 0.952363, -0.0, -0.046349, 0.954484, -0.29464, 0.4, -0.994254, -0.072571, -0.078688, 0.0, 0.0, 0.0, 0.0, 1.0],
                [0.010305, 0.245395, 0.969368, 0.0, 0.015589, 0.969263, -0.245534, 0.400001, -0.999825, 0.017642, 0.006163, 0.0, 0.0, 0.0, 0.0, 1.0],
                [0.503844, 0.025476, 0.863419, -0.0, 0.027563, 0.998582, -0.045549, 0.400001, -0.863355, 0.046748, 0.502427, -0.0, 0.0, 0.0, 0.0, 1.0]
            ]
        },
        {
            "name": "Shoulder_R",
            "time": [0.0, 0.1667, 0.2667, 0.3333, 0.5, 0.8],
            "transform": [
                [-0.057003, 0.931154, 0.360143, 0.0, -0.040746, -0.362599, 0.931054, 0.400001, 0.997542, 0.038398, 0.05861, -0.0, 0.0, 0.0, 0.0, 1.0],
                [0.263251, 0.887846, 0.377397, 0.0, -0.165198, -0.343931, 0.924349, 0.4, 0.950478, -0.305681, 0.05613, 0.0, 0.0, 0.0, 0.0, 1.0],
                [-0.057003, 0.931154, 0.360143, -0.0, -0.040746, -0.362599, 0.931054, 0.400001, 0.997542, 0.038398, 0.05861, 0.0, 0.0, 0.0, 0.0, 1.0],
                [-0.057003, 0.931154, 0.360143, -0.0, -0.040746, -0.362599, 0.931054, 0.4, 0.997542, 0.038398, 0.05861, 0.0, 0.0, 0.0, 0.0, 1.0],
                [-0.057003, 0.931154, 0.360143, 0.0, -0.040746, -0.362599, 0.931054, 0.400001, 0.997542, 0.038398, 0.05861, 0.0, 0.0, 0.0, 0.0, 1.0],
                [-0.057003, 0.931154, 0.360143, -0.0, -0.040746, -0.362599, 0.931054, 0.400001, 0.997542, 0.038398, 0.05861, -0.0, 0.0, 0.0, 0.0, 1.0]
            ]
        },
        {
            "name": "Arm_R",
            "time": [0.0, 0.1667, 0.2667, 0.3333, 0.5, 0.8],
            "transform": [
                [-0.277585, -0.028265, -0.960285, 0.0, 0.614872, 0.762795, -0.20019, 0.388213, 0.73816, -0.646022, -0.194361, 0.0, 0.0, 0.0, 0.0, 1.0],
                [-0.722805, -0.062789, -0.688193, 0.0, 0.433316, 0.734586, -0.522131, 0.388213, 0.538321, -0.675604, -0.503755, 0.0, 0.0, 0.0, 0.0, 1.0],
                [-0.712894, 0.134156, -0.68832, -0.0, 0.514044, 0.767616, -0.382786, 0.388213, 0.477012, -0.626712, -0.616191, 0.0, 0.0, 0.0, 0.0, 1.0],
                [-0.06759, -0.086715, -0.993937, -0.0, 0.456179, 0.883299, -0.108084, 0.388213, 0.887317, -0.460719, -0.020145, 0.0, 0.0, 0.0, 0.0, 1.0],
                [-0.015634, -0.04071, -0.999049, 0.0, 0.668449, 0.742642, -0.040723, 0.388213, 0.743593, -0.66845, 0.015602, 0.0, 0.0, 0.0, 0.0, 1.0],
                [-0.277585, -0.028265, -0.960285, 0.0, 0.614872, 0.762795, -0.20019, 0.388213, 0.738159, -0.646022, -0.194361, 0.0, 0.0, 0.0, 0.0, 1.0]
            ]
        },
        {
            "name": "Hand_R",
            "time": [0.0, 0.1667, 0.2667, 0.3333, 0.5, 0.8],
            "transform": [
                [1.0, -0.000539, 0.000181, -0.0, 0.000547, 0.824963, -0.565187, 0.329779, 0.000155, 0.565187, 0.824963, 0.0, 0.0, 0.0, 0.0, 1.0],
                [1.0, -0.000535, 0.000192, -0.0, 0.000547, 0.813195, -0.581992, 0.329779, 0.000155, 0.581992, 0.813195, -0.0, 0.0, 0.0, 0.0, 1.0],
                [1.0, -0.000437, 0.000364, 0.0, 0.000547, 0.5651, -0.825022, 0.329779, 0.000155, 0.825022, 0.5651, 0.0, 0.0, 0.0, 0.0, 1.0],
                [1.0, -0.000569, -2e-06, -0.0, 0.000547, 0.963206, -0.268764, 0.329779, 0.000155, 0.268764, 0.963206, 0.0, 0.0, 0.0, 0.0, 1.0],
                [1.0, -0.000548, 0.000151, -0.0, 0.000547, 0.85511, -0.518447, 0.329779, 0.000155, 0.518447, 0.85511, -0.0, 0.0, 0.0, 0.0, 1.0],
                [1.0, -0.000539, 0.000181, 0.0, 0.000547, 0.824963, -0.565187, 0.329779, 0.000155, 0.565187, 0.824963, -0.0, 0.0, 0.0, 0.0, 1.0]
            ]
        },
        {
            "name": "Tool_R",
            "time": [0.0, 0.1667, 0.2667, 0.3333, 0.5, 0.8],
            "transform": [
                [1.0, -0.0, 0.0, -0.02, 0.0, -0.775183, -0.631737, 0.230055, 0.0, 0.631737, -0.775183, 0.028945, 0.0, 0.0, 0.0, 1.0],
                [1.0, 0.0, 0.0, -0.02, 0.0, -0.969538, -0.244941, 0.230055, 0.0, 0.244941, -0.969538, 0.028945, 0.0, 0.0, 0.0, 1.0],
                [1.0, 0.0, 0.0, -0.02, 0.0, -0.969538, -0.244941, 0.230055, 0.0, 0.244941, -0.969538, 0.028945, 0.0, 0.0, 0.0, 1.0],
                [1.0, 0.0, 0.0, -0.02, 0.0, -0.987197, -0.159508, 0.230055, 0.0, 0.159508, -0.987197, 0.028945, 0.0, 0.0, 0.0, 1.0],
                [1.0, 0.0, 0.0, -0.02, 0.0, -0.819037, -0.573742, 0.230055, 0.0, 0.573742, -0.819037, 0.028945, 0.0, 0.0, 0.0, 1.0],
                [1.0, -0.0, 0.0, -0.02, 0.0, -0.775183, -0.631737, 0.230055, 0.0, 0.631737, -0.775183, 0.028945, 0.0, 0.0, 0.0, 1.0]
            ]
        },
        {
            "name": "Elbow_R",
            "time": [0.0, 0.1667, 0.2667, 0.3333, 0.5, 0.8],
            "transform": [
                [-1.0, -0.0, -0.0, -0.0, 0.0, 0.295836, -0.955239, 0.329779, 0.0, -0.955239, -0.295835, 0.0, 0.0, 0.0, 0.0, 1.0],
                [-1.0, 0.0, -1e-06, -0.0, 0.0, 0.305619, -0.952154, 0.329779, 0.0, -0.952154, -0.305618, -0.0, 0.0, 0.0, 0.0, 1.0],
                [-1.0, 0.0, -1e-06, 0.0, 1e-06, 0.466315, -0.884619, 0.329779, -0.0, -0.884619, -0.466315, 0.0, 0.0, 0.0, 0.0, 1.0],
                [-1.0, -0.0, -0.0, -0.0, 0.0, 0.135635, -0.990759, 0.329779, 0.0, -0.990759, -0.135636, 0.0, 0.0, 0.0, 0.0, 1.0],
                [-1.0, 0.0, -1e-06, -0.0, 1e-06, 0.269156, -0.963097, 0.329779, -0.0, -0.963097, -0.269156, -0.0, 0.0, 0.0, 0.0, 1.0],
                [-1.0, 0.0, -1e-06, 0.0, 1e-06, 0.295835, -0.955239, 0.329779, -0.0, -0.95524, -0.295835, -0.0, 0.0, 0.0, 0.0, 1.0]
            ]
        },
        {
            "name": "Shoulder_L",
            "time": [0.0, 0.1667, 0.2667, 0.3333, 0.5, 0.8],
            "transform": [
                [0.081345, -0.956503, -0.280152, 0.0, -0.155321, -0.289815, 0.944395, 0.400001, -0.984509, -0.033309, -0.17214, -0.0, 0.0, 0.0, 0.0, 1.0],
                [0.081222, -0.956573, -0.279947, 0.0, -0.155737, -0.289606, 0.944391, 0.4, -0.984453, -0.033107, -0.172497, 0.0, 0.0, 0.0, 0.0, 1.0],
                [0.081222, -0.956573, -0.279947, -0.0, -0.155737, -0.289606, 0.944391, 0.400001, -0.984454, -0.033107, -0.172497, 0.0, 0.0, 0.0, 0.0, 1.0],
                [0.081222, -0.956573, -0.279947, -0.0, -0.155737, -0.289606, 0.944391, 0.4, -0.984454, -0.033107, -0.172497, 0.0, 0.0, 0.0, 0.0, 1.0],
                [0.081242, -0.956561, -0.279982, 0.0, -0.155668, -0.289641, 0.944392, 0.400001, -0.984463, -0.033141, -0.172437, 0.0, 0.0, 0.0, 0.0, 1.0],
                [0.081345, -0.956503, -0.280152, -0.0, -0.155321, -0.289815, 0.944395, 0.400001, -0.984509, -0.033309, -0.17214, -0.0, 0.0, 0.0, 0.0, 1.0]
            ]
        },
        {
            "name": "Arm_L",
            "time": [0.0, 0.1667, 0.2667, 0.3, 0.3333, 0.5, 0.8],
            "transform": [
                [-0.031198, 0.322581, 0.946028, 0.0, -0.688736, 0.678976, -0.254233, 0.388212, -0.724341, -0.659495, 0.200991, 0.0, 0.0, 0.0, 0.0, 1.0],
                [0.135572, -0.594359, 0.79269, -0.0, -0.81992, 0.381841, 0.426533, 0.388212, -0.556195, -0.707768, -0.43556, 0.0, 0.0, 0.0, 0.0, 1.0],
                [0.56183, -0.701853, 0.437894, 0.0, -0.541822, 0.087798, 0.835895, 0.388212, -0.625121, -0.706891, -0.330952, -0.0, 0.0, 0.0, 0.0, 1.0],
                [0.371642, -0.410435, 0.832722, 0.0, -0.596079, 0.582166, 0.552968, 0.388212, -0.71174, -0.701874, -0.028294, -0.0, 0.0, 0.0, 0.0, 1.0],
                [0.079495, -0.542264, 0.905366, -0.0, 0.684107, 0.888455, 0.254805, 0.388212, -0.725037, 0.778845, 0.339687, 0.0, 0.0, 0.0, 0.0, 1.0],
                [0.279199, -0.226673, 0.933096, 0.0, 0.328436, 0.935673, 0.129025, 0.388212, -0.902319, 0.270438, 0.335686, 0.0, 0.0, 0.0, 0.0, 1.0],
                [-0.031198, 0.322581, 0.946028, 0.0, -0.688736, 0.678976, -0.254233, 0.388212, -0.724341, -0.659495, 0.200991, -0.0, 0.0, 0.0, 0.0, 1.0]
            ]
        },
        {
            "name": "Hand_L",
            "time": [0.0, 0.1667, 0.2667, 0.3, 0.3333, 0.5, 0.8],
            "transform": [
                [0.898765, 0.31349, -0.306505, 0.0, -0.390009, 0.252301, -0.885572, 0.329779, -0.200287, 0.915461, 0.349023, 0.0, 0.0, 0.0, 0.0, 1.0],
                [0.886345, -0.408909, -0.217227, 0.0, -0.405071, -0.457508, -0.791583, 0.329779, 0.224303, 0.789608, -0.571146, 0.0, 0.0, 0.0, 0.0, 1.0],
                [0.949506, -0.091932, -0.29998, -0.0, -0.288805, -0.629707, -0.721153, 0.329779, -0.122603, 0.771375, -0.62446, 0.0, 0.0, 0.0, 0.0, 1.0],
                [0.901881, 0.036361, -0.430453, -0.0, -0.40036, -0.303897, -0.864499, 0.329779, -0.162248, 0.952011, -0.259521, -0.0, 0.0, 0.0, 0.0, 1.0],
                [-0.020877, 0.16987, -0.985245, -0.0, -0.755756, -0.143085, -0.008656, 0.329779, -0.185177, 0.967753, 0.170778, 0.0, 0.0, 0.0, 0.0, 1.0],
                [0.377339, 0.217755, -0.90011, 0.0, -0.905988, -0.11454, -0.407513, 0.329779, -0.191837, 0.96926, 0.154063, 0.0, 0.0, 0.0, 0.0, 1.0],
                [0.904325, 0.330236, -0.270448, 0.0, -0.35969, 0.248417, -0.899396, 0.329779, -0.229829, 0.910623, 0.343432, 0.0, 0.0, 0.0, 0.0, 1.0]
            ]
        },
        {
            "name": "Tool_L",
            "time": [0.0, 0.1667, 0.2667, 0.3333, 0.5, 0.8],
            "transform": [
                [0.999999, 0.0, 0.0, 0.02, -0.0, -0.987682, 0.15647, 0.291426, 0.0, -0.15647, -0.987682, -0.0, 0.0, 0.0, 0.0, 1.0],
                [0.999999, 0.0, 0.0, 0.02, 0.0, -0.999999, 0.0, 0.291426, 0.0, -0.0, -1.0, 0.0, 0.0, 0.0, 0.0, 1.0],
                [0.999999, 0.0, 0.0, 0.02, 0.0, -0.999999, 0.0, 0.291426, 0.0, 0.0, -1.0, -0.0, 0.0, 0.0, 0.0, 1.0],
                [0.999999, -0.0, 0.0, 0.02, 0.0, -0.999999, 0.0, 0.291426, 0.0, 0.0, -1.0, -0.0, 0.0, 0.0, 0.0, 1.0],
                [0.999999, -0.0, 0.0, 0.02, -0.0, -0.999999, -0.0, 0.291426, 0.0, -0.0, -1.0, -0.0, 0.0, 0.0, 0.0, 1.0],
                [0.999999, 0.0, 0.0, 0.02, -0.0, -0.987682, 0.15647, 0.291426, 0.0, -0.15647, -0.987682, 0.0, 0.0, 0.0, 0.0, 1.0]
            ]
        },
        {
            "name": "Elbow_L",
            "time": [0.0, 0.1667, 0.2667, 0.3333, 0.5, 0.8],
            "transform": [
                [-1.0, 0.0, -0.0, 0.0, 0.0, 0.567344, -0.823481, 0.329779, 0.0, -0.823481, -0.567344, 0.0, 0.0, 0.0, 0.0, 1.0],
                [-1.0, 0.0, -0.0, 0.0, 0.0, 0.890527, -0.454929, 0.329779, 0.0, -0.454929, -0.890528, 0.0, 0.0, 0.0, 0.0, 1.0],
                [-1.0, 1e-06, -0.0, -0.0, 1e-06, 0.902554, -0.430577, 0.329779, 0.0, -0.430577, -0.902554, 0.0, 0.0, 0.0, 0.0, 1.0],
                [-1.0, 0.0, -0.0, -0.0, 0.0, 0.581461, -0.693055, 0.329779, 0.0, -0.861033, -0.722391, 0.0, 0.0, 0.0, 0.0, 1.0],
                [-1.0, 0.0, -0.0, 0.0, 0.0, 0.649238, -0.760585, 0.329779, 0.0, -0.760585, -0.649238, 0.0, 0.0, 0.0, 0.0, 1.0],
                [-1.0, 0.0, -0.0, 0.0, 0.0, 0.568824, -0.822459, 0.329779, 0.0, -0.822459, -0.568824, 0.0, 0.0, 0.0, 0.0, 1.0]
            ]
        }
    ]
}