{
    "animation": [
        {
            "name": "Root",
            "time": [0.0, 0.1, 0.2, 0.2667, 0.3, 0.3333, 0.3667, 0.4, 0.7, 0.8, 0.9, 1.1, 1.15, 1.2, 1.3, 1.6],
            "transform": [
                [-0.957498, 0.077481, 0.277838, -5e-06, 0.281189, 0.465354, 0.839272, 0.000946, -0.064266, 0.881727, -0.467363, 0.610691, 0.0, 0.0, 0.0, 1.0],
                [-0.114445, 0.110551, 0.987259, -5e-06, 0.834274, 0.550232, 0.035097, 0.400404, -0.539342, 0.827661, -0.155201, 0.575055, 0.0, 0.0, 0.0, 1.0],
                [0.791317, 0.285722, 0.540537, -5e-06, 0.295705, 0.594958, -0.747384, 0.670946, -0.535141, 0.751258, 0.386311, 0.503782, 0.0, 0.0, 0.0, 1.0],
                [0.967566, 0.058826, 0.245673, -5e-06, 0.200831, 0.410807, -0.889328, 0.76702, -0.15324, 0.909823, 0.385669, 0.473122, 0.0, 0.0, 0.0, 1.0],
                [0.951739, -0.033484, -0.305076, -5e-06, -0.253849, 0.47279, -0.843819, 1.090226, 0.172492, 0.880539, 0.441473, 0.52538, 0.0, 0.0, 0.0, 1.0],
                [0.720369, 0.035039, -0.692706, -5e-06, -0.648283, 0.38906, -0.654493, 1.394333, 0.246571, 0.920546, 0.302982, 0.567681, 0.0, 0.0, 0.0, 1.0],
                [0.657651, 0.104664, -0.746017, -5e-06, -0.720478, 0.376613, -0.5823, 1.441134, 0.220014, 0.920439, 0.323088, 0.566384, 0.0, 0.0, 0.0, 1.0],
                [0.330862, 0.104492, -0.937876, -5e-06, -0.913409, 0.285162, -0.29046, 1.450946, 0.237096, 0.952766, 0.189793, 0.607176, 0.0, 0.0, 0.0, 1.0],
                [-0.131859, 0.078529, -0.988153, -5e-06, -0.961345, 0.232952, 0.146795, 1.450946, 0.24172, 0.969312, 0.044777, 0.665761, 0.0, 0.0, 0.0, 1.0],
                [-0.89669, 0.12097, -0.425809, -5e-06, -0.409474, 0.13875, 0.901709, 1.450946, 0.168161, 0.982911, -0.074882, 0.608982, 0.0, 0.0, 0.0, 1.0],
                [-0.918604, 0.078529, 0.387299, -5e-06, 0.394652, 0.232952, 0.88881, 1.450947, -0.020425, 0.969312, -0.244982, 0.608982, 0.0, 0.0, 0.0, 1.0],
                [-0.311283, 0.098098, 0.94524, -0.001843, 0.945368, 0.133348, 0.297486, 1.450946, -0.096863, 0.986202, -0.134247, 0.635637, 0.0, 0.0, 0.0, 1.0],
                [0.242406, 0.063978, 0.968063, -0.002916, 0.966249, 0.073756, -0.246826, 1.450946, -0.087192, 0.995222, -0.04394, 0.651185, 0.0, 0.0, 0.0, 1.0],
                [0.688181, 0.008601, 0.725488, -0.003988, 0.724606, 0.042546, -0.687848, 1.450946, -0.036783, 0.999057, 0.023047, 0.666734, 0.0, 0.0, 0.0, 1.0],
                [0.975297, 0.011841, 0.22058, -0.005605, 0.220288, 0.021981, -0.975187, 1.450946, -0.016395, 0.999688, 0.018829, 0.690169, 0.0, 0.0, 0.0, 1.0],
                [0.882948, -0.0, -0.469472, -0.0093, -0.469472, 0.0, -0.882948, 1.450946, 0.0, 1.0, -0.0, 0.743735, 0.0, 0.0, 0.0, 1.0]
            ]
        },
        {
            "name": "Thigh_R",
            "time": [0.0, 0.1, 0.2, 0.2667, 0.3, 0.3333, 0.3667, 0.4, 0.7, 0.8, 0.9, 1.1, 1.2, 1.3, 1.6],
            "transform": [
                [0.95585, -0.272367, 0.110296, 0.124994, -0.290679, -0.931409, 0.219048, -0.002831, 0.04307, -0.241438, -0.96946, -1.2e-05, 0.0, 0.0, 0.0, 1.0],
                [0.986219, -0.156937, 0.052358, 0.124994, -0.164769, -0.960214, 0.225475, -0.00283, 0.01489, -0.230995, -0.972841, -1.2e-05, 0.0, 0.0, 0.0, 1.0],
                [0.997683, 0.047855, -0.048356, 0.124994, 0.049652, -0.998093, 0.036654, -0.00283, -0.04651, -0.03897, -0.998157, -1.2e-05, 0.0, 0.0, 0.0, 1.0],
                [0.992449, -0.109312, 0.055622, 0.124994, -0.104154, -0.990621, -0.088435, -0.002831, 0.064767, 0.081974, -0.994526, -1.2e-05, 0.0, 0.0, 0.0, 1.0],
                [0.998646, -0.051032, 0.010009, 0.124994, -0.051502, -0.997198, 0.05425, -0.00283, 0.007213, -0.054692, -0.998476, -1.2e-05, 0.0, 0.0, 0.0, 1.0],
                [0.992029, 0.122605, -0.029062, 0.124994, 0.124604, -0.988837, 0.081692, -0.002831, -0.018722, -0.084662, -0.996232, -1.2e-05, 0.0, 0.0, 0.0, 1.0],
                [0.990227, 0.126107, -0.059534, 0.124994, 0.138929, -0.929101, 0.342737, -0.00283, -0.012092, -0.347659, -0.937542, -1.2e-05, 0.0, 0.0, 0.0, 1.0],
                [0.983846, 0.16188, -0.076418, 0.124994, 0.178857, -0.906608, 0.382191, -0.002831, -0.007412, -0.389685, -0.920917, -1.2e-05, 0.0, 0.0, 0.0, 1.0],
                [0.989451, 0.142451, -0.026286, 0.124994, 0.144805, -0.967841, 0.205703, -0.002831, 0.003862, -0.20734, -0.978261, -1.2e-05, 0.0, 0.0, 0.0, 1.0],
                [0.978605, -0.165068, 0.12281, 0.124994, -0.204441, -0.713161, 0.670526, -0.002831, -0.023099, -0.681288, -0.73165, -1.2e-05, 0.0, 0.0, 0.0, 1.0],
                [0.991399, 0.108527, -0.073135, 0.124994, 0.130827, -0.807715, 0.574874, -0.00283, 0.003318, -0.579498, -0.814967, -1.2e-05, 0.0, 0.0, 0.0, 1.0],
                [0.991744, 0.118846, -0.04813, 0.124994, 0.123277, -0.780532, 0.612838, -0.002831, 0.035266, -0.613713, -0.78874, -1.2e-05, 0.0, 0.0, 0.0, 1.0],
                [0.986109, 0.165487, -0.014217, 0.124994, 0.150179, -0.851772, 0.501926, -0.00283, 0.070953, -0.497089, -0.864793, -1.2e-05, 0.0, 0.0, 0.0, 1.0],
                [0.993806, 0.090453, 0.064541, 0.124994, 0.047305, -0.869965, 0.490837, -0.002831, 0.100546, -0.484744, -0.868857, -1.2e-05, 0.0, 0.0, 0.0, 1.0],
                [0.980253, 0.104969, 0.167584, 0.124994, 0.112634, -0.992951, -0.036882, -0.002831, 0.162531, 0.05503, -0.985168, -1.2e-05, 0.0, 0.0, 0.0, 1.0]
            ]
        },
        {
            "name": "Leg_R",
            "time": [0.0, 0.1, 0.2, 0.2667, 0.3, 0.3333, 0.3667, 0.4, 0.7, 0.8, 0.9, 1.1, 1.2, 1.3, 1.6],
            "transform": [
                [1.000001, -0.0, 5e-06, -0.0, -4e-06, 0.502712, 0.864455, 0.37472, -3e-06, -0.864454, 0.502711, 0.0, 0.0, 0.0, 0.0, 1.0],
                [1.000001, 0.0, 5e-06, -0.0, -4e-06, 0.634271, 0.773112, 0.37472, -2e-06, -0.773111, 0.634271, -0.0, 0.0, 0.0, 0.0, 1.0],
                [1.000001, 1e-06, 4e-06, 0.0, -4e-06, 0.744611, 0.6675, 0.37472, -2e-06, -0.6675, 0.744611, 0.0, 0.0, 0.0, 0.0, 1.0],
                [1.000002, 1e-06, 5e-06, -0.0, -4e-06, 0.752316, 0.658804, 0.37472, -2e-06, -0.658806, 0.752315, -0.0, 0.0, 0.0, 0.0, 1.0],
                [1.000002, 2e-06, 4e-06, -0.0, -4e-06, 0.829035, 0.559198, 0.37472, -3e-06, -0.559199, 0.829034, -0.0, 0.0, 0.0, 0.0, 1.0],
                [1.000002, 3e-06, 4e-06, -0.0, -4e-06, 0.87477, 0.484541, 0.37472, -2e-06, -0.484542, 0.874769, 0.0, 0.0, 0.0, 0.0, 1.0],
                [1.000002, 1e-06, 5e-06, 0.0, -4e-06, 0.673529, 0.739161, 0.37472, -2e-06, -0.739163, 0.673529, -0.0, 0.0, 0.0, 0.0, 1.0],
                [1.000002, 1e-06, 4e-06, 0.0, -4e-06, 0.749156, 0.662395, 0.37472, -2e-06, -0.662395, 0.749156, -0.0, 0.0, 0.0, 0.0, 1.0],
                [1.000002, 4e-06, 3e-06, 0.0, -4e-06, 0.999987, 0.005215, 0.37472, -2e-06, -0.005216, 0.999987, 0.0, 0.0, 0.0, 0.0, 1.0],
                [1.000002, 0.0, 5e-06, 0.0, -4e-06, 0.573486, 0.819217, 0.37472, -2e-06, -0.819216, 0.573486, -0.0, 0.0, 0.0, 0.0, 1.0],
                [1.000002, 2e-06, 4e-06, 0.0, -4e-06, 0.818268, 0.574838, 0.374721, -3e-06, -0.574838, 0.818268, 0.0, 0.0, 0.0, 0.0, 1.0],
                [1.000002, -3e-06, 4e-06, -0.0, -4e-06, -0.04096, 0.999162, 0.37472, -3e-06, -0.999161, -0.040959, 0.0, 0.0, 0.0, 0.0, 1.0],
                [1.000002, 0.0, 5e-06, 0.0, -4e-06, 0.562767, 0.826617, 0.37472, -3e-06, -0.826616, 0.562767, 0.0, 0.0, 0.0, 0.0, 1.0],
                [1.000002, 1e-06, 5e-06, 0.0, -4e-06, 0.687253, 0.726421, 0.37472, -2e-06, -0.72642, 0.687253, 0.0, 0.0, 0.0, 0.0, 1.0],
                [1.000002, 4e-06, 3e-06, 0.0, -4e-06, 0.996706, 0.081121, 0.37472, -2e-06, -0.081121, 0.996705, -0.0, 0.0, 0.0, 0.0, 1.0]
            ]
        },
        {
            "name": "Knee_R",
            "time": [0.0, 0.1, 0.2, 0.2667, 0.3, 0.3333, 0.3667, 0.4, 0.7, 0.8, 0.9, 1.1, 1.2, 1.3, 1.6],
            "transform": [
                [1.0, 2e-06, -4e-06, 0.0, -4e-06, 3e-06, -1.0, 0.37472, -2e-06, 1.0, 3e-06, 0.0, 0.0, 0.0, 0.0, 1.0],
                [1.0, 2e-06, -4e-06, -0.0, -4e-06, 3e-06, -1.0, 0.37472, -2e-06, 1.0, 3e-06, 0.0, 0.0, 0.0, 0.0, 1.0],
                [1.0, 2e-06, -4e-06, -0.0, -4e-06, 3e-06, -1.0, 0.37472, -2e-06, 1.0, 3e-06, 0.0, 0.0, 0.0, 0.0, 1.0],
                [1.0, 2e-06, -4e-06, 0.0, -4e-06, 3e-06, -1.0, 0.37472, -2e-06, 1.0, 3e-06, 0.0, 0.0, 0.0, 0.0, 1.0],
                [1.0, 2e-06, -4e-06, -0.0, -4e-06, 3e-06, -1.0, 0.37472, -2e-06, 1.0, 3e-06, -0.0, 0.0, 0.0, 0.0, 1.0],
                [1.0, 2e-06, -4e-06, -0.0, -4e-06, 3e-06, -1.0, 0.37472, -2e-06, 1.0, 3e-06, -0.0, 0.0, 0.0, 0.0, 1.0],
                [1.0, 2e-06, -4e-06, -0.0, -4e-06, 3e-06, -1.0, 0.37472, -2e-06, 1.0, 3e-06, -0.0, 0.0, 0.0, 0.0, 1.0],
                [1.0, 2e-06, -4e-06, 0.0, -4e-06, 3e-06, -1.0, 0.37472, -2e-06, 1.0, 3e-06, -0.0, 0.0, 0.0, 0.0, 1.0],
                [1.0, 2e-06, -4e-06, 0.0, -4e-06, 3e-06, -1.0, 0.37472, -2e-06, 1.0, 3e-06, 0.0, 0.0, 0.0, 0.0, 1.0],
                [1.0, 2e-06, -4e-06, 0.0, -4e-06, 3e-06, -1.0, 0.37472, -2e-06, 1.0, 3e-06, -0.0, 0.0, 0.0, 0.0, 1.0],
                [1.0, 2e-06, -4e-06, -0.0, -4e-06, 3e-06, -1.0, 0.374721, -2e-06, 1.0, 3e-06, 0.0, 0.0, 0.0, 0.0, 1.0],
                [1.0, 2e-06, -4e-06, -0.0, -4e-06, 3e-06, -1.0, 0.37472, -2e-06, 1.0, 3e-06, -0.0, 0.0, 0.0, 0.0, 1.0],
                [1.0, 2e-06, -4e-06, 0.0, -4e-06, 3e-06, -1.0, 0.37472, -2e-06, 1.0, 3e-06, 0.0, 0.0, 0.0, 0.0, 1.0],
                [1.0, 2e-06, -4e-06, 0.0, -4e-06, 3e-06, -1.0, 0.37472, -2e-06, 1.0, 3e-06, 0.0, 0.0, 0.0, 0.0, 1.0],
                [1.0, 2e-06, -4e-06, -0.0, -4e-06, 3e-06, -1.0, 0.37472, -2e-06, 1.0, 3e-06, -0.0, 0.0, 0.0, 0.0, 1.0]
            ]
        },
        {
            "name": "Thigh_L",
            "time": [0.0, 0.1, 0.2, 0.2667, 0.3, 0.3333, 0.3667, 0.4, 0.7, 0.8, 0.9, 1.1, 1.2, 1.3, 1.6],
            "transform": [
                [0.986291, 0.162689, -0.027628, -0.125006, 0.160756, -0.909454, 0.383471, -0.002831, 0.03726, -0.382655, -0.92314, -1.2e-05, 0.0, 0.0, 0.0, 1.0],
                [0.994432, -0.104163, 0.015954, -0.125006, -0.104991, -0.992323, 0.065367, -0.00283, 0.009022, -0.066678, -0.997734, -1.2e-05, 0.0, 0.0, 0.0, 1.0],
                [0.951053, 0.263288, -0.161796, -0.125006, 0.249463, -0.345087, 0.904811, -0.00283, 0.182392, -0.900886, -0.393876, -1.2e-05, 0.0, 0.0, 0.0, 1.0],
                [0.987255, 0.15149, -0.048776, -0.125006, 0.076949, -0.186092, 0.979514, -0.002831, 0.13931, -0.970784, -0.195377, -1.2e-05, 0.0, 0.0, 0.0, 1.0],
                [0.925331, -0.247405, 0.287325, -0.125006, -0.294355, 0.008928, 0.955655, -0.002831, -0.238998, -0.968872, -0.064563, -1.2e-05, 0.0, 0.0, 0.0, 1.0],
                [0.986667, -0.102705, 0.126255, -0.125006, -0.158032, -0.790072, 0.592294, -0.002831, 0.038919, -0.604349, -0.795768, -1.2e-05, 0.0, 0.0, 0.0, 1.0],
                [0.997568, -0.005834, 0.069462, -0.125006, -0.042647, -0.839311, 0.541978, -0.00283, 0.055138, -0.543622, -0.837518, -1.2e-05, 0.0, 0.0, 0.0, 1.0],
                [0.994404, 0.100007, 0.034058, -0.125006, 0.080342, -0.925185, 0.370914, -0.00283, 0.068604, -0.366102, -0.928042, -1.2e-05, 0.0, 0.0, 0.0, 1.0],
                [0.998576, 0.050966, -0.015777, -0.125006, 0.052955, -0.982822, 0.176796, -0.002831, -0.006496, -0.177379, -0.984122, -1.2e-05, 0.0, 0.0, 0.0, 1.0],
                [0.977937, 0.191769, -0.08285, -0.125006, 0.207804, -0.852443, 0.47975, -0.002831, 0.021376, -0.486382, -0.873486, -1.2e-05, 0.0, 0.0, 0.0, 1.0],
                [0.944578, 0.308525, -0.112188, -0.125006, 0.32703, -0.854405, 0.403787, -0.00283, 0.028724, -0.418097, -0.907949, -1.2e-05, 0.0, 0.0, 0.0, 1.0],
                [0.989703, 0.103084, -0.099302, -0.125006, 0.1413, -0.814331, 0.562938, -0.002831, -0.022835, -0.571173, -0.820512, -1.2e-05, 0.0, 0.0, 0.0, 1.0],
                [0.989497, -0.126494, -0.06997, -0.125006, -0.079304, -0.879704, 0.468864, -0.00283, -0.120861, -0.458391, -0.880495, -1.2e-05, 0.0, 0.0, 0.0, 1.0],
                [0.986844, -0.090354, -0.134073, -0.125006, -0.044095, -0.948243, 0.314472, -0.002831, -0.155547, -0.304423, -0.939751, -1.2e-05, 0.0, 0.0, 0.0, 1.0],
                [0.968439, -0.092024, -0.231642, -0.125006, -0.053934, -0.9847, 0.165703, -0.002831, -0.243346, -0.14798, -0.958585, -1.2e-05, 0.0, 0.0, 0.0, 1.0]
            ]
        },
        {
            "name": "Leg_L",
            "time": [0.0, 0.1, 0.2, 0.2667, 0.3, 0.3333, 0.3667, 0.4, 0.7, 0.8, 0.9, 1.1, 1.2, 1.3, 1.6],
            "transform": [
                [0.999999, -0.0, 2e-06, 0.0, -1e-06, 0.644565, 0.76455, 0.37472, -1e-06, -0.76455, 0.644565, -0.0, 0.0, 0.0, 0.0, 1.0],
                [0.999998, 1e-06, 1e-06, -0.0, -1e-06, 0.999987, 0.005138, 0.37472, -1e-06, -0.005138, 0.999987, -0.0, 0.0, 0.0, 0.0, 1.0],
                [0.999999, -1e-06, 2e-06, 0.0, -1e-06, 0.234222, 0.972183, 0.37472, -1e-06, -0.972184, 0.234222, 0.0, 0.0, 0.0, 0.0, 1.0],
                [0.999999, 1e-06, 1e-06, 0.0, -1e-06, 0.975312, 0.220831, 0.37472, -1e-06, -0.220831, 0.975312, -0.0, 0.0, 0.0, 0.0, 1.0],
                [0.999999, -1e-06, 1e-06, -0.0, -1e-06, 0.009677, 0.999952, 0.37472, -1e-06, -0.999953, 0.009677, 0.0, 0.0, 0.0, 0.0, 1.0],
                [0.999999, -1e-06, 1e-06, -0.0, -1e-06, 0.158222, 0.987403, 0.37472, -1e-06, -0.987403, 0.158222, -0.0, 0.0, 0.0, 0.0, 1.0],
                [0.999999, -1e-06, 1e-06, 0.0, -1e-06, 0.244756, 0.969584, 0.37472, -1e-06, -0.969584, 0.244757, -0.0, 0.0, 0.0, 0.0, 1.0],
                [0.999999, -0.0, 2e-06, 0.0, -1e-06, 0.461606, 0.887084, 0.37472, -1e-06, -0.887084, 0.461606, 0.0, 0.0, 0.0, 0.0, 1.0],
                [0.999999, 0.0, 2e-06, -0.0, -1e-06, 0.682635, 0.730757, 0.37472, -1e-06, -0.730758, 0.682635, 0.0, 0.0, 0.0, 0.0, 1.0],
                [0.999999, -0.0, 1e-06, 0.0, -1e-06, 0.404611, 0.914488, 0.374721, -1e-06, -0.914488, 0.404611, -0.0, 0.0, 0.0, 0.0, 1.0],
                [0.999999, -0.0, 1e-06, -0.0, -1e-06, 0.474296, 0.880364, 0.37472, -1e-06, -0.880364, 0.474296, -0.0, 0.0, 0.0, 0.0, 1.0],
                [1.0, -0.0, 2e-06, -0.0, -1e-06, 0.60101, 0.799239, 0.37472, -1e-06, -0.79924, 0.601011, 0.0, 0.0, 0.0, 0.0, 1.0],
                [0.999999, -0.0, 1e-06, 0.0, -1e-06, 0.611225, 0.791455, 0.37472, -1e-06, -0.791456, 0.611225, 0.0, 0.0, 0.0, 0.0, 1.0],
                [0.999999, 0.0, 2e-06, 0.0, -1e-06, 0.711154, 0.703034, 0.37472, -1e-06, -0.703036, 0.711153, -0.0, 0.0, 0.0, 0.0, 1.0],
                [0.999999, 1e-06, 1e-06, -0.0, -1e-06, 0.967987, 0.250994, 0.37472, -1e-06, -0.250995, 0.967987, 0.0, 0.0, 0.0, 0.0, 1.0]
            ]
        },
        {
            "name": "Knee_L",
            "time": [0.0, 0.1, 0.2, 0.2667, 0.3, 0.3333, 0.3667, 0.4, 0.7, 0.8, 0.9, 1.1, 1.2, 1.3, 1.6],
            "transform": [
                [1.0, 1e-06, -1e-06, 0.0, -1e-06, 0.421567, -0.906798, 0.37472, -0.0, 0.906797, 0.421567, -0.0, 0.0, 0.0, 0.0, 1.0],
                [0.999998, 1e-06, -2e-06, -0.0, -2e-06, 0.002569, -0.999997, 0.37472, -2e-06, 0.999995, 0.002571, 0.0, 0.0, 0.0, 0.0, 1.0],
                [1.0, 1e-06, -1e-06, 0.0, -2e-06, 0.618781, -0.785563, 0.37472, -0.0, 0.785564, 0.618781, 0.0, 0.0, 0.0, 0.0, 1.0],
                [1.0, 1e-06, -1e-06, 0.0, -1e-06, 0.111105, -0.993808, 0.37472, -0.0, 0.993808, 0.111105, -0.0, 0.0, 0.0, 0.0, 1.0],
                [1.0, 1e-06, -1e-06, 0.0, -1e-06, 0.703678, -0.710519, 0.37472, -0.0, 0.710519, 0.703678, 0.0, 0.0, 0.0, 0.0, 1.0],
                [1.0, 1e-06, -1e-06, 0.0, -2e-06, 0.64876, -0.760993, 0.37472, -0.0, 0.760993, 0.64876, -0.0, 0.0, 0.0, 0.0, 1.0],
                [1.0, 1e-06, -1e-06, 0.0, -1e-06, 0.61451, -0.788909, 0.37472, -0.0, 0.788909, 0.61451, -0.0, 0.0, 0.0, 0.0, 1.0],
                [1.0, 1e-06, -1e-06, 0.0, -2e-06, 0.518843, -0.85487, 0.37472, -0.0, 0.85487, 0.518843, -0.0, 0.0, 0.0, 0.0, 1.0],
                [1.0, 1e-06, -1e-06, -0.0, -1e-06, 0.39835, -0.917233, 0.37472, -0.0, 0.917233, 0.39835, 0.0, 0.0, 0.0, 0.0, 1.0],
                [1.0, 1e-06, -1e-06, -0.0, -1e-06, 0.545615, -0.838036, 0.37472, -0.0, 0.838036, 0.545615, -0.0, 0.0, 0.0, 0.0, 1.0],
                [1.000001, 1e-06, -1e-06, -0.0, -1e-06, 0.512692, -0.858573, 0.37472, -0.0, 0.858573, 0.512692, -0.0, 0.0, 0.0, 0.0, 1.0],
                [1.0, 1e-06, -1e-06, -0.0, -2e-06, 0.446649, -0.894709, 0.37472, -0.0, 0.894709, 0.446649, 0.0, 0.0, 0.0, 0.0, 1.0],
                [1.0, 1e-06, -1e-06, 0.0, -1e-06, 0.440895, -0.897559, 0.37472, -0.0, 0.897559, 0.440895, 0.0, 0.0, 0.0, 0.0, 1.0],
                [1.0, 1e-06, -1e-06, 0.0, -1e-06, 0.380031, -0.924974, 0.37472, -0.0, 0.924974, 0.380031, -0.0, 0.0, 0.0, 0.0, 1.0],
                [1.0, 1e-06, -1e-06, 0.0, -1e-06, 0.126516, -0.991965, 0.37472, -1e-06, 0.991965, 0.126515, -0.0, 0.0, 0.0, 0.0, 1.0]
            ]
        },
        {
            "name": "Torso",
            "time": [0.0, 0.1, 0.2, 0.2667, 0.3, 0.3333, 0.3667, 0.4, 0.7, 0.8, 0.9, 1.1, 1.2, 1.3, 1.6],
            "transform": [
                [0.994862, 0.045427, -0.090486, 0.0, -0.046615, 0.998852, -0.011063, 0.05, 0.089879, 0.015224, 0.995836, 0.0, 0.0, 0.0, 0.0, 1.0],
                [0.996428, 0.033053, -0.077717, 0.0, -0.034766, 0.999179, -0.020796, 0.05, 0.076966, 0.023424, 0.996759, -0.0, 0.0, 0.0, 0.0, 1.0],
                [0.998622, 0.008606, -0.051781, 0.0, -0.010675, 0.999151, -0.0398, 0.05, 0.051394, 0.040298, 0.997865, -0.0, 0.0, 0.0, 0.0, 1.0],
                [0.999243, -0.03886, -0.001918, 0.0, 0.03888, 0.99918, 0.011326, 0.05, 0.001477, -0.011392, 0.999934, -0.0, 0.0, 0.0, 0.0, 1.0],
                [0.995572, -0.09399, -0.001531, 0.0, 0.093997, 0.995558, 0.005398, 0.05, 0.001017, -0.005518, 0.999984, 0.0, 0.0, 0.0, 0.0, 1.0],
                [0.997917, -0.064229, -0.006047, -0.0, 0.064049, 0.9976, -0.026314, 0.05, 0.007723, 0.025872, 0.999635, 0.0, 0.0, 0.0, 0.0, 1.0],
                [0.999337, -0.034551, -0.011509, -0.0, 0.03383, 0.997751, -0.057866, 0.05, 0.013482, 0.057438, 0.998258, -0.0, 0.0, 0.0, 0.0, 1.0],
                [0.999827, -0.005043, -0.0179, 0.0, 0.003427, 0.996011, -0.089168, 0.05, 0.018278, 0.089091, 0.995856, -0.0, 0.0, 0.0, 0.0, 1.0],
                [0.998881, 0.028539, -0.037714, -0.0, -0.032252, 0.99428, -0.101824, 0.05, 0.034592, 0.102926, 0.994087, -0.0, 0.0, 0.0, 0.0, 1.0],
                [0.998881, 0.028539, -0.037714, 0.0, -0.032252, 0.99428, -0.101824, 0.05, 0.034592, 0.102926, 0.994087, -0.0, 0.0, 0.0, 0.0, 1.0],
                [0.998881, 0.028539, -0.037714, 0.0, -0.032252, 0.99428, -0.101824, 0.05, 0.034592, 0.102926, 0.994087, 0.0, 0.0, 0.0, 0.0, 1.0],
                [0.998479, 0.013881, -0.053357, 0.0, -0.01806, 0.99674, -0.078641, 0.05, 0.052091, 0.079485, 0.995474, 0.0, 0.0, 0.0, 0.0, 1.0],
                [0.997399, -0.002761, -0.072026, -0.0, -0.000977, 0.998657, -0.051809, 0.05, 0.072072, 0.051745, 0.996056, -0.0, 0.0, 0.0, 0.0, 1.0],
                [0.996151, -0.014956, -0.086371, -0.0, 0.012251, 0.99942, -0.031774, 0.05, 0.086796, 0.030594, 0.995756, 0.0, 0.0, 0.0, 0.0, 1.0],
                [0.991907, -0.041629, -0.119948, 0.0, 0.043531, 0.998964, 0.013283, 0.05, 0.119271, -0.018397, 0.992691, -0.0, 0.0, 0.0, 0.0, 1.0]
            ]
        },
        {
            "name": "Chest",
            "time": [0.0, 0.1, 0.2, 0.2667, 0.3, 0.3333, 0.3667, 0.4, 0.7, 0.8, 0.9, 1.1, 1.2, 1.3, 1.6],
            "transform": [
                [0.891651, -0.00494, 0.452695, -0.0, -0.052909, 0.991951, 0.115038, 0.3, -0.449619, -0.126525, 0.884213, -0.0, 0.0, 0.0, 0.0, 1.0],
                [0.68009, -0.063005, 0.730416, 0.0, -0.026735, 0.993506, 0.110591, 0.3, -0.732641, -0.094739, 0.67399, 0.0, 0.0, 0.0, 0.0, 1.0],
                [0.870442, -0.184539, 0.456372, -0.0, 0.151065, 0.982479, 0.109148, 0.3, -0.468518, -0.026065, 0.883069, 0.0, 0.0, 0.0, 0.0, 1.0],
                [0.980167, -0.161422, 0.114948, 0.0, 0.157721, 0.986646, 0.040656, 0.3, -0.119976, -0.02172, 0.992539, 0.0, 0.0, 0.0, 0.0, 1.0],
                [0.969817, 0.024377, -0.242609, -0.0, -0.049854, 0.993794, -0.099434, 0.3, 0.23868, 0.108528, 0.965015, -0.0, 0.0, 0.0, 0.0, 1.0],
                [0.909967, -0.083431, -0.4062, 0.0, 0.025776, 0.989037, -0.145398, 0.3, 0.413877, 0.121837, 0.902143, 0.0, 0.0, 0.0, 0.0, 1.0],
                [0.811776, -0.191685, -0.551612, 0.0, 0.091743, 0.974724, -0.203704, 0.3, 0.576717, 0.114755, 0.808844, 0.0, 0.0, 0.0, 0.0, 1.0],
                [0.918523, -0.150795, -0.36548, -0.0, 0.094743, 0.981424, -0.16682, 0.3, 0.383847, 0.118602, 0.915748, -0.0, 0.0, 0.0, 0.0, 1.0],
                [0.899753, 0.081517, -0.428718, -0.0, -0.150126, 0.980256, -0.128682, 0.3, 0.409764, 0.180144, 0.894226, -0.0, 0.0, 0.0, 0.0, 1.0],
                [0.909895, 0.031359, -0.413651, -0.0, -0.055754, 0.997336, -0.047034, 0.3, 0.411075, 0.065859, 0.909219, -0.0, 0.0, 0.0, 0.0, 1.0],
                [0.914636, -0.013098, -0.404066, 0.0, 0.025116, 0.999385, 0.024457, 0.3, 0.403497, -0.032518, 0.914402, -0.0, 0.0, 0.0, 0.0, 1.0],
                [0.902616, 0.014342, -0.430207, -0.0, -0.029005, 0.999199, -0.027544, 0.3, 0.429468, 0.03734, 0.90231, -0.0, 0.0, 0.0, 0.0, 1.0],
                [0.885892, 0.043594, -0.461838, 0.0, -0.093539, 0.991912, -0.085797, 0.3, 0.454363, 0.119207, 0.882805, 0.0, 0.0, 0.0, 0.0, 1.0],
                [0.879274, 0.028921, -0.475437, 0.0, -0.070059, 0.995151, -0.069032, 0.3, 0.471136, 0.094006, 0.877037, 0.0, 0.0, 0.0, 0.0, 1.0],
                [0.862121, -0.002923, -0.506694, 0.0, -0.015575, 0.999358, -0.032265, 0.3, 0.506463, 0.035709, 0.861522, 0.0, 0.0, 0.0, 0.0, 1.0]
            ]
        },
        {
            "name": "Head",
            "time": [0.0, 0.1, 0.2, 0.2667, 0.3, 0.3333, 0.3667, 0.4, 0.7, 0.8, 0.9, 1.1, 1.15, 1.2, 1.3, 1.4, 1.5, 1.6],
            "transform": [
                [0.686078, 0.138527, -0.714218, -0.0, 0.096178, 0.955819, 0.277776, 0.4, 0.721142, -0.259268, 0.642443, 0.0, 0.0, 0.0, 0.0, 1.0],
                [-0.351754, 0.198691, -0.914763, 0.0, 0.256011, 0.960377, 0.110155, 0.4, 0.900404, -0.195442, -0.388683, 0.0, 0.0, 0.0, 0.0, 1.0],
                [0.665797, -0.264976, -0.697497, -0.0, 0.109462, 0.959389, -0.259981, 0.4, 0.738059, 0.096745, 0.667764, -0.0, 0.0, 0.0, 0.0, 1.0],
                [0.923825, 0.061226, -0.377887, 0.0, -0.143673, 0.970421, -0.194011, 0.4, 0.354831, 0.233524, 0.905297, -0.0, 0.0, 0.0, 0.0, 1.0],
                [0.881073, 0.119844, 0.457545, 0.0, -0.014114, 0.973598, -0.227833, 0.4, -0.47277, 0.19428, 0.859502, 0.0, 0.0, 0.0, 0.0, 1.0],
                [0.390109, 0.316937, 0.864503, -0.0, -0.116467, 0.948337, -0.295115, 0.4, -0.913373, 0.014441, 0.406868, 0.0, 0.0, 0.0, 0.0, 1.0],
                [0.343581, 0.200866, 0.91739, -0.0, -0.215192, 0.967706, -0.131289, 0.4, -0.914136, -0.152307, 0.375711, -0.0, 0.0, 0.0, 0.0, 1.0],
                [0.185188, 0.10025, 0.977576, 0.0, -0.165077, 0.983821, -0.069619, 0.400001, -0.968739, -0.148482, 0.19874, -0.0, 0.0, 0.0, 0.0, 1.0],
                [-0.240751, -0.198365, 0.9501, -0.0, -0.174303, 0.971814, 0.158731, 0.400001, -0.954808, -0.127391, -0.26854, -0.0, 0.0, 0.0, 0.0, 1.0],
                [0.600773, -0.004482, 0.799407, 0.0, -0.002914, 0.999965, 0.007797, 0.400001, -0.799414, -0.007014, 0.60074, -0.0, 0.0, 0.0, 0.0, 1.0],
                [0.762961, -0.176767, 0.621807, -0.0, -0.033503, 0.949783, 0.311112, 0.4, -0.645576, -0.258199, 0.718725, -0.0, 0.0, 0.0, 0.0, 1.0],
                [0.956687, 0.027795, 0.289788, 0.0, -0.07238, 0.986885, 0.144292, 0.4, -0.281977, -0.159017, 0.946152, 0.0, 0.0, 0.0, 0.0, 1.0],
                [0.935835, 0.015982, 0.352075, -0.0, -0.089173, 0.977204, 0.192666, 0.4, -0.34097, -0.211699, 0.915928, -0.0, 0.0, 0.0, 0.0, 1.0],
                [0.90861, -0.011968, 0.417473, 0.0, -0.099017, 0.964916, 0.243169, 0.4, -0.405737, -0.262283, 0.875548, 0.0, 0.0, 0.0, 0.0, 1.0],
                [0.690714, -0.074479, 0.719283, 0.0, -0.122746, 0.968172, 0.218121, 0.4, -0.712635, -0.238948, 0.659588, 0.0, 0.0, 0.0, 0.0, 1.0],
                [0.573865, -0.085457, 0.814478, 0.0, -0.101845, 0.979373, 0.174516, 0.400001, -0.812592, -0.183099, 0.553325, -0.0, 0.0, 0.0, 0.0, 1.0],
                [0.518235, -0.070544, 0.852324, 0.0, -0.065706, 0.990363, 0.12192, 0.400001, -0.85271, -0.119186, 0.508605, -0.0, 0.0, 0.0, 0.0, 1.0],
                [0.510053, -0.039893, 0.859217, -0.0, -0.027636, 0.997648, 0.062726, 0.400001, -0.859699, -0.055739, 0.507751, 0.0, 0.0, 0.0, 0.0, 1.0]
            ]
        },
        {
            "name": "Shoulder_R",
            "time": [0.0, 0.1, 0.2, 0.2667, 0.3, 0.3333, 0.3667, 0.4, 0.7, 0.8, 0.9, 1.1, 1.2, 1.3, 1.6],
            "transform": [
                [0.167778, 0.895581, 0.412049, -0.0, -0.060081, -0.407906, 0.911045, 0.4, 0.983992, -0.177609, -0.014631, 0.0, 0.0, 0.0, 0.0, 1.0],
                [0.134732, 0.899405, 0.415832, -0.0, -0.048529, -0.413165, 0.909362, 0.4, 0.989693, -0.1427, -0.01202, 0.0, 0.0, 0.0, 0.0, 1.0],
                [0.293078, 0.873777, 0.388095, 0.0, -0.101005, -0.375351, 0.921363, 0.4, 0.950738, -0.30923, -0.021751, -0.0, 0.0, 0.0, 0.0, 1.0],
                [0.273892, 0.954689, 0.116412, 0.0, -0.052029, -0.106156, 0.992988, 0.400001, 0.960352, -0.278028, 0.020596, 0.0, 0.0, 0.0, 0.0, 1.0],
                [0.312604, 0.941401, 0.126657, -0.0, -0.060948, -0.113186, 0.991703, 0.4, 0.947925, -0.317729, 0.021994, 0.0, 0.0, 0.0, 0.0, 1.0],
                [-0.123792, 0.909074, 0.397818, -0.0, 0.043192, -0.395585, 0.917414, 0.4, 0.991367, 0.130751, 0.009706, 0.0, 0.0, 0.0, 0.0, 1.0],
                [0.106165, 0.91263, 0.394759, -0.0, -0.036838, -0.39312, 0.918749, 0.400001, 0.993665, -0.112081, -0.008116, -0.0, 0.0, 0.0, 0.0, 1.0],
                [-0.239804, 0.922554, 0.302303, -0.0, 0.070188, -0.294098, 0.953194, 0.400001, 0.96828, 0.249798, 0.005774, -0.0, 0.0, 0.0, 0.0, 1.0],
                [0.092379, 0.960184, 0.263649, -0.0, -0.024997, -0.262461, 0.964618, 0.400001, 0.995409, -0.095701, -0.000245, -0.0, 0.0, 0.0, 0.0, 1.0],
                [0.393558, 0.849243, 0.35199, 0.0, -0.127378, -0.32882, 0.935762, 0.400001, 0.910432, -0.413113, -0.021234, -0.0, 0.0, 0.0, 0.0, 1.0],
                [0.44597, 0.836217, 0.319141, 0.0, -0.13561, -0.289318, 0.947578, 0.4, 0.884714, -0.46587, -0.015628, 0.0, 0.0, 0.0, 0.0, 1.0],
                [0.199738, 0.974532, 0.101929, 0.0, -0.036565, -0.096539, 0.994657, 0.4, 0.979166, -0.202398, 0.016352, 0.0, 0.0, 0.0, 0.0, 1.0],
                [0.121243, 0.988318, 0.092343, 0.0, -0.021658, -0.090373, 0.995672, 0.400001, 0.992386, -0.122718, 0.010448, 0.0, 0.0, 0.0, 0.0, 1.0],
                [0.270421, 0.955777, 0.115595, -0.0, -0.051263, -0.105603, 0.993086, 0.400001, 0.961376, -0.274477, 0.020439, -0.0, 0.0, 0.0, 0.0, 1.0],
                [-0.007837, 0.955454, 0.295034, 0.0, 0.002256, -0.295025, 0.955487, 0.400001, 0.999967, 0.008154, 0.000157, 0.0, 0.0, 0.0, 0.0, 1.0]
            ]
        },
        {
            "name": "Arm_R",
            "time": [0.0, 0.1, 0.2, 0.2667, 0.3, 0.3333, 0.3667, 0.4, 0.7, 0.8, 0.9, 1.1, 1.2, 1.3, 1.5, 1.6],
            "transform": [
                [-0.451331, -0.794666, -0.405961, -1.9e-05, -0.004871, 0.457118, -0.88939, 0.388502, 0.89234, -0.399433, -0.210183, -0.00091, 0.0, 0.0, 0.0, 1.0],
                [-0.765572, -0.619642, -0.173026, -1.9e-05, -0.035428, 0.309143, -0.950353, 0.388502, 0.642369, -0.721436, -0.258625, -0.00091, 0.0, 0.0, 0.0, 1.0],
                [-0.325167, -0.905373, 0.273062, -1.9e-05, -0.847048, 0.150475, -0.509765, 0.388503, 0.42044, -0.397057, -0.815827, -0.00091, 0.0, 0.0, 0.0, 1.0],
                [-0.046367, -0.667425, -0.743229, -2e-05, -0.49515, 0.661548, -0.563184, 0.388502, 0.867569, 0.341899, -0.361149, -0.00091, 0.0, 0.0, 0.0, 1.0],
                [0.301109, -0.884583, -0.356147, -1.9e-05, -0.276524, 0.276434, -0.92039, 0.388503, 0.912614, 0.375623, -0.161373, -0.00091, 0.0, 0.0, 0.0, 1.0],
                [0.237112, -0.951739, -0.194844, -1.9e-05, -0.127376, 0.168375, -0.977458, 0.388502, 0.963094, 0.256588, -0.081306, -0.00091, 0.0, 0.0, 0.0, 1.0],
                [0.167598, -0.804264, -0.570145, -1.9e-05, -0.110418, 0.559372, -0.821529, 0.388503, 0.979651, 0.200642, 0.004945, -0.00091, 0.0, 0.0, 0.0, 1.0],
                [0.078241, -0.311329, -0.947075, -1.9e-05, -0.042909, 0.948053, -0.315196, 0.388503, 0.996009, 0.065301, 0.060819, -0.00091, 0.0, 0.0, 0.0, 1.0],
                [-0.030898, -0.008046, -0.999489, -1.9e-05, 0.000518, 0.999966, -0.008066, 0.388503, 0.999521, -0.000766, -0.030893, -0.00091, 0.0, 0.0, 0.0, 1.0],
                [-0.156089, -0.778554, -0.607855, -1.9e-05, 0.099585, 0.599857, -0.793884, 0.388503, 0.982709, -0.184449, -0.016098, -0.00091, 0.0, 0.0, 0.0, 1.0],
                [-0.125638, -0.985769, 0.111677, -2e-05, -0.091202, -0.100616, -0.990735, 0.388502, 0.987874, -0.134659, -0.077264, -0.00091, 0.0, 0.0, 0.0, 1.0],
                [0.812646, -0.508094, 0.285387, -1.9e-05, -0.269089, -0.761549, -0.589603, 0.388502, 0.51691, 0.402343, -0.755593, -0.00091, 0.0, 0.0, 0.0, 1.0],
                [0.383144, -0.586349, -0.713717, -1.9e-05, -0.906887, -0.092092, -0.411185, 0.388503, 0.175371, 0.804804, -0.567038, -0.00091, 0.0, 0.0, 0.0, 1.0],
                [0.217659, -0.859001, -0.4634, -1.9e-05, -0.627791, 0.240321, -0.740354, 0.388502, 0.74733, 0.452063, -0.486965, -0.00091, 0.0, 0.0, 0.0, 1.0],
                [-0.480425, -0.307315, -0.821431, -2e-05, 0.520944, 0.65348, -0.549162, 0.388502, 0.705555, -0.691751, -0.153854, -0.00091, 0.0, 0.0, 0.0, 1.0],
                [0.107382, -0.154462, -0.982146, -1.9e-05, 0.817829, 0.57546, -0.001087, 0.388503, 0.565354, -0.803111, 0.188118, -0.00091, 0.0, 0.0, 0.0, 1.0]
            ]
        },
        {
            "name": "Hand_R",
            "time": [0.0, 0.1, 0.2, 0.2667, 0.3, 0.3333, 0.3667, 0.4, 0.7, 0.8, 0.9, 1.1, 1.2, 1.3, 1.6],
            "transform": [
                [1.000003, 0.0, 0.0, -0.0, -0.0, 0.984728, -0.174108, 0.329779, -0.0, 0.174108, 0.984729, -0.0, 0.0, 0.0, 0.0, 1.0],
                [1.000003, 0.0, 0.0, 0.0, -0.0, 1.000002, -1e-06, 0.329779, -0.0, -0.0, 1.000002, 0.0, 0.0, 0.0, 0.0, 1.0],
                [1.000003, 0.0, 0.0, -0.0, -0.0, 1.000002, -0.0, 0.329779, -0.0, 0.0, 1.000001, 0.0, 0.0, 0.0, 0.0, 1.0],
                [1.0, 0.0, 0.0, -0.0, -0.0, 1.000003, -0.0, 0.329779, -0.0, 0.0, 1.000003, -0.0, 0.0, 0.0, 0.0, 1.0],
                [1.0, 0.0, 0.0, -0.0, -0.0, 1.000003, -0.0, 0.329779, -0.0, 0.0, 1.000002, 0.0, 0.0, 0.0, 0.0, 1.0],
                [1.0, 0.0, 0.0, 0.0, -0.0, 1.000003, -0.0, 0.329779, -0.0, 0.0, 1.000002, -0.0, 0.0, 0.0, 0.0, 1.0],
                [1.0, 0.0, 0.0, 0.0, -0.0, 1.000003, -0.0, 0.329779, -0.0, 0.0, 1.000002, 0.0, 0.0, 0.0, 0.0, 1.0],
                [1.0, 1e-06, -0.0, -0.0, -0.0, 0.58857, -0.80845, 0.329779, -0.0, 0.808448, 0.588569, -0.0, 0.0, 0.0, 0.0, 1.0],
                [1.000001, 0.0, 0.0, -0.0, -0.0, 1.000002, -0.0, 0.329779, -0.0, 0.0, 1.000002, -0.0, 0.0, 0.0, 0.0, 1.0],
                [1.000001, 0.0, 0.0, 0.0, -0.0, 1.000002, -0.0, 0.329779, -0.0, 0.0, 1.000002, 0.0, 0.0, 0.0, 0.0, 1.0],
                [1.000001, 0.0, 0.0, -0.0, -0.0, 1.000002, -0.0, 0.329779, -0.0, 0.0, 1.000001, -0.0, 0.0, 0.0, 0.0, 1.0],
                [1.000001, 0.0, 0.0, -0.0, -1e-06, 1.000002, -0.0, 0.32978, -0.0, 0.0, 1.000002, 0.0, 0.0, 0.0, 0.0, 1.0],
                [1.000001, 0.0, 0.0, 0.0, -0.0, 1.000002, -0.0, 0.329779, -0.0, 0.0, 1.000001, -0.0, 0.0, 0.0, 0.0, 1.0],
                [1.0, 0.0, 0.0, 0.0, -0.0, 1.000001, -0.0, 0.329779, -0.0, 0.0, 1.0, -0.0, 0.0, 0.0, 0.0, 1.0],
                [1.0, 1e-06, 0.0, 0.0, -0.0, 0.982111, -0.188305, 0.329779, -0.0, 0.188305, 0.98211, 0.0, 0.0, 0.0, 0.0, 1.0]
            ]
        },
        {
            "name": "Tool_R",
            "time": [0.0, 0.1, 0.15, 0.2, 0.2667, 0.3, 0.3333, 0.3667, 0.4, 0.7, 0.8, 0.9, 1.1, 1.15, 1.2, 1.3, 1.4, 1.5, 1.6],
            "transform": [
                [1.0, -0.0, -0.0, -0.02, -0.0, -0.94069, -0.339268, 0.291425, -0.0, 0.339268, -0.940691, -0.0, 0.0, 0.0, 0.0, 1.0],
                [1.000001, -0.0, -0.0, -0.02, -0.0, -0.964628, -0.263615, 0.291425, -0.0, 0.263616, -0.964629, 0.0, 0.0, 0.0, 0.0, 1.0],
                [1.0, -0.0, -0.0, -0.02, -0.0, -0.993731, -0.111792, 0.366254, -0.0, 0.111793, -0.993733, 0.502727, 0.0, 0.0, 0.0, 1.0],
                [1.000001, 0.0, 0.0, -0.02, 0.0, -0.998788, -0.049222, 0.342216, 0.0, 0.049222, -0.998789, 1.022891, 0.0, 0.0, 0.0, 1.0],
                [0.995343, 0.044796, -0.085359, 0.083406, 0.067591, -0.955652, 0.286633, -0.043134, -0.068733, -0.291068, -0.95423, 1.168454, 0.0, 0.0, 0.0, 1.0],
                [1.000002, -0.0, 0.0, -0.020001, -0.0, -0.9985, -0.05476, 0.393111, 0.0, 0.05476, -0.998499, 1.372084, 0.0, 0.0, 0.0, 1.0],
                [1.000002, -0.0, 0.0, -0.02, -0.0, -0.92218, -0.386764, 0.440224, 0.0, 0.386763, -0.922179, 0.593322, 0.0, 0.0, 0.0, 1.0],
                [1.000002, -0.0, 0.0, -0.02, 0.0, -0.734285, -0.678842, 0.625121, 0.0, 0.678841, -0.734284, 0.434718, 0.0, 0.0, 0.0, 1.0],
                [1.000002, -0.0, 0.0, -0.02, 0.0, -0.469967, -0.882685, 0.810019, 0.0, 0.882684, -0.469967, 0.276114, 0.0, 0.0, 0.0, 1.0],
                [1.000001, -0.0, 0.0, -0.02, 0.0, -0.224606, -0.97445, 0.291425, 0.0, 0.97445, -0.224606, -0.0, 0.0, 0.0, 0.0, 1.0],
                [1.000001, -0.0, 0.0, -0.02, 0.0, -0.224606, -0.97445, 0.291425, 0.0, 0.974449, -0.224606, -0.0, 0.0, 0.0, 0.0, 1.0],
                [-0.013091, -0.999915, 0.0, -0.02, -0.224586, 0.00294, -0.974449, 0.291425, 0.974366, -0.012757, -0.224606, 0.0, 0.0, 0.0, 0.0, 1.0],
                [-0.164006, 0.897338, -0.409741, -0.02, -0.723528, 0.172914, 0.668288, 0.291425, 0.670529, 0.406062, 0.62089, 0.0, 0.0, 0.0, 0.0, 1.0],
                [0.023378, -0.470433, -0.882127, -0.02, -0.946083, 0.274744, -0.171593, 0.291425, 0.323082, 0.838575, -0.438645, 0.0, 0.0, 0.0, 0.0, 1.0],
                [-0.378173, -0.538244, 0.753179, -0.02, -0.869076, -0.073843, -0.489136, 0.291425, 0.318892, -0.839548, -0.439849, -0.0, 0.0, 0.0, 0.0, 1.0],
                [-0.688541, 0.318518, -0.651504, -0.02, -0.603409, 0.246686, 0.758316, 0.291426, 0.402254, 0.915255, 0.022344, -0.0, 0.0, 0.0, 0.0, 1.0],
                [-0.988554, -0.150602, -0.009018, -0.02, -0.138272, 0.928295, -0.345182, 0.291425, 0.060357, -0.339983, -0.938493, 0.0, 0.0, 0.0, 0.0, 1.0],
                [-0.441283, 0.897328, -0.008511, -0.02, 0.788913, 0.383413, -0.48022, 0.060009, -0.427651, -0.218627, -0.877107, -0.154278, 0.0, 0.0, 0.0, 1.0],
                [-0.173649, 0.984808, -0.0, -0.02, 0.696364, 0.122788, -0.707107, -0.132839, -0.696365, -0.122789, -0.707107, -0.282843, 0.0, 0.0, 0.0, 1.0]
            ]
        },
        {
            "name": "Elbow_R",
            "time": [0.0, 0.1, 0.2, 0.2667, 0.3, 0.3333, 0.3667, 0.4, 0.7, 0.8, 0.9, 1.1, 1.2, 1.3, 1.6],
            "transform": [
                [-1.000003, -0.0, -0.0, -0.0, 1e-06, 0.087388, -0.996176, 0.329779, 0.0, -0.996177, -0.087388, -0.0, 0.0, 0.0, 0.0, 1.0],
                [-1.000003, -0.0, -0.0, 0.0, 0.0, -0.0, -1.000002, 0.329779, 0.0, -1.000003, 0.0, -0.0, 0.0, 0.0, 0.0, 1.0],
                [-1.000003, 0.0, -1e-06, -0.0, 1e-06, 0.0, -1.000001, 0.329779, 0.0, -1.000001, 0.0, 0.0, 0.0, 0.0, 0.0, 1.0],
                [-1.0, -0.0, -0.0, -0.0, 0.0, 0.0, -1.000002, 0.329779, 0.0, -1.000004, -0.0, 0.0, 0.0, 0.0, 0.0, 1.0],
                [-1.000001, -0.0, -0.0, 0.0, 0.0, 0.0, -1.000004, 0.329779, 0.0, -1.000002, -0.0, 0.0, 0.0, 0.0, 0.0, 1.0],
                [-1.000002, -1e-06, -1e-06, 0.0, 0.0, 0.0, -1.000004, 0.329779, 1e-06, -1.000002, 0.0, 0.0, 0.0, 0.0, 0.0, 1.0],
                [-1.000002, -1e-06, -1e-06, 0.0, 0.0, -0.0, -1.000004, 0.329779, 1e-06, -1.000002, 0.0, 0.0, 0.0, 0.0, 0.0, 1.0],
                [-1.000001, -0.0, -0.0, -0.0, 1e-06, 0.453561, -0.89123, 0.329779, 0.0, -0.891228, -0.45356, 0.0, 0.0, 0.0, 0.0, 1.0],
                [-1.000001, -0.0, -1e-06, -0.0, 0.0, 0.0, -1.000002, 0.329779, 0.0, -1.000002, -0.0, 0.0, 0.0, 0.0, 0.0, 1.0],
                [-1.000002, -0.0, -0.0, 0.0, 1e-06, 0.0, -1.000003, 0.329779, 0.0, -1.000002, -0.0, 0.0, 0.0, 0.0, 0.0, 1.0],
                [-1.000002, -0.0, -0.0, -0.0, 1e-06, 0.0, -1.000002, 0.329779, 0.0, -1.000002, -0.0, 0.0, 0.0, 0.0, 0.0, 1.0],
                [-1.000002, -0.0, -1e-06, 0.0, 1e-06, 0.0, -1.000003, 0.32978, 0.0, -1.000002, -0.0, -0.0, 0.0, 0.0, 0.0, 1.0],
                [-1.000001, -0.0, -1e-06, 0.0, 1e-06, -0.0, -1.000002, 0.329779, 0.0, -1.000002, -0.0, 0.0, 0.0, 0.0, 0.0, 1.0],
                [-1.000001, -0.0, -1e-06, 0.0, 1e-06, 0.0, -1.000001, 0.329779, 0.0, -1.000001, -0.0, -0.0, 0.0, 0.0, 0.0, 1.0],
                [-0.999999, -0.0, -0.0, 0.0, 0.0, 0.094576, -0.995518, 0.329779, -0.0, -0.995517, -0.094577, 0.0, 0.0, 0.0, 0.0, 1.0]
            ]
        },
        {
            "name": "Shoulder_L",
            "time": [0.0, 0.1, 0.2, 0.2667, 0.3, 0.3333, 0.3667, 0.4, 0.7, 0.8, 0.9, 1.1, 1.2, 1.3, 1.6],
            "transform": [
                [0.209893, -0.88952, -0.405832, -0.0, 0.074434, -0.399336, 0.913777, 0.4, -0.974887, -0.222003, -0.017607, 0.0, 0.0, 0.0, 0.0, 1.0],
                [0.203514, -0.890522, -0.40688, -0.0, 0.072291, -0.400775, 0.913319, 0.4, -0.9764, -0.215287, -0.017187, 0.0, 0.0, 0.0, 0.0, 1.0],
                [0.1163, -0.901179, -0.417552, 0.0, 0.041997, -0.415567, 0.908591, 0.4, -0.992326, -0.123205, -0.010484, -0.0, 0.0, 0.0, 0.0, 1.0],
                [0.37084, -0.855141, -0.362228, 0.0, 0.122255, -0.341693, 0.931824, 0.400001, -0.920614, -0.389842, -0.022168, 0.0, 0.0, 0.0, 0.0, 1.0],
                [0.355449, -0.924015, -0.140895, -0.0, 0.071835, -0.123288, 0.989767, 0.4, -0.93193, -0.361933, 0.022554, 0.0, 0.0, 0.0, 0.0, 1.0],
                [0.327174, -0.935824, -0.131111, -0.0, 0.064509, -0.116305, 0.991116, 0.4, -0.942759, -0.332726, 0.022317, 0.0, 0.0, 0.0, 0.0, 1.0],
                [0.413795, -0.843988, -0.341259, -0.0, 0.131294, -0.315613, 0.939761, 0.400001, -0.900852, -0.433673, -0.019788, -0.0, 0.0, 0.0, 0.0, 1.0],
                [0.363919, -0.884475, -0.292004, -0.0, 0.104512, -0.272746, 0.956393, 0.400001, -0.925548, -0.378568, -0.006819, -0.0, 0.0, 0.0, 0.0, 1.0],
                [0.399881, -0.847594, -0.348826, -0.0, 0.128674, -0.324896, 0.936955, 0.400001, -0.90749, -0.419555, -0.020856, -0.0, 0.0, 0.0, 0.0, 1.0],
                [-0.04829, -0.965911, -0.254334, 0.0, -0.012815, -0.25401, 0.967117, 0.400001, -0.998752, 0.049962, -0.000113, -0.0, 0.0, 0.0, 0.0, 1.0],
                [-0.175634, -0.955988, -0.235031, 0.0, -0.044725, -0.230747, 0.971985, 0.4, -0.983439, 0.181225, -0.00223, 0.0, 0.0, 0.0, 0.0, 1.0],
                [-0.187643, -0.971649, -0.143837, 0.0, -0.038516, -0.139047, 0.989536, 0.4, -0.981482, 0.19122, -0.011333, 0.0, 0.0, 0.0, 0.0, 1.0],
                [-0.236333, -0.95057, -0.201406, 0.0, -0.055779, -0.193663, 0.979481, 0.400001, -0.97007, 0.242718, -0.007253, 0.0, 0.0, 0.0, 0.0, 1.0],
                [-0.197959, -0.968318, -0.152222, -0.0, -0.041505, -0.146875, 0.988284, 0.400001, -0.979331, 0.201958, -0.011115, -0.0, 0.0, 0.0, 0.0, 1.0],
                [-0.168649, -0.944082, -0.283312, 0.0, -0.047502, -0.27931, 0.959025, 0.400001, -0.984531, 0.175197, 0.00226, 0.0, 0.0, 0.0, 0.0, 1.0]
            ]
        },
        {
            "name": "Arm_L",
            "time": [0.0, 0.1, 0.2, 0.2667, 0.3, 0.3333, 0.3667, 0.4, 0.7, 0.8, 0.9, 1.1, 1.2, 1.3, 1.6],
            "transform": [
                [-0.459858, 0.805084, 0.374659, 1.5e-05, -0.79254, -0.18181, -0.582087, 0.388444, -0.400512, -0.564608, 0.721668, -0.000724, 0.0, 0.0, 0.0, 1.0],
                [0.036028, 0.762749, 0.645689, 1.3e-05, -0.881212, 0.328984, -0.339459, 0.388414, -0.471343, -0.556759, 0.683997, -0.000631, 0.0, 0.0, 0.0, 1.0],
                [0.568182, 0.39961, 0.719362, 9e-06, -0.734897, 0.63974, 0.225072, 0.388355, -0.370263, -0.656537, 0.657161, -0.000446, 0.0, 0.0, 0.0, 1.0],
