{
    "animation": [
        {
            "name": "Root",
            "time": [0.0, 0.1333, 0.2333, 0.2667, 0.3, 0.3333, 0.3667, 0.3833, 0.4, 0.45, 0.5, 0.8, 1.0, 1.1, 1.2, 1.3, 1.4, 1.5, 1.7],
            "transform": [
                [-0.950342, 0.097651, 0.295491, -5e-06, 0.307877, 0.433563, 0.846897, 0.000946, -0.045414, 0.895817, -0.442098, 0.510566, 0.0, 0.0, 0.0, 1.0],
                [0.414838, 0.058826, 0.907992, -5e-06, 0.79118, 0.469529, -0.391889, 0.289835, -0.449382, 0.880955, 0.148236, 0.365549, 0.0, 0.0, 0.0, 1.0],
                [0.985194, 0.051948, 0.163385, -0.00039, 0.124685, 0.436992, -0.890782, 0.727666, -0.117673, 0.897964, 0.424044, 0.511778, 0.0, 0.0, 0.0, 1.0],
                [0.985541, 0.064504, -0.156676, 0.010439, -0.169281, 0.414166, -0.894321, 0.877124, 0.007202, 0.907913, 0.419097, 0.505625, 0.0, 0.0, 0.0, 1.0],
                [0.884144, 0.148374, -0.44303, -5e-06, -0.464154, 0.387305, -0.79659, 1.146581, 0.053394, 0.909934, 0.411302, 0.550549, 0.0, 0.0, 0.0, 1.0],
                [0.421382, 0.130014, -0.897515, -5e-06, -0.869675, 0.338507, -0.359275, 1.115497, 0.257104, 0.931938, 0.255711, 0.652216, 0.0, 0.0, 0.0, 1.0],
                [-0.103896, 0.09261, -0.990267, -5e-06, -0.965332, 0.230324, 0.12282, 1.190181, 0.239457, 0.968697, 0.06547, 0.618882, 0.0, 0.0, 0.0, 1.0],
                [-0.313085, 0.074567, -0.946793, -5e-06, -0.919397, 0.226122, 0.321835, 1.232524, 0.238089, 0.971241, -0.002239, 0.592216, 0.0, 0.0, 0.0, 1.0],
                [-0.479008, 0.058827, -0.875837, -5e-06, -0.864741, 0.139907, 0.482337, 1.254866, 0.15091, 0.988416, -0.016146, 0.585549, 0.0, 0.0, 0.0, 1.0],
                [-0.599918, 0.029934, -0.799501, -5e-06, -0.78904, 0.143162, 0.597428, 1.303559, 0.132341, 0.989247, -0.062266, 0.525549, 0.0, 0.0, 0.0, 1.0],
                [-0.575539, 0.001606, -0.817773, -5e-06, -0.808333, 0.1504, 0.56919, 1.400946, 0.123907, 0.988624, -0.085263, 0.495549, 0.0, 0.0, 0.0, 1.0],
                [-0.802159, -0.025247, -0.596577, -5e-06, -0.592209, 0.16139, 0.789456, 1.400946, 0.07635, 0.986568, -0.144412, 0.465549, 0.0, 0.0, 0.0, 1.0],
                [-0.496984, -0.049097, -0.86637, -0.001333, -0.863213, 0.130035, 0.487805, 1.400946, 0.088708, 0.990293, -0.107006, 0.50529, 0.0, 0.0, 0.0, 1.0],
                [-0.131488, -0.058258, -0.989604, -0.00266, -0.987612, 0.093933, 0.125694, 1.400946, 0.085634, 0.993872, -0.069888, 0.545031, 0.0, 0.0, 0.0, 1.0],
                [0.20874, -0.054376, -0.976458, -0.003988, -0.975366, 0.061257, -0.211918, 1.400946, 0.071338, 0.99664, -0.040249, 0.584772, 0.0, 0.0, 0.0, 1.0],
                [0.477615, -0.042713, -0.87753, -0.005316, -0.877022, 0.036077, -0.479094, 1.400946, 0.052123, 0.998436, -0.020229, 0.624513, 0.0, 0.0, 0.0, 1.0],
                [0.669746, -0.028092, -0.742059, -0.006644, -0.741874, 0.018555, -0.670282, 1.400946, 0.032599, 0.999433, -0.008413, 0.664254, 0.0, 0.0, 0.0, 1.0],
                [0.761849, -0.018208, -0.647499, -0.00753, -0.647427, 0.010371, -0.762057, 1.400946, 0.020591, 0.99978, -0.003887, 0.690747, 0.0, 0.0, 0.0, 1.0],
                [0.882948, -0.0, -0.469472, -0.0093, -0.469472, 0.0, -0.882948, 1.400946, 0.0, 1.0, -0.0, 0.743735, 0.0, 0.0, 0.0, 1.0]
            ]
        },
        {
            "name": "Thigh_R",
            "time": [0.0, 0.1333, 0.2333, 0.3, 0.3333, 0.3667, 0.4, 0.5, 0.8, 1.0, 1.1, 1.2, 1.3, 1.4, 1.5, 1.7],
            "transform": [
                [0.994711, 0.057096, 0.085374, 0.124994, 0.100427, -0.714863, -0.692015, -0.002831, 0.021519, 0.696928, -0.716816, -1.2e-05, 0.0, 0.0, 0.0, 1.0],
                [0.310165, 0.580199, -0.753103, 0.124994, 0.675085, 0.423345, 0.604183, -0.002831, 0.66937, -0.695806, -0.260377, -1.2e-05, 0.0, 0.0, 0.0, 1.0],
                [0.985928, 0.165414, -0.024137, 0.124994, 0.060675, -0.21956, 0.97371, -0.002831, 0.155765, -0.961473, -0.226507, -1.2e-05, 0.0, 0.0, 0.0, 1.0],
                [0.966466, 0.255914, 0.021198, 0.124994, 0.211025, -0.838549, 0.502297, -0.00283, 0.14632, -0.48098, -0.864435, -1.2e-05, 0.0, 0.0, 0.0, 1.0],
                [0.995842, 0.084741, -0.033401, 0.124994, 0.09073, -0.890462, 0.44592, -0.00283, 0.008045, -0.447097, -0.894449, -1.2e-05, 0.0, 0.0, 0.0, 1.0],
                [0.984597, 0.160211, -0.069986, 0.124994, 0.173088, -0.836895, 0.519275, -0.00283, 0.024622, -0.523391, -0.851736, -1.2e-05, 0.0, 0.0, 0.0, 1.0],
                [0.975865, 0.187889, -0.111276, 0.124994, 0.216262, -0.760948, 0.611708, -0.002831, 0.030258, -0.62101, -0.783217, -1.2e-05, 0.0, 0.0, 0.0, 1.0],
                [0.936532, 0.328642, -0.122066, 0.124994, 0.339834, -0.765476, 0.546404, -0.00283, 0.086133, -0.553208, -0.828577, -1.2e-05, 0.0, 0.0, 0.0, 1.0],
                [0.979833, 0.145379, -0.137073, 0.124994, 0.199705, -0.734795, 0.648223, -0.00283, -0.006483, -0.662525, -0.74901, -1.2e-05, 0.0, 0.0, 0.0, 1.0],
                [0.950681, 0.253997, -0.17801, 0.124994, 0.295322, -0.565853, 0.769801, -0.002831, 0.0948, -0.784406, -0.612958, -1.2e-05, 0.0, 0.0, 0.0, 1.0],
                [0.984239, 0.163414, -0.067578, 0.124994, 0.156176, -0.624015, 0.765645, -0.00283, 0.082948, -0.764133, -0.639703, -1.2e-05, 0.0, 0.0, 0.0, 1.0],
                [0.996875, 0.057906, 0.053706, 0.124994, 0.003676, -0.713295, 0.700853, -0.00283, 0.078892, -0.698466, -0.71128, -1.2e-05, 0.0, 0.0, 0.0, 1.0],
                [0.991523, 0.117119, 0.056238, 0.124994, 0.062048, -0.807176, 0.587039, -0.002831, 0.114148, -0.578574, -0.807602, -1.2e-05, 0.0, 0.0, 0.0, 1.0],
                [0.98587, 0.147667, 0.079079, 0.124994, 0.097567, -0.889955, 0.445486, -0.002831, 0.13616, -0.431476, -0.891789, -1.2e-05, 0.0, 0.0, 0.0, 1.0],
                [0.982998, 0.152735, 0.101906, 0.124994, 0.110941, -0.936313, 0.333179, -0.00283, 0.146304, -0.316209, -0.93734, -1.2e-05, 0.0, 0.0, 0.0, 1.0],
                [0.979465, 0.104597, 0.172356, 0.124994, 0.120583, -0.989054, -0.085026, -0.002831, 0.161576, 0.104063, -0.981358, -1.2e-05, 0.0, 0.0, 0.0, 1.0]
            ]
        },
        {
            "name": "Leg_R",
            "time": [0.0, 0.1333, 0.2333, 0.3, 0.3333, 0.3667, 0.4, 0.5, 0.8, 1.0, 1.1, 1.2, 1.3, 1.4, 1.5, 1.7],
            "transform": [
                [1.0, 1e-06, 5e-06, 0.0, -4e-06, 0.651411, 0.758724, 0.37472, -3e-06, -0.758725, 0.65141, 0.0, 0.0, 0.0, 0.0, 1.0],
                [1.000001, -3e-06, 4e-06, -0.0, -4e-06, -0.143034, 0.989717, 0.37472, -2e-06, -0.989717, -0.143034, -0.0, 0.0, 0.0, 0.0, 1.0],
                [1.000001, -3e-06, 4e-06, 0.0, -4e-06, -0.131483, 0.991318, 0.37472, -2e-06, -0.991318, -0.131483, 0.0, 0.0, 0.0, 0.0, 1.0],
                [1.000001, -0.0, 5e-06, 0.0, -4e-06, 0.463502, 0.886096, 0.37472, -2e-06, -0.886095, 0.463502, 0.0, 0.0, 0.0, 0.0, 1.0],
                [1.000001, 2e-06, 4e-06, 0.0, -4e-06, 0.875342, 0.483503, 0.37472, -2e-06, -0.483503, 0.875342, -0.0, 0.0, 0.0, 0.0, 1.0],
                [1.0, 2e-06, 4e-06, -0.0, -4e-06, 0.878752, 0.477277, 0.37472, -2e-06, -0.477276, 0.878753, -0.0, 0.0, 0.0, 0.0, 1.0],
                [1.0, 3e-06, 4e-06, 0.0, -4e-06, 0.924841, 0.380353, 0.37472, -2e-06, -0.380352, 0.924842, -0.0, 0.0, 0.0, 0.0, 1.0],
                [1.000001, 4e-06, 3e-06, -0.0, -4e-06, 0.999984, 0.005608, 0.37472, -3e-06, -0.005608, 0.999984, 0.0, 0.0, 0.0, 0.0, 1.0],
                [1.000001, 4e-06, 3e-06, 0.0, -4e-06, 0.999987, 0.005086, 0.37472, -2e-06, -0.005086, 0.999987, 0.0, 0.0, 0.0, 0.0, 1.0],
                [1.000001, 1e-06, 5e-06, 0.0, -4e-06, 0.643581, 0.765378, 0.37472, -2e-06, -0.765378, 0.643581, -0.0, 0.0, 0.0, 0.0, 1.0],
                [1.000001, -1e-06, 4e-06, -0.0, -4e-06, 0.273509, 0.96187, 0.37472, -2e-06, -0.961869, 0.273509, 0.0, 0.0, 0.0, 0.0, 1.0],
                [1.000001, -1e-06, 5e-06, -0.0, -4e-06, 0.291738, 0.956499, 0.37472, -2e-06, -0.956498, 0.291738, -0.0, 0.0, 0.0, 0.0, 1.0],
                [1.000001, -0.0, 5e-06, 0.0, -4e-06, 0.436087, 0.899905, 0.37472, -3e-06, -0.899905, 0.436088, 0.0, 0.0, 0.0, 0.0, 1.0],
                [1.000001, 0.0, 5e-06, 0.0, -4e-06, 0.606183, 0.795327, 0.37472, -3e-06, -0.795326, 0.606182, -0.0, 0.0, 0.0, 0.0, 1.0],
                [1.000001, 1e-06, 4e-06, 0.0, -4e-06, 0.731926, 0.681387, 0.37472, -3e-06, -0.681386, 0.731925, 0.0, 0.0, 0.0, 0.0, 1.0],
                [1.000002, 4e-06, 3e-06, -0.0, -4e-06, 0.99999, 0.004912, 0.37472, -2e-06, -0.004912, 0.999989, -0.0, 0.0, 0.0, 0.0, 1.0]
            ]
        },
        {
            "name": "Knee_R",
            "time": [0.0, 0.1333, 0.2333, 0.3, 0.3333, 0.3667, 0.4, 0.5, 0.8, 1.0, 1.1, 1.2, 1.3, 1.4, 1.5, 1.7],
            "transform": [
                [1.0, 2e-06, -4e-06, 0.0, -4e-06, 3e-06, -1.0, 0.37472, -2e-06, 1.0, 3e-06, 0.0, 0.0, 0.0, 0.0, 1.0],
                [1.0, 2e-06, -4e-06, 0.0, -4e-06, 3e-06, -1.0, 0.37472, -2e-06, 1.0, 3e-06, -0.0, 0.0, 0.0, 0.0, 1.0],
                [1.0, 2e-06, -4e-06, 0.0, -4e-06, 3e-06, -1.0, 0.37472, -2e-06, 1.0, 3e-06, 0.0, 0.0, 0.0, 0.0, 1.0],
                [1.0, 2e-06, -4e-06, 0.0, -4e-06, 3e-06, -1.0, 0.37472, -2e-06, 1.0, 3e-06, 0.0, 0.0, 0.0, 0.0, 1.0],
                [1.0, 2e-06, -4e-06, 0.0, -4e-06, 3e-06, -1.0, 0.37472, -2e-06, 1.0, 3e-06, 0.0, 0.0, 0.0, 0.0, 1.0],
                [1.0, 2e-06, -4e-06, -0.0, -4e-06, 3e-06, -1.0, 0.37472, -2e-06, 1.0, 3e-06, -0.0, 0.0, 0.0, 0.0, 1.0],
                [1.0, 2e-06, -4e-06, 0.0, -4e-06, 3e-06, -1.0, 0.37472, -2e-06, 1.0, 3e-06, 0.0, 0.0, 0.0, 0.0, 1.0],
                [1.0, 2e-06, -4e-06, -0.0, -4e-06, 3e-06, -1.0, 0.37472, -2e-06, 1.0, 3e-06, -0.0, 0.0, 0.0, 0.0, 1.0],
                [1.0, 2e-06, -4e-06, 0.0, -4e-06, 3e-06, -1.0, 0.37472, -2e-06, 1.0, 3e-06, 0.0, 0.0, 0.0, 0.0, 1.0],
                [1.0, 2e-06, -4e-06, -0.0, -4e-06, 3e-06, -1.0, 0.37472, -2e-06, 1.0, 3e-06, -0.0, 0.0, 0.0, 0.0, 1.0],
                [1.0, 2e-06, -4e-06, -0.0, -4e-06, 3e-06, -1.0, 0.37472, -2e-06, 1.0, 3e-06, 0.0, 0.0, 0.0, 0.0, 1.0],
                [1.0, 2e-06, -4e-06, -0.0, -4e-06, 3e-06, -1.0, 0.37472, -2e-06, 1.0, 3e-06, -0.0, 0.0, 0.0, 0.0, 1.0],
                [1.0, 2e-06, -4e-06, 0.0, -4e-06, 3e-06, -1.0, 0.37472, -2e-06, 1.0, 3e-06, 0.0, 0.0, 0.0, 0.0, 1.0],
                [1.0, 2e-06, -4e-06, 0.0, -4e-06, 3e-06, -1.0, 0.37472, -2e-06, 1.0, 3e-06, -0.0, 0.0, 0.0, 0.0, 1.0],
                [1.0, 2e-06, -4e-06, 0.0, -4e-06, 3e-06, -1.0, 0.37472, -2e-06, 1.0, 3e-06, -0.0, 0.0, 0.0, 0.0, 1.0],
                [1.0, 2e-06, -4e-06, 0.0, -4e-06, 3e-06, -1.0, 0.37472, -2e-06, 1.0, 3e-06, -0.0, 0.0, 0.0, 0.0, 1.0]
            ]
        },
        {
            "name": "Thigh_L",
            "time": [0.0, 0.1333, 0.2333, 0.3, 0.3333, 0.3667, 0.4, 0.5, 0.8, 1.0, 1.1, 1.2, 1.3, 1.4, 1.5, 1.7],
            "transform": [
                [0.985971, 0.166911, -0.000148, -0.125006, 0.133449, -0.787772, 0.601337, -0.002831, 0.100253, -0.592921, -0.798995, -1.2e-05, 0.0, 0.0, 0.0, 1.0],
                [0.90088, -0.433873, 0.012962, -0.125006, -0.428788, -0.884884, 0.181985, -0.002831, -0.067489, -0.169505, -0.983215, -1.2e-05, 0.0, 0.0, 0.0, 1.0],
                [0.983586, -0.167533, -0.06701, -0.125006, -0.180293, -0.927386, -0.327796, -0.00283, -0.007227, 0.334497, -0.942369, -1.2e-05, 0.0, 0.0, 0.0, 1.0],
                [0.985404, 0.156454, -0.067076, -0.125006, 0.124174, -0.930189, -0.345438, -0.002831, -0.116439, 0.332067, -0.936041, -1.2e-05, 0.0, 0.0, 0.0, 1.0],
                [0.969179, -0.225121, 0.100057, -0.125006, -0.239144, -0.762177, 0.601577, -0.00283, -0.059167, -0.606964, -0.792523, -1.2e-05, 0.0, 0.0, 0.0, 1.0],
                [0.990897, -0.131521, -0.028705, -0.125006, -0.087717, -0.792575, 0.603432, -0.00283, -0.102115, -0.595421, -0.796897, -1.2e-05, 0.0, 0.0, 0.0, 1.0],
                [0.958375, -0.285377, 0.008772, -0.125006, -0.283482, -0.947453, 0.14822, -0.002831, -0.033987, -0.144537, -0.988915, -1.2e-05, 0.0, 0.0, 0.0, 1.0],
                [0.953749, -0.287948, -0.086299, -0.125006, -0.266827, -0.943163, 0.198102, -0.00283, -0.138437, -0.165913, -0.976375, -1.2e-05, 0.0, 0.0, 0.0, 1.0],
                [0.947732, -0.176978, -0.265485, -0.125006, -0.168926, -0.984199, 0.053055, -0.00283, -0.27068, -0.005435, -0.962653, -1.2e-05, 0.0, 0.0, 0.0, 1.0],
                [0.944277, -0.315562, -0.093599, -0.125006, -0.292293, -0.934672, 0.202363, -0.00283, -0.151342, -0.163728, -0.974827, -1.2e-05, 0.0, 0.0, 0.0, 1.0],
                [0.924413, -0.380499, 0.026105, -0.125006, -0.364841, -0.862274, 0.351246, -0.00283, -0.111139, -0.33422, -0.935919, -1.2e-05, 0.0, 0.0, 0.0, 1.0],
                [0.923096, -0.379594, 0.061664, -0.125006, -0.3622, -0.804262, 0.47114, -0.00283, -0.129248, -0.457242, -0.8799, -1.2e-05, 0.0, 0.0, 0.0, 1.0],
                [0.948093, -0.317979, 0.003027, -0.125006, -0.27187, -0.8056, 0.526398, -0.00283, -0.164945, -0.499897, -0.850233, -1.2e-05, 0.0, 0.0, 0.0, 1.0],
                [0.966667, -0.239951, -0.089317, -0.125006, -0.167344, -0.856143, 0.488892, -0.002831, -0.193778, -0.457649, -0.86776, -1.2e-05, 0.0, 0.0, 0.0, 1.0],
                [0.971141, -0.18837, -0.146292, -0.125006, -0.112276, -0.902222, 0.416401, -0.00283, -0.210426, -0.38796, -0.897334, -1.2e-05, 0.0, 0.0, 0.0, 1.0],
                [0.968638, -0.086971, -0.232761, -0.125006, -0.050715, -0.986225, 0.15745, -0.002831, -0.243248, -0.140708, -0.959705, -1.2e-05, 0.0, 0.0, 0.0, 1.0]
            ]
        },
        {
            "name": "Leg_L",
            "time": [0.0, 0.1333, 0.2333, 0.3, 0.3333, 0.3667, 0.4, 0.5, 0.8, 1.0, 1.1, 1.2, 1.3, 1.4, 1.5, 1.7],
            "transform": [
                [1.0, 0.0, 2e-06, 0.0, -1e-06, 0.772133, 0.635458, 0.37472, -1e-06, -0.635458, 0.772133, -0.0, 0.0, 0.0, 0.0, 1.0],
                [1.0, 0.0, 2e-06, 0.0, -1e-06, 0.81965, 0.572863, 0.37472, -1e-06, -0.572863, 0.819649, -0.0, 0.0, 0.0, 0.0, 1.0],
                [1.0, 1e-06, 1e-06, -0.0, -1e-06, 0.999984, 0.00543, 0.37472, -1e-06, -0.00543, 0.999984, -0.0, 0.0, 0.0, 0.0, 1.0],
                [1.0, 1e-06, 1e-06, -0.0, -1e-06, 0.999985, 0.005169, 0.37472, -1e-06, -0.005169, 0.999985, 0.0, 0.0, 0.0, 0.0, 1.0],
                [1.0, -1e-06, 1e-06, -0.0, -1e-06, 0.046812, 0.998902, 0.37472, -1e-06, -0.998902, 0.046812, 0.0, 0.0, 0.0, 0.0, 1.0],
                [1.0, -1e-06, 1e-06, -0.0, -1e-06, -0.111993, 0.993708, 0.37472, -1e-06, -0.993707, -0.111993, -0.0, 0.0, 0.0, 0.0, 1.0],
                [1.0, -0.0, 1e-06, -0.0, -1e-06, 0.416294, 0.909229, 0.37472, -1e-06, -0.909228, 0.416293, -0.0, 0.0, 0.0, 0.0, 1.0],
                [1.0, -1e-06, 1e-06, -0.0, -1e-06, 0.056643, 0.998394, 0.37472, -1e-06, -0.998393, 0.056643, -0.0, 0.0, 0.0, 0.0, 1.0],
                [1.0, -1e-06, 1e-06, 0.0, -1e-06, 0.051621, 0.998666, 0.37472, -1e-06, -0.998666, 0.051621, 0.0, 0.0, 0.0, 0.0, 1.0],
                [1.0, -1e-06, 1e-06, -0.0, -1e-06, 0.084604, 0.996414, 0.37472, -1e-06, -0.996414, 0.084604, -0.0, 0.0, 0.0, 0.0, 1.0],
                [1.0, -1e-06, 1e-06, 0.0, -1e-06, 0.166051, 0.986116, 0.37472, -1e-06, -0.986116, 0.16605, 0.0, 0.0, 0.0, 0.0, 1.0],
                [1.0, -1e-06, 1e-06, -0.0, -1e-06, 0.288472, 0.957487, 0.37472, -1e-06, -0.957487, 0.288472, 0.0, 0.0, 0.0, 0.0, 1.0],
                [1.0, -0.0, 1e-06, -0.0, -1e-06, 0.419979, 0.907532, 0.37472, -1e-06, -0.907533, 0.419979, -0.0, 0.0, 0.0, 0.0, 1.0],
                [1.0, -0.0, 1e-06, 0.0, -1e-06, 0.573624, 0.819117, 0.37472, -1e-06, -0.819117, 0.573624, -0.0, 0.0, 0.0, 0.0, 1.0],
                [0.999999, 0.0, 1e-06, -0.0, -1e-06, 0.692266, 0.72164, 0.37472, -1e-06, -0.721641, 0.692266, -0.0, 0.0, 0.0, 0.0, 1.0],
                [0.999999, 1e-06, 1e-06, 0.0, -1e-06, 0.965613, 0.259979, 0.37472, -1e-06, -0.25998, 0.965612, 0.0, 0.0, 0.0, 0.0, 1.0]
            ]
        },
        {
            "name": "Knee_L",
            "time": [0.0, 0.1333, 0.2333, 0.3, 0.3333, 0.3667, 0.4, 0.5, 0.8, 1.0, 1.1, 1.2, 1.3, 1.4, 1.5, 1.7],
            "transform": [
                [1.0, 1e-06, -1e-06, -0.0, -1e-06, 0.337541, -0.941311, 0.37472, -0.0, 0.941311, 0.33754, 0.0, 0.0, 0.0, 0.0, 1.0],
                [1.0, 1e-06, -1e-06, -0.0, -1e-06, 0.300293, -0.953847, 0.37472, -0.0, 0.953847, 0.300292, -0.0, 0.0, 0.0, 0.0, 1.0],
                [1.0, 1e-06, -2e-06, -0.0, -2e-06, 0.002715, -0.999996, 0.37472, -1e-06, 0.999996, 0.002715, 0.0, 0.0, 0.0, 0.0, 1.0],
                [1.0, -0.0, -1e-06, 0.0, -2e-06, 0.002585, -0.999996, 0.37472, 0.0, 0.999997, 0.002585, 0.0, 0.0, 0.0, 0.0, 1.0],
                [1.0, 1e-06, -1e-06, -0.0, -1e-06, 0.690359, -0.723468, 0.37472, -0.0, 0.723467, 0.690359, -0.0, 0.0, 0.0, 0.0, 1.0],
                [1.0, 2e-06, -1e-06, -0.0, -2e-06, 0.745653, -0.666335, 0.37472, -1e-06, 0.666335, 0.745652, -0.0, 0.0, 0.0, 0.0, 1.0],
                [1.000001, 1e-06, -1e-06, -0.0, -2e-06, 0.540236, -0.841514, 0.37472, -1e-06, 0.841514, 0.540235, -0.0, 0.0, 0.0, 0.0, 1.0],
                [1.0, 1e-06, -1e-06, -0.0, -1e-06, 0.68679, -0.726857, 0.37472, -1e-06, 0.726857, 0.68679, -0.0, 0.0, 0.0, 0.0, 1.0],
                [1.0, 1e-06, -1e-06, 0.0, -1e-06, 0.688615, -0.725127, 0.37472, -0.0, 0.725127, 0.688615, 0.0, 0.0, 0.0, 0.0, 1.0],
                [1.0, 1e-06, -1e-06, -0.0, -1e-06, 0.676535, -0.736411, 0.37472, -1e-06, 0.73641, 0.676535, -0.0, 0.0, 0.0, 0.0, 1.0],
                [1.0, 1e-06, -1e-06, 0.0, -1e-06, 0.645737, -0.76356, 0.37472, -0.0, 0.76356, 0.645737, 0.0, 0.0, 0.0, 0.0, 1.0],
                [1.0, 1e-06, -1e-06, -0.0, -1e-06, 0.596461, -0.802642, 0.37472, -0.0, 0.802643, 0.596461, 0.0, 0.0, 0.0, 0.0, 1.0],
                [1.0, 1e-06, -1e-06, -0.0, -1e-06, 0.538527, -0.842608, 0.37472, -0.0, 0.842608, 0.538527, -0.0, 0.0, 0.0, 0.0, 1.0],
                [1.0, 1e-06, -1e-06, 0.0, -1e-06, 0.461723, -0.887024, 0.37472, -0.0, 0.887024, 0.461723, -0.0, 0.0, 0.0, 0.0, 1.0],
                [1.0, 1e-06, -1e-06, 0.0, -1e-06, 0.392259, -0.919855, 0.37472, -1e-06, 0.919855, 0.392259, -0.0, 0.0, 0.0, 0.0, 1.0],
                [1.0, 1e-06, -1e-06, 0.0, -1e-06, 0.131123, -0.991366, 0.37472, -0.0, 0.991366, 0.131123, 0.0, 0.0, 0.0, 0.0, 1.0]
            ]
        },
        {
            "name": "Torso",
            "time": [0.0, 0.1333, 0.2333, 0.3, 0.3333, 0.3667, 0.4, 0.5, 0.8, 1.0, 1.1, 1.2, 1.3, 1.4, 1.5, 1.7],
            "transform": [
                [0.998843, 0.047954, -0.003577, 0.0, -0.047954, 0.987787, -0.148243, 0.05, -0.003576, 0.148243, 0.988944, -0.0, 0.0, 0.0, 0.0, 1.0],
                [0.991781, 0.127878, -0.004134, -0.0, -0.127878, 0.989702, -0.064315, 0.05, -0.004133, 0.064315, 0.997921, 0.0, 0.0, 0.0, 0.0, 1.0],
                [0.99977, -0.021395, 0.000969, -0.0, 0.021395, 0.995673, -0.090422, 0.05, 0.00097, 0.090422, 0.995903, 0.0, 0.0, 0.0, 0.0, 1.0],
                [0.997197, -0.074792, 0.002054, 0.0, 0.074792, 0.995691, -0.054822, 0.05, 0.002055, 0.054822, 0.998494, 0.0, 0.0, 0.0, 0.0, 1.0],
                [0.999885, 0.006339, 0.013799, -0.0, -0.005524, 0.998282, -0.058331, 0.05, -0.014145, 0.058248, 0.998202, -0.0, 0.0, 0.0, 0.0, 1.0],
                [0.995836, 0.087598, 0.025236, -0.0, -0.085875, 0.994326, -0.062778, 0.05, -0.030592, 0.06035, 0.997708, 0.0, 0.0, 0.0, 0.0, 1.0],
                [0.985093, 0.168164, 0.03625, -0.0, -0.165447, 0.983863, -0.06812, 0.05, -0.047121, 0.061107, 0.997018, 0.0, 0.0, 0.0, 0.0, 1.0],
                [0.999866, -0.007244, 0.014715, -0.0, 0.009795, 0.983344, -0.181485, 0.05, -0.013156, 0.181605, 0.983284, 0.0, 0.0, 0.0, 0.0, 1.0],
                [0.995339, -0.095743, 0.011598, -0.0, 0.095743, 0.96648, -0.23822, 0.05, 0.011599, 0.23822, 0.971142, -0.0, 0.0, 0.0, 0.0, 1.0],
                [0.995895, -0.090163, -0.007966, -0.0, 0.086667, 0.975251, -0.203403, 0.05, 0.026109, 0.201877, 0.979063, 0.0, 0.0, 0.0, 0.0, 1.0],
                [0.996104, -0.083839, -0.027355, -0.0, 0.078094, 0.982677, -0.168065, 0.05, 0.040972, 0.165274, 0.985396, -0.0, 0.0, 0.0, 0.0, 1.0],
                [0.995962, -0.076784, -0.046519, -0.0, 0.070048, 0.988732, -0.132295, 0.05, 0.056153, 0.128503, 0.990118, -0.0, 0.0, 0.0, 0.0, 1.0],
                [0.995469, -0.069014, -0.065407, -0.0, 0.062551, 0.993396, -0.096183, 0.05, 0.071613, 0.091656, 0.993212, -0.0, 0.0, 0.0, 0.0, 1.0],
                [0.994627, -0.060549, -0.083972, 0.0, 0.055622, 0.996658, -0.05982, 0.05, 0.087314, 0.054828, 0.994671, -0.0, 0.0, 0.0, 0.0, 1.0],
                [0.993873, -0.05453, -0.096146, -0.0, 0.051327, 0.998051, -0.035485, 0.05, 0.097894, 0.030333, 0.994734, 0.0, 0.0, 0.0, 0.0, 1.0],
                [0.991907, -0.041629, -0.119948, 0.0, 0.043531, 0.998964, 0.013283, 0.05, 0.119271, -0.018397, 0.992691, -0.0, 0.0, 0.0, 0.0, 1.0]
            ]
        },
        {
            "name": "Chest",
            "time": [0.0, 0.1333, 0.2333, 0.2667, 0.3, 0.3333, 0.3667, 0.4, 0.5, 0.8, 1.0, 1.1, 1.2, 1.3, 1.4, 1.5, 1.7],
            "transform": [
                [0.989746, -0.117938, -0.080588, 0.0, 0.122514, 0.990975, 0.054401, 0.3, 0.073445, -0.063716, 0.995263, -0.0, 0.0, 0.0, 0.0, 1.0],
                [0.819486, 0.005049, 0.573077, -0.0, -0.004742, 0.999986, -0.002031, 0.3, -0.57308, -0.001053, 0.819499, -0.0, 0.0, 0.0, 0.0, 1.0],
                [0.809565, 0.006371, 0.586996, 0.0, -0.006003, 0.999978, -0.002575, 0.3, -0.587, -0.001439, 0.809586, 0.0, 0.0, 0.0, 0.0, 1.0],
                [0.981464, 0.044698, 0.186365, 0.0, -0.034478, 0.997736, -0.057728, 0.3, -0.188523, 0.050233, 0.980784, 0.0, 0.0, 0.0, 0.0, 1.0],
                [0.966336, 0.057293, -0.250826, 0.0, -0.083559, 0.99193, -0.095346, 0.3, 0.24334, 0.113095, 0.963325, 0.0, 0.0, 0.0, 0.0, 1.0],
                [0.985192, 0.109566, -0.131878, -0.0, -0.127576, 0.982331, -0.136923, 0.3, 0.114546, 0.15172, 0.981765, 0.0, 0.0, 0.0, 0.0, 1.0],
                [0.997228, 0.069787, -0.025845, 0.0, -0.070102, 0.997473, -0.011502, 0.3, 0.024977, 0.013282, 0.999601, 0.0, 0.0, 0.0, 0.0, 1.0],
                [0.945964, 0.01913, -0.323708, -0.0, -0.026438, 0.999484, -0.018194, 0.3, 0.323194, 0.025769, 0.945982, -0.0, 0.0, 0.0, 0.0, 1.0],
                [0.945192, 0.136329, -0.296693, 0.0, -0.104501, 0.987175, 0.120686, 0.3, 0.309341, -0.083067, 0.947317, 0.0, 0.0, 0.0, 0.0, 1.0],
                [0.941239, 0.193056, -0.277125, -0.0, -0.14377, 0.971498, 0.188476, 0.3, 0.305613, -0.137558, 0.942167, -0.0, 0.0, 0.0, 0.0, 1.0],
                [0.934552, 0.168153, -0.313589, -0.0, -0.122756, 0.97955, 0.15942, 0.3, 0.333983, -0.110491, 0.936081, 0.0, 0.0, 0.0, 0.0, 1.0],
                [0.926275, 0.142057, -0.349049, -0.0, -0.102517, 0.986286, 0.129353, 0.3, 0.362637, -0.084033, 0.928134, -0.0, 0.0, 0.0, 0.0, 1.0],
                [0.916427, 0.114858, -0.383365, -0.0, -0.083134, 0.991671, 0.098378, 0.3, 0.391472, -0.058286, 0.918343, -0.0, 0.0, 0.0, 0.0, 1.0],
                [0.90504, 0.05003, -0.422373, 0.0, -0.064684, 0.997697, -0.020424, 0.3, 0.420379, 0.045806, 0.906192, -0.0, 0.0, 0.0, 0.0, 1.0],
                [0.892156, 0.057545, -0.448047, -0.0, -0.047235, 0.9983, 0.034162, 0.3, 0.449251, -0.009314, 0.893357, -0.0, 0.0, 0.0, 0.0, 1.0],
                [0.882761, 0.037694, -0.468307, 0.0, -0.036189, 0.99927, 0.012216, 0.3, 0.468426, 0.006164, 0.883481, -0.0, 0.0, 0.0, 0.0, 1.0],
                [0.862121, -0.002923, -0.506694, 0.0, -0.015575, 0.999358, -0.032265, 0.3, 0.506463, 0.035709, 0.861522, 0.0, 0.0, 0.0, 0.0, 1.0]
            ]
        },
        {
            "name": "Head",
            "time": [0.0, 0.1333, 0.1833, 0.2333, 0.2667, 0.3, 0.3333, 0.3667, 0.3833, 0.4, 0.45, 0.5, 0.8, 1.0, 1.1, 1.2, 1.3, 1.4, 1.5, 1.7],
            "transform": [
                [-0.485402, 0.099751, -0.868582, -0.0, 0.397662, 0.909948, -0.117729, 0.4, 0.77862, -0.402548, -0.481358, 0.0, 0.0, 0.0, 0.0, 1.0],
                [0.127159, -0.344131, -0.93027, 0.0, 0.331167, 0.898796, -0.28722, 0.4, 0.934965, -0.271552, 0.228256, 0.0, 0.0, 0.0, 0.0, 1.0],
                [0.314372, -0.289455, -0.904093, 0.0, 0.186444, 0.952658, -0.240172, 0.400001, 0.930812, -0.09306, 0.353455, 0.0, 0.0, 0.0, 0.0, 1.0],
                [0.718335, -0.182075, -0.671448, -0.0, 0.092371, 0.981563, -0.167346, 0.4, 0.689538, 0.058189, 0.721907, -0.0, 0.0, 0.0, 0.0, 1.0],
                [0.998676, -0.04416, -0.026365, 0.0, 0.040091, 0.989513, -0.138777, 0.4, 0.032217, 0.137537, 0.989971, -0.0, 0.0, 0.0, 0.0, 1.0],
                [0.820977, 0.080561, 0.565248, 0.0, 0.008255, 0.988218, -0.152834, 0.4, -0.570901, 0.13014, 0.810638, 0.0, 0.0, 0.0, 0.0, 1.0],
                [0.493856, 0.147254, 0.856984, 0.0, -0.039904, 0.988358, -0.146831, 0.4, -0.868627, 0.038316, 0.493982, -0.0, 0.0, 0.0, 0.0, 1.0],
                [0.822156, 0.083839, 0.563053, 0.0, -0.071883, 0.996469, -0.043413, 0.4, -0.564704, -0.004782, 0.825279, 0.0, 0.0, 0.0, 0.0, 1.0],
                [0.62901, 0.054526, 0.775482, 0.0, -0.105351, 0.994314, 0.015541, 0.4, -0.770225, -0.091473, 0.631178, 0.0, 0.0, 0.0, 0.0, 1.0],
                [0.407122, -0.064897, 0.911065, -0.0, -0.053512, 0.994065, 0.094723, 0.4, -0.911804, -0.087317, 0.401234, 0.0, 0.0, 0.0, 0.0, 1.0],
                [0.4312, -0.154712, 0.888893, -0.0, -0.102072, 0.9705, 0.218431, 0.4, -0.896464, -0.184919, 0.402689, 0.0, 0.0, 0.0, 0.0, 1.0],
                [0.59741, -0.215096, 0.77255, -0.0, -0.100146, 0.935806, 0.337993, 0.4, -0.795657, -0.279288, 0.537519, 0.0, 0.0, 0.0, 0.0, 1.0],
                [0.464349, -0.354511, 0.811605, 0.0, -0.129655, 0.879308, 0.458265, 0.4, -0.87611, -0.318024, 0.362342, 0.0, 0.0, 0.0, 0.0, 1.0],
                [0.586596, -0.277077, 0.761008, -0.0, -0.11168, 0.903005, 0.414861, 0.4, -0.802142, -0.328346, 0.498755, 0.0, 0.0, 0.0, 0.0, 1.0],
                [0.668933, -0.20639, 0.714095, 0.0, -0.096622, 0.928387, 0.358836, 0.4, -0.737016, -0.309034, 0.601086, -0.0, 0.0, 0.0, 0.0, 1.0],
                [0.705417, -0.152336, 0.692228, -0.0, -0.085083, 0.95137, 0.296069, 0.400001, -0.703667, -0.267749, 0.658151, -0.0, 0.0, 0.0, 0.0, 1.0],
                [0.700792, -0.114758, 0.704075, -0.0, -0.13612, 0.94733, 0.289892, 0.4, -0.700258, -0.298993, 0.64826, 0.0, 0.0, 0.0, 0.0, 1.0],
                [0.662104, -0.087628, 0.744271, -0.0, -0.062289, 0.983269, 0.17118, 0.4, -0.746818, -0.159699, 0.645568, -0.0, 0.0, 0.0, 0.0, 1.0],
                [0.620747, -0.071982, 0.780699, 0.0, -0.05231, 0.989755, 0.13285, 0.400001, -0.782263, -0.123305, 0.610622, 0.0, 0.0, 0.0, 0.0, 1.0],
                [0.510053, -0.039893, 0.859217, -0.0, -0.027636, 0.997648, 0.062726, 0.400001, -0.859699, -0.055739, 0.507751, 0.0, 0.0, 0.0, 0.0, 1.0]
            ]
        },
        {
            "name": "Shoulder_R",
            "time": [0.0, 0.1333, 0.2333, 0.3, 0.3333, 0.3667, 0.4, 0.5, 0.8, 1.0, 1.1, 1.2, 1.3, 1.4, 1.5, 1.7],
            "transform": [
                [0.155075, 0.897148, 0.413611, -0.0, -0.055666, -0.410075, 0.91035, 0.4, 0.986331, -0.164197, -0.013652, 0.0, 0.0, 0.0, 0.0, 1.0],
                [0.199609, 0.891121, 0.407502, 0.0, -0.070976, -0.401631, 0.913046, 0.400001, 0.977301, -0.211175, -0.016921, 0.0, 0.0, 0.0, 0.0, 1.0],
                [0.280571, 0.876448, 0.3913, 0.0, -0.097207, -0.379633, 0.920015, 0.4, 0.954897, -0.296167, -0.021317, -0.0, 0.0, 0.0, 0.0, 1.0],
                [0.190658, 0.976492, 0.100543, 0.0, -0.034779, -0.095638, 0.994807, 0.4, 0.981039, -0.193164, 0.015728, 0.0, 0.0, 0.0, 0.0, 1.0],
                [0.143156, 0.985176, 0.094495, 0.0, -0.025713, -0.091744, 0.995449, 0.4, 0.989365, -0.144934, 0.012198, 0.0, 0.0, 0.0, 0.0, 1.0],
                [0.026078, 0.995844, 0.087249, -0.0, -0.0046, -0.087158, 0.996182, 0.4, 0.999649, -0.02638, 0.002308, -0.0, 0.0, 0.0, 0.0, 1.0],
                [0.259074, 0.931153, 0.256577, -0.0, -0.069073, -0.247104, 0.966521, 0.400001, 0.963383, -0.268124, 0.000299, 0.0, 0.0, 0.0, 0.0, 1.0],
                [-0.128925, 0.908076, 0.398465, -0.0, 0.045038, -0.396042, 0.917125, 0.4, 0.99063, 0.136187, 0.010161, -0.0, 0.0, 0.0, 0.0, 1.0],
                [-0.135111, 0.908305, 0.395885, 0.0, 0.046991, -0.393225, 0.918238, 0.4, 0.989714, 0.142667, 0.010447, 0.0, 0.0, 0.0, 0.0, 1.0],
                [0.009767, 0.906334, 0.422447, -0.0, -0.003556, -0.422434, 0.906385, 0.4, 0.999944, -0.010355, -0.000903, 0.0, 0.0, 0.0, 0.0, 1.0],
                [0.287799, 0.92105, 0.262369, 0.0, -0.077676, -0.250608, 0.964966, 0.4, 0.954534, -0.298097, -0.000581, -0.0, 0.0, 0.0, 0.0, 1.0],
                [0.073491, 0.993321, 0.088947, 0.0, -0.013015, -0.088225, 0.996014, 0.4, 0.99721, -0.074355, 0.006444, -0.0, 0.0, 0.0, 0.0, 1.0],
                [0.087113, 0.992148, 0.089739, -0.0, -0.015458, -0.088724, 0.995935, 0.400001, 0.996078, -0.088146, 0.007607, -0.0, 0.0, 0.0, 0.0, 1.0],
                [0.330223, 0.934614, 0.132091, -0.0, -0.065275, -0.116995, 0.990984, 0.4, 0.941643, -0.335868, 0.022372, -0.0, 0.0, 0.0, 0.0, 1.0],
                [0.33612, 0.863846, 0.375223, 0.0, -0.113354, -0.358401, 0.92666, 0.400001, 0.934973, -0.354001, -0.022545, 0.0, 0.0, 0.0, 0.0, 1.0],
                [-0.007587, 0.953549, 0.301141, -0.0, 0.00221, -0.301133, 0.95358, 0.400001, 0.999969, 0.0079, 0.000178, 0.0, 0.0, 0.0, 0.0, 1.0]
            ]
        },
        {
            "name": "Arm_R",
            "time": [0.0, 0.1333, 0.2333, 0.2667, 0.3, 0.3333, 0.3667, 0.3833, 0.4, 0.5, 0.8, 1.0, 1.1, 1.2, 1.3, 1.4, 1.5, 1.7],
            "transform": [
                [-0.729121, -0.661791, -0.17439, -1.9e-05, -0.102052, 0.357099, -0.928472, 0.388503, 0.676731, -0.659172, -0.327905, -0.00091, 0.0, 0.0, 0.0, 1.0],
                [-0.683679, -0.727005, -0.063584, -1.9e-05, -0.38238, 0.431074, -0.817287, 0.388503, 0.621582, -0.534449, -0.572706, -0.00091, 0.0, 0.0, 0.0, 1.0],
                [-0.44503, -0.871639, 0.205399, -1.9e-05, -0.783109, 0.267538, -0.561393, 0.388502, 0.434379, -0.410686, -0.801653, -0.00091, 0.0, 0.0, 0.0, 1.0],
                [-0.232564, -0.969094, -0.082246, -1.9e-05, -0.820478, 0.240897, -0.518442, 0.388503, 0.522231, -0.05309, -0.851146, -0.00091, 0.0, 0.0, 0.0, 1.0],
                [0.532816, -0.786027, -0.313467, -1.9e-05, -0.580361, -0.069834, -0.811357, 0.388503, 0.615858, 0.614228, -0.493389, -0.00091, 0.0, 0.0, 0.0, 1.0],
                [0.702958, -0.653772, -0.280054, -1.9e-05, -0.273279, 0.115249, -0.955003, 0.388502, 0.656633, 0.747856, -0.097647, -0.00091, 0.0, 0.0, 0.0, 1.0],
                [0.801081, -0.058929, -0.595649, -1.9e-05, -0.198828, 0.91243, -0.357673, 0.388502, 0.564566, 0.404955, 0.719214, -0.00091, 0.0, 0.0, 0.0, 1.0],
                [0.65612, 0.009812, -0.754593, -1.9e-05, 0.002275, 0.999882, 0.014977, 0.388502, 0.754651, -0.011544, 0.65602, -0.00091, 0.0, 0.0, 0.0, 1.0],
                [0.501818, 0.011137, -0.864903, -1.9e-05, 0.002299, 0.999892, 0.014206, 0.388502, 0.864969, -0.009116, 0.501739, -0.00091, 0.0, 0.0, 0.0, 1.0],
                [0.364489, 0.406495, -0.837798, -1.9e-05, 0.224227, 0.834905, 0.502644, 0.388502, 0.903808, -0.371063, 0.213166, -0.00091, 0.0, 0.0, 0.0, 1.0],
                [0.208472, 0.547687, -0.810291, -1.9e-05, 0.381299, 0.717423, 0.583018, 0.388502, 0.900638, -0.430506, -0.059272, -0.00091, 0.0, 0.0, 0.0, 1.0],
                [0.287445, 0.341897, -0.894694, -1.9e-05, 0.459863, 0.770142, 0.442045, 0.388502, 0.840179, -0.538499, 0.064145, -0.00091, 0.0, 0.0, 0.0, 1.0],
                [0.431059, 0.012075, -0.902242, -1.9e-05, 0.00238, 0.99989, 0.014519, 0.388502, 0.90232, -0.008405, 0.430981, -0.00091, 0.0, 0.0, 0.0, 1.0],
                [0.562799, -0.266, -0.782623, -1.9e-05, -0.401893, 0.739304, -0.540286, 0.388502, 0.722315, 0.618602, 0.309175, -0.00091, 0.0, 0.0, 0.0, 1.0],
                [0.654592, -0.329524, -0.680383, -1.9e-05, -0.32157, 0.693148, -0.645087, 0.388503, 0.684179, 0.641059, 0.347763, -0.00091, 0.0, 0.0, 0.0, 1.0],
                [0.60119, -0.379037, -0.703491, -1.9e-05, 0.131382, 0.915251, -0.380858, 0.388503, 0.788231, 0.136542, 0.600038, -0.00091, 0.0, 0.0, 0.0, 1.0],
                [0.349457, -0.492497, -0.797073, -1.9e-05, 0.378928, 0.852321, -0.360504, 0.388503, 0.85691, -0.176052, 0.48447, -0.00091, 0.0, 0.0, 0.0, 1.0],
                [0.112897, -0.149189, -0.982342, -1.9e-05, 0.804315, 0.594199, 0.002196, 0.388503, 0.58338, -0.79036, 0.187078, -0.00091, 0.0, 0.0, 0.0, 1.0]
            ]
        },
        {
            "name": "Hand_R",
            "time": [0.0, 0.1333, 0.2333, 0.3, 0.3333, 0.3667, 0.4, 0.5, 0.8, 1.0, 1.1, 1.2, 1.3, 1.4, 1.5, 1.7],
            "transform": [
                [1.000002, 0.0, 0.0, -0.0, -0.0, 1.000006, 0.0, 0.329779, -0.0, 1e-06, 1.000005, 0.0, 0.0, 0.0, 0.0, 1.0],
                [1.000002, 0.0, 0.0, 0.0, -0.0, 1.000003, -0.0, 0.329779, -0.0, 0.0, 1.000007, -0.0, 0.0, 0.0, 0.0, 1.0],
                [1.000002, 0.0, 0.0, -0.0, -0.0, 1.000004, 0.0, 0.329779, -0.0, 1e-06, 1.000008, 0.0, 0.0, 0.0, 0.0, 1.0],
                [1.000004, 0.0, 0.0, -0.0, -0.0, 1.000007, -0.0, 0.329779, -0.0, 0.0, 1.000006, -0.0, 0.0, 0.0, 0.0, 1.0],
                [1.000003, 0.0, 0.0, -0.0, -0.0, 1.000011, -0.0, 0.329779, -0.0, 0.0, 1.000004, 0.0, 0.0, 0.0, 0.0, 1.0],
                [1.000002, 0.0, 0.0, 0.0, -0.0, 1.000008, 0.0, 0.329779, -1e-06, 1e-06, 1.000006, 0.0, 0.0, 0.0, 0.0, 1.0],
                [1.000002, 0.0, 0.0, 0.0, -0.0, 0.999946, -0.011161, 0.329779, -0.0, 0.011163, 0.999943, 0.0, 0.0, 0.0, 0.0, 1.0],
                [1.000002, 0.0, 0.0, 0.0, -0.0, 0.978488, -0.206325, 0.329779, -0.0, 0.206323, 0.978491, -0.0, 0.0, 0.0, 0.0, 1.0],
                [1.000002, 0.0, 0.0, 0.0, -0.0, 0.959047, -0.283264, 0.329779, -0.0, 0.283262, 0.959049, -0.0, 0.0, 0.0, 0.0, 1.0],
                [1.000002, 1e-06, 0.0, 0.0, -0.0, 0.880052, -0.474886, 0.329779, -0.0, 0.474884, 0.880055, 0.0, 0.0, 0.0, 0.0, 1.0],
                [1.000001, 1e-06, 0.0, 0.0, -0.0, 0.999934, -0.011623, 0.32978, -0.0, 0.011623, 0.999939, 0.0, 0.0, 0.0, 0.0, 1.0],
                [1.000001, 0.0, 0.0, 0.0, -0.0, 1.000003, 0.0, 0.329779, -0.0, 0.0, 1.000004, -0.0, 0.0, 0.0, 0.0, 1.0],
                [1.0, 0.0, 0.0, -0.0, -0.0, 1.000003, 0.0, 0.329779, -0.0, 1e-06, 1.000003, 0.0, 0.0, 0.0, 0.0, 1.0],
                [1.0, 0.0, 0.0, 0.0, -0.0, 1.000002, -0.0, 0.329779, -0.0, 0.0, 1.000002, 0.0, 0.0, 0.0, 0.0, 1.0],
                [1.0, 0.0, 0.0, 0.0, -0.0, 1.000001, 0.0, 0.329779, -0.0, 1e-06, 1.000001, 0.0, 0.0, 0.0, 0.0, 1.0],
                [1.0, 0.0, 0.0, 0.0, -0.0, 0.982828, -0.184526, 0.329779, -0.0, 0.184526, 0.982827, 0.0, 0.0, 0.0, 0.0, 1.0]
            ]
        },
        {
            "name": "Tool_R",
            "time": [0.0, 0.1333, 0.1833, 0.2333, 0.2667, 0.3, 0.3333, 0.3667, 0.4, 0.5, 0.8, 1.0, 1.05, 1.1, 1.2, 1.3, 1.35, 1.4, 1.5, 1.7],
            "transform": [
                [1.000002, 0.0, 0.0, -0.020001, 0.0, -0.994747, 0.102346, 0.291426, 1e-06, -0.102346, -0.994748, 1e-06, 0.0, 0.0, 0.0, 1.0],
                [1.000001, 0.0, 1e-06, -0.020002, 0.0, -0.999148, -0.04125, 0.316177, 1e-06, 0.041249, -0.999146, 0.59949, 0.0, 0.0, 0.0, 1.0],
                [1.000001, 1e-06, 1e-06, -0.020001, 1e-06, -0.988793, -0.149301, 0.425275, 1e-06, 0.1493, -0.988789, 0.717385, 0.0, 0.0, 0.0, 1.0],
                [1.000001, 2e-06, 1e-06, -0.020001, 2e-06, -0.99675, -0.08054, 0.374583, 1e-06, 0.08054, -0.996747, 0.859406, 0.0, 0.0, 0.0, 1.0],
                [1.000001, 1e-06, -0.0, -0.02, 1e-06, -0.877571, 0.479443, -0.051793, 0.0, -0.479442, -0.87757, 0.584069, 0.0, 0.0, 0.0, 1.0],
                [1.000001, -0.0, 0.0, -0.02, -0.0, -0.990225, -0.139474, 0.527764, 0.0, 0.139474, -0.990224, 0.999792, 0.0, 0.0, 0.0, 1.0],
                [0.999999, -1e-06, 2e-06, -0.020003, -0.0, -0.94565, -0.325174, 0.700067, 3e-06, 0.325175, -0.945655, 1.188393, 0.0, 0.0, 0.0, 1.0],
                [1.0, -1e-06, 1e-06, -0.020002, -1e-06, -0.953023, -0.302891, 0.70037, 1e-06, 0.302891, -0.953022, 1.21841, 0.0, 0.0, 0.0, 1.0],
                [1.000002, -1e-06, 1e-06, -0.020001, 0.0, -0.774526, -0.632538, 0.652278, 1e-06, 0.632537, -0.774526, 0.441854, 0.0, 0.0, 0.0, 1.0],
                [1.000001, -1e-06, 1e-06, -0.02, -0.0, -0.91885, -0.394609, 0.506388, 1e-06, 0.394607, -0.918846, 0.507505, 0.0, 0.0, 0.0, 1.0],
                [1.000001, -1e-06, 1e-06, -0.020001, -1e-06, -0.98689, -0.161395, 0.365322, 1e-06, 0.161394, -0.986887, 0.585864, 0.0, 0.0, 0.0, 1.0],
                [0.927155, -0.093756, -0.362759, -0.02, 0.349397, -0.133274, 0.927448, 0.291425, -0.1353, -0.986632, -0.090808, 0.0, 0.0, 0.0, 0.0, 1.0],
                [0.473988, -0.85546, -0.208626, -0.02, 0.876097, 0.434421, 0.209123, 0.291425, -0.088265, -0.281897, 0.955373, 0.0, 0.0, 0.0, 0.0, 1.0],
                [0.432898, -0.401523, 0.807081, -0.02, 0.901126, 0.169, -0.399263, 0.291425, 0.023916, 0.900118, 0.434981, 0.0, 0.0, 0.0, 0.0, 1.0],
                [-0.36382, 0.923124, -0.124412, -0.02, 0.912318, 0.326201, -0.247527, 0.291425, -0.187914, -0.203558, -0.960859, 0.0, 0.0, 0.0, 0.0, 1.0],
                [0.121229, -0.578583, -0.806565, -0.02, 0.844765, -0.366536, 0.389902, 0.291425, -0.521224, -0.728624, 0.444331, 0.0, 0.0, 0.0, 0.0, 1.0],
                [0.002888, -0.843052, 0.537826, -0.02, 0.783949, 0.335804, 0.522169, 0.291425, -0.620818, 0.42012, 0.661878, 0.0, 0.0, 0.0, 0.0, 1.0],
                [0.502505, 0.348285, 0.79132, -0.02, 0.602604, 0.515227, -0.609434, 0.291425, -0.619965, 0.783095, 0.049026, 0.0, 0.0, 0.0, 0.0, 1.0],
                [-0.24128, 0.970249, -0.019995, -0.02, 0.582113, 0.128212, -0.802937, 0.291425, -0.776484, -0.205372, -0.595729, 0.0, 0.0, 0.0, 0.0, 1.0],
                [-0.173649, 0.984808, -0.0, -0.02, 0.696364, 0.122788, -0.707107, -0.132839, -0.696365, -0.122789, -0.707107, -0.282843, 0.0, 0.0, 0.0, 1.0]
            ]
        },
        {
            "name": "Elbow_R",
            "time": [0.0, 0.1333, 0.2333, 0.3, 0.3333, 0.3667, 0.4, 0.5, 0.8, 1.0, 1.1, 1.2, 1.3, 1.4, 1.5, 1.7],
            "transform": [
                [-1.000003, -0.0, -1e-06, 0.0, 0.0, 0.0, -1.000004, 0.329779, -0.0, -1.000004, -0.0, 0.0, 0.0, 0.0, 0.0, 1.0],
                [-1.000003, -0.0, -1e-06, 0.0, 1e-06, 0.0, -1.000002, 0.329779, 0.0, -1.000005, -0.0, -0.0, 0.0, 0.0, 0.0, 1.0],
                [-1.000003, -0.0, -0.0, -0.0, 0.0, 0.0, -1.000004, 0.329779, 0.0, -1.000003, -1e-06, 0.0, 0.0, 0.0, 0.0, 1.0],
                [-1.000005, -0.0, -0.0, -0.0, 0.0, 0.0, -1.000007, 0.329779, 0.0, -1.000004, -0.0, 0.0, 0.0, 0.0, 0.0, 1.0],
                [-1.000002, -0.0, -1e-06, -0.0, 0.0, -0.0, -1.000008, 0.329779, 0.0, -1.000005, -0.0, -0.0, 0.0, 0.0, 0.0, 1.0],
                [-1.000003, -0.0, -0.0, 0.0, 1e-06, 0.0, -1.000006, 0.329779, 0.0, -1.000004, -0.0, 0.0, 0.0, 0.0, 0.0, 1.0],
                [-1.000001, 1e-06, 5e-06, 0.0, -3e-06, 0.005575, -0.999985, 0.329779, 5e-06, -0.999983, -0.005577, 0.0, 0.0, 0.0, 0.0, 1.0],
                [-1.000003, 0.0, -0.0, 0.0, 0.0, 0.103721, -0.994611, 0.329779, 0.0, -0.99461, -0.103721, -0.0, 0.0, 0.0, 0.0, 1.0],
                [-1.000003, 0.0, -1e-06, 0.0, 1e-06, 0.143104, -0.989713, 0.329779, 0.0, -0.989711, -0.143104, -0.0, 0.0, 0.0, 0.0, 1.0],
                [-1.000002, 0.0, -1e-06, 0.0, 0.0, 0.2449, -0.969553, 0.329779, 0.0, -0.969551, -0.2449, 0.0, 0.0, 0.0, 0.0, 1.0],
                [-0.999999, -1e-06, 6e-06, 0.0, -1e-06, 0.005804, -0.999979, 0.329779, 6e-06, -0.99998, -0.005807, -0.0, 0.0, 0.0, 0.0, 1.0],
                [-1.000002, -0.0, -0.0, 0.0, 0.0, 0.0, -1.000003, 0.329779, 0.0, -1.000002, -0.0, -0.0, 0.0, 0.0, 0.0, 1.0],
                [-1.000001, 0.0, -0.0, -0.0, 0.0, 0.0, -1.000003, 0.329779, 0.0, -1.000002, -0.0, 0.0, 0.0, 0.0, 0.0, 1.0],
                [-1.000001, -0.0, -1e-06, -0.0, 0.0, 0.0, -1.000002, 0.329779, 0.0, -1.000002, -0.0, 0.0, 0.0, 0.0, 0.0, 1.0],
                [-1.0, -0.0, -1e-06, -0.0, 0.0, 1e-06, -1.000002, 0.329779, 0.0, -1.0, -1e-06, 0.0, 0.0, 0.0, 0.0, 1.0],
                [-1.0, -0.0, -1e-06, -0.0, 1e-06, 0.092662, -0.995698, 0.329779, 0.0, -0.995698, -0.092662, 0.0, 0.0, 0.0, 0.0, 1.0]
            ]
        },
        {
            "name": "Shoulder_L",
