{
    "animation": [
        {
            "name": "Root",
            "time": [0.0, 0.1, 0.2, 0.2667, 0.3, 0.3333, 0.3667, 0.4, 0.7, 0.8, 0.9, 1.1, 1.15, 1.2, 1.3, 1.6],
            "transform": [
                [-0.957498, 0.077481, 0.277838, -5e-06, 0.281189, 0.465354, 0.839272, 0.000946, -0.064266, 0.881727, -0.467363, 0.610691, 0.0, 0.0, 0.0, 1.0],
                [-0.114445, 0.110551, 0.987259, -5e-06, 0.834274, 0.550232, 0.035097, 0.400404, -0.539342, 0.827661, -0.155201, 0.575055, 0.0, 0.0, 0.0, 1.0],
                [0.791317, 0.285722, 0.540537, -5e-06, 0.295705, 0.594958, -0.747384, 0.670946, -0.535141, 0.751258, 0.386311, 0.503782, 0.0, 0.0, 0.0, 1.0],
                [0.967566, 0.058826, 0.245673, -5e-06, 0.200831, 0.410807, -0.889328, 0.76702, -0.15324, 0.909823, 0.385669, 0.473122, 0.0, 0.0, 0.0, 1.0],
                [0.951739, -0.033484, -0.305076, -5e-06, -0.253849, 0.47279, -0.843819, 1.090226, 0.172492, 0.880539, 0.441473, 0.52538, 0.0, 0.0, 0.0, 1.0],
                [0.720369, 0.035039, -0.692706, -5e-06, -0.648283, 0.38906, -0.654493, 1.294333, 0.246571, 0.920546, 0.302982, 0.567681, 0.0, 0.0, 0.0, 1.0],
                [0.657651, 0.104664, -0.746017, -5e-06, -0.736912, 0.294958, -0.608243, 1.341134, 0.156383, 0.94976, 0.271108, 0.606384, 0.0, 0.0, 0.0, 1.0],
                [0.330862, 0.104492, -0.937876, -5e-06, -0.940703, 0.115384, -0.319004, 1.450946, 0.074882, 0.98781, 0.136472, 0.617176, 0.0, 0.0, 0.0, 1.0],
                [-0.383119, 0.078529, -0.920355, -5e-06, -0.890595, 0.232952, 0.390608, 1.450946, 0.245073, 0.969312, -0.019311, 0.665761, 0.0, 0.0, 0.0, 1.0],
                [-0.89669, 0.12097, -0.425809, -5e-06, -0.409474, 0.13875, 0.901709, 1.450946, 0.168161, 0.982911, -0.074882, 0.608982, 0.0, 0.0, 0.0, 1.0],
                [-0.918604, 0.078529, 0.387299, -5e-06, 0.394652, 0.232952, 0.88881, 1.450947, -0.020425, 0.969312, -0.244982, 0.608982, 0.0, 0.0, 0.0, 1.0],
                [-0.311283, 0.098098, 0.94524, -5e-06, 0.945368, 0.133348, 0.297486, 1.450946, -0.096863, 0.986202, -0.134247, 0.635637, 0.0, 0.0, 0.0, 1.0],
                [0.242406, 0.063978, 0.968063, -5e-06, 0.966249, 0.073756, -0.246826, 1.450946, -0.087192, 0.995222, -0.04394, 0.651185, 0.0, 0.0, 0.0, 1.0],
                [0.688181, 0.008601, 0.725488, -5e-06, 0.724606, 0.042546, -0.687848, 1.450946, -0.036783, 0.999057, 0.023047, 0.666734, 0.0, 0.0, 0.0, 1.0],
                [0.975297, 0.011841, 0.22058, -5e-06, 0.220288, 0.021981, -0.975187, 1.450946, -0.016395, 0.999688, 0.018829, 0.690169, 0.0, 0.0, 0.0, 1.0],
                [0.882948, -0.0, -0.469472, -5e-06, -0.469472, 0.0, -0.882948, 1.450946, 0.0, 1.0, -0.0, 0.743735, 0.0, 0.0, 0.0, 1.0]
            ]
        },
        {
            "name": "Thigh_R",
            "time": [0.0, 0.1, 0.2, 0.2667, 0.3, 0.3333, 0.3667, 0.4, 0.7, 0.8, 0.9, 1.1, 1.2, 1.3, 1.6],
            "transform": [
                [0.993932, 0.106519, -0.027436, 0.124994, -0.033037, 0.05118, -0.998142, -0.002831, -0.104917, 0.992992, 0.054389, -1.2e-05, 0.0, 0.0, 0.0, 1.0],
                [0.941679, -0.33649, -0.003665, 0.124994, -0.332289, -0.928094, -0.168001, -0.00283, 0.053129, 0.159421, -0.98578, -1.2e-05, 0.0, 0.0, 0.0, 1.0],
                [0.998715, 0.034986, -0.036643, 0.124994, 0.027895, -0.9835, -0.178744, -0.00283, -0.042292, 0.177492, -0.983212, -1.2e-05, 0.0, 0.0, 0.0, 1.0],
                [0.989475, -0.144079, 0.013308, 0.124994, -0.119559, -0.865942, -0.485642, -0.002831, 0.081495, 0.478941, -0.874055, -1.2e-05, 0.0, 0.0, 0.0, 1.0],
                [0.997475, 0.070664, 0.006994, 0.124994, 0.065805, -0.882861, -0.465, -0.00283, -0.026684, 0.464287, -0.885282, -1.2e-05, 0.0, 0.0, 0.0, 1.0],
                [0.963663, 0.26637, 0.019977, 0.124994, 0.260382, -0.920042, -0.292783, -0.00283, -0.059609, 0.287346, -0.955969, -1.2e-05, 0.0, 0.0, 0.0, 1.0],
                [0.961421, 0.274971, 0.007561, 0.124994, 0.272098, -0.946626, -0.1728, -0.00283, -0.040358, 0.168192, -0.984927, -1.2e-05, 0.0, 0.0, 0.0, 1.0],
                [0.880307, 0.474269, -0.011276, 0.124994, 0.472026, -0.878026, -0.079124, -0.00283, -0.047426, 0.064331, -0.9968, -1.2e-05, 0.0, 0.0, 0.0, 1.0],
                [0.97915, 0.19728, -0.048419, 0.124994, 0.20296, -0.940236, 0.273428, -0.00283, 0.008416, -0.277555, -0.960673, -1.2e-05, 0.0, 0.0, 0.0, 1.0],
                [0.987909, -0.150294, 0.038005, 0.124994, -0.146597, -0.825954, 0.544341, -0.002831, -0.05042, -0.543332, -0.838002, -1.2e-05, 0.0, 0.0, 0.0, 1.0],
                [0.947759, -0.27318, 0.164693, 0.124994, -0.318914, -0.822354, 0.471198, -0.00283, 0.006714, -0.499106, -0.866515, -1.2e-05, 0.0, 0.0, 0.0, 1.0],
                [0.984969, -0.119371, 0.124838, 0.124994, -0.172423, -0.722262, 0.669781, -0.002831, 0.010213, -0.681239, -0.731989, -1.2e-05, 0.0, 0.0, 0.0, 1.0],
                [0.987908, 0.15009, -0.038837, 0.124994, 0.137055, -0.72841, 0.671292, -0.00283, 0.072465, -0.668498, -0.740175, -1.2e-05, 0.0, 0.0, 0.0, 1.0],
                [0.994285, 0.072655, 0.078216, 0.124994, 0.029447, -0.890906, 0.453231, -0.002831, 0.102613, -0.448337, -0.887955, -1.2e-05, 0.0, 0.0, 0.0, 1.0],
                [0.979513, 0.100976, 0.174234, 0.124994, 0.120412, -0.987173, -0.104825, -0.002831, 0.161414, 0.123658, -0.979109, -1.2e-05, 0.0, 0.0, 0.0, 1.0]
            ]
        },
        {
            "name": "Leg_R",
            "time": [0.0, 0.1, 0.2, 0.2667, 0.3, 0.3333, 0.3667, 0.4, 0.7, 0.8, 0.9, 1.1, 1.2, 1.3, 1.6],
            "transform": [
                [1.0, 4e-06, 2e-06, 0.0, -4e-06, 0.999986, 0.005333, 0.37472, -3e-06, -0.005333, 0.999986, 0.0, 0.0, 0.0, 0.0, 1.0],
                [1.000001, 4e-06, 2e-06, -0.0, -4e-06, 0.999988, 0.00499, 0.37472, -2e-06, -0.004991, 0.999988, 0.0, 0.0, 0.0, 0.0, 1.0],
                [1.0, 3e-06, 4e-06, -0.0, -4e-06, 0.936003, 0.351993, 0.37472, -3e-06, -0.351993, 0.936003, -0.0, 0.0, 0.0, 0.0, 1.0],
                [1.000001, 4e-06, 2e-06, -0.0, -4e-06, 0.999987, 0.005405, 0.37472, -2e-06, -0.005404, 0.999985, -0.0, 0.0, 0.0, 0.0, 1.0],
                [1.000001, 4e-06, 3e-06, -0.0, -4e-06, 0.999988, 0.004938, 0.37472, -2e-06, -0.004938, 0.999987, -0.0, 0.0, 0.0, 0.0, 1.0],
                [1.000001, 4e-06, 2e-06, -0.0, -4e-06, 0.999989, 0.004903, 0.37472, -3e-06, -0.004903, 0.999988, -0.0, 0.0, 0.0, 0.0, 1.0],
                [1.000001, 4e-06, 2e-06, -0.0, -4e-06, 0.999987, 0.005075, 0.37472, -3e-06, -0.005075, 0.999987, 0.0, 0.0, 0.0, 0.0, 1.0],
                [1.000001, 4e-06, 3e-06, 0.0, -4e-06, 0.999986, 0.005468, 0.37472, -2e-06, -0.005468, 0.999985, 0.0, 0.0, 0.0, 0.0, 1.0],
                [1.000001, 4e-06, 2e-06, 0.0, -4e-06, 0.999988, 0.004925, 0.37472, -3e-06, -0.004925, 0.999988, -0.0, 0.0, 0.0, 0.0, 1.0],
                [1.000001, 3e-06, 3e-06, 0.0, -4e-06, 0.989087, 0.147331, 0.37472, -2e-06, -0.147331, 0.989088, 0.0, 0.0, 0.0, 0.0, 1.0],
                [1.000001, 1e-06, 5e-06, 0.0, -4e-06, 0.653412, 0.757003, 0.37472, -2e-06, -0.757002, 0.653412, -0.0, 0.0, 0.0, 0.0, 1.0],
                [1.000001, 0.0, 5e-06, 0.0, -4e-06, 0.581481, 0.813561, 0.37472, -3e-06, -0.81356, 0.581481, -0.0, 0.0, 0.0, 0.0, 1.0],
                [1.000001, -0.0, 5e-06, 0.0, -4e-06, 0.45707, 0.889432, 0.37472, -3e-06, -0.889431, 0.45707, 0.0, 0.0, 0.0, 0.0, 1.0],
                [1.000001, 1e-06, 5e-06, -0.0, -4e-06, 0.673393, 0.739286, 0.37472, -2e-06, -0.739285, 0.673393, -0.0, 0.0, 0.0, 0.0, 1.0],
                [1.000001, 4e-06, 3e-06, 0.0, -4e-06, 0.999987, 0.0051, 0.37472, -3e-06, -0.005101, 0.999988, 0.0, 0.0, 0.0, 0.0, 1.0]
            ]
        },
        {
            "name": "Knee_R",
            "time": [0.0, 0.1, 0.2, 0.2667, 0.3, 0.3333, 0.3667, 0.4, 0.7, 0.8, 0.9, 1.1, 1.2, 1.3, 1.6],
            "transform": [
                [1.0, 2e-06, -4e-06, 0.0, -4e-06, 3e-06, -1.0, 0.37472, -2e-06, 1.0, 3e-06, -0.0, 0.0, 0.0, 0.0, 1.0],
                [1.0, 2e-06, -4e-06, -0.0, -4e-06, 3e-06, -1.0, 0.37472, -2e-06, 1.0, 3e-06, 0.0, 0.0, 0.0, 0.0, 1.0],
                [1.0, 2e-06, -4e-06, -0.0, -4e-06, 3e-06, -1.0, 0.37472, -2e-06, 1.0, 3e-06, -0.0, 0.0, 0.0, 0.0, 1.0],
                [1.0, 2e-06, -4e-06, 0.0, -4e-06, 3e-06, -1.0, 0.37472, -2e-06, 1.0, 3e-06, -0.0, 0.0, 0.0, 0.0, 1.0],
                [1.0, 2e-06, -4e-06, -0.0, -4e-06, 3e-06, -1.0, 0.37472, -2e-06, 1.0, 3e-06, -0.0, 0.0, 0.0, 0.0, 1.0],
                [1.0, 2e-06, -4e-06, -0.0, -4e-06, 3e-06, -1.0, 0.37472, -2e-06, 1.0, 3e-06, -0.0, 0.0, 0.0, 0.0, 1.0],
                [1.0, 2e-06, -4e-06, -0.0, -4e-06, 3e-06, -1.0, 0.37472, -2e-06, 1.0, 3e-06, 0.0, 0.0, 0.0, 0.0, 1.0],
                [1.0, 2e-06, -4e-06, 0.0, -4e-06, 3e-06, -1.0, 0.37472, -2e-06, 1.0, 3e-06, -0.0, 0.0, 0.0, 0.0, 1.0],
                [1.0, 2e-06, -4e-06, -0.0, -4e-06, 3e-06, -1.0, 0.37472, -2e-06, 1.0, 3e-06, 0.0, 0.0, 0.0, 0.0, 1.0],
                [1.0, 2e-06, -4e-06, 0.0, -4e-06, 3e-06, -1.0, 0.37472, -2e-06, 1.0, 3e-06, 0.0, 0.0, 0.0, 0.0, 1.0],
                [1.0, 2e-06, -4e-06, 0.0, -4e-06, 3e-06, -1.0, 0.37472, -2e-06, 1.0, 3e-06, -0.0, 0.0, 0.0, 0.0, 1.0],
                [1.0, 2e-06, -4e-06, 0.0, -4e-06, 3e-06, -1.0, 0.37472, -2e-06, 1.0, 3e-06, -0.0, 0.0, 0.0, 0.0, 1.0],
                [1.0, 2e-06, -4e-06, 0.0, -4e-06, 3e-06, -1.0, 0.37472, -2e-06, 1.0, 3e-06, 0.0, 0.0, 0.0, 0.0, 1.0],
                [1.0, 2e-06, -4e-06, -0.0, -4e-06, 3e-06, -1.0, 0.37472, -2e-06, 1.0, 3e-06, -0.0, 0.0, 0.0, 0.0, 1.0],
                [1.0, 2e-06, -4e-06, 0.0, -4e-06, 3e-06, -1.0, 0.37472, -2e-06, 1.0, 3e-06, 0.0, 0.0, 0.0, 0.0, 1.0]
            ]
        },
        {
            "name": "Thigh_L",
            "time": [0.0, 0.1, 0.2, 0.2667, 0.3, 0.3333, 0.3667, 0.4, 0.7, 0.8, 0.9, 1.1, 1.2, 1.3, 1.6],
            "transform": [
                [0.66222, 0.434248, 0.61065, -0.125006, 0.63907, 0.098177, -0.762856, -0.002831, -0.391221, 0.895428, -0.2125, -1.2e-05, 0.0, 0.0, 0.0, 1.0],
                [0.986931, -0.161046, 0.005646, -0.125006, -0.160679, -0.986135, -0.041462, -0.00283, 0.012245, 0.040013, -0.999124, -1.2e-05, 0.0, 0.0, 0.0, 1.0],
                [0.981787, 0.0695, 0.176822, -0.125006, 0.100659, -0.979612, -0.173862, -0.00283, 0.161133, 0.188494, -0.968765, -1.2e-05, 0.0, 0.0, 0.0, 1.0],
                [0.989931, -0.118219, 0.077857, -0.125006, -0.13063, -0.551075, 0.824167, -0.002831, -0.054527, -0.826039, -0.560969, -1.2e-05, 0.0, 0.0, 0.0, 1.0],
                [0.925077, -0.249572, 0.286265, -0.125006, -0.293187, 0.00982, 0.956005, -0.002831, -0.241403, -0.968307, -0.064087, -1.2e-05, 0.0, 0.0, 0.0, 1.0],
                [0.960129, -0.205506, 0.189523, -0.125006, -0.278851, -0.655893, 0.70146, -0.002831, -0.019848, -0.726341, -0.687048, -1.2e-05, 0.0, 0.0, 0.0, 1.0],
                [0.993769, -0.067326, 0.088836, -0.125006, -0.105564, -0.824362, 0.556133, -0.00283, 0.035791, -0.562045, -0.826332, -1.2e-05, 0.0, 0.0, 0.0, 1.0],
                [0.964082, 0.264132, 0.027931, -0.125006, 0.251999, -0.94285, 0.218013, -0.002831, 0.083919, -0.203144, -0.975546, -1.2e-05, 0.0, 0.0, 0.0, 1.0],
                [0.974371, 0.224389, -0.015845, -0.125006, 0.224926, -0.970892, 0.082329, -0.00283, 0.00309, -0.083782, -0.99648, -1.2e-05, 0.0, 0.0, 0.0, 1.0],
                [0.942773, 0.320901, -0.090566, -0.125006, 0.332659, -0.886684, 0.321138, -0.002831, 0.02275, -0.332888, -0.942693, -1.2e-05, 0.0, 0.0, 0.0, 1.0],
                [0.8966, 0.426662, -0.118615, -0.125006, 0.439701, -0.825859, 0.353016, -0.00283, 0.052659, -0.368669, -0.928069, -1.2e-05, 0.0, 0.0, 0.0, 1.0],
                [0.955285, 0.255347, -0.149094, -0.125006, 0.295424, -0.802974, 0.517645, -0.002831, 0.012461, -0.538545, -0.842505, -1.2e-05, 0.0, 0.0, 0.0, 1.0],
                [0.993682, -0.073593, -0.084741, -0.125006, -0.01007, -0.810441, 0.585735, -0.00283, -0.111784, -0.581181, -0.806061, -1.2e-05, 0.0, 0.0, 0.0, 1.0],
                [0.982596, -0.148896, -0.111066, -0.125006, -0.092198, -0.909987, 0.404258, -0.002831, -0.161261, -0.386982, -0.907877, -1.2e-05, 0.0, 0.0, 0.0, 1.0],
                [0.969296, -0.038477, -0.242869, -0.125006, -0.033842, -0.999158, 0.023231, -0.002831, -0.243558, -0.014298, -0.969781, -1.2e-05, 0.0, 0.0, 0.0, 1.0]
            ]
        },
        {
            "name": "Leg_L",
            "time": [0.0, 0.1, 0.2, 0.2667, 0.3, 0.3333, 0.3667, 0.4, 0.7, 0.8, 0.9, 1.1, 1.2, 1.3, 1.6],
            "transform": [
                [0.999999, 1e-06, 1e-06, -0.0, -1e-06, 0.999989, 0.004793, 0.37472, -1e-06, -0.004793, 0.999989, 0.0, 0.0, 0.0, 0.0, 1.0],
                [0.999999, 1e-06, 1e-06, -0.0, -1e-06, 0.999987, 0.005264, 0.37472, -1e-06, -0.005264, 0.999986, -0.0, 0.0, 0.0, 0.0, 1.0],
                [0.999999, 1e-06, 1e-06, 0.0, -1e-06, 0.999988, 0.004864, 0.37472, -1e-06, -0.004865, 0.999989, 0.0, 0.0, 0.0, 0.0, 1.0],
                [1.0, -1e-06, 1e-06, -0.0, -1e-06, -0.020995, 0.999779, 0.37472, -1e-06, -0.99978, -0.020995, 0.0, 0.0, 0.0, 0.0, 1.0],
                [0.999999, -1e-06, 1e-06, -0.0, -1e-06, 0.027622, 0.999618, 0.37472, -1e-06, -0.999618, 0.027622, 0.0, 0.0, 0.0, 0.0, 1.0],
                [0.999999, -1e-06, 1e-06, 0.0, -1e-06, 0.077721, 0.996975, 0.37472, -1e-06, -0.996974, 0.077721, -0.0, 0.0, 0.0, 0.0, 1.0],
                [0.999999, -1e-06, 2e-06, -0.0, -1e-06, 0.330237, 0.943898, 0.37472, -1e-06, -0.943898, 0.330237, 0.0, 0.0, 0.0, 0.0, 1.0],
                [0.999999, -0.0, 2e-06, -0.0, -1e-06, 0.650187, 0.759774, 0.37472, -1e-06, -0.759774, 0.650187, 0.0, 0.0, 0.0, 0.0, 1.0],
                [0.999999, 0.0, 1e-06, 0.0, -1e-06, 0.850795, 0.525497, 0.37472, -1e-06, -0.525497, 0.850794, 0.0, 0.0, 0.0, 0.0, 1.0],
                [0.999999, -0.0, 1e-06, -0.0, -1e-06, 0.592334, 0.805692, 0.374721, -1e-06, -0.805692, 0.592333, 0.0, 0.0, 0.0, 0.0, 1.0],
                [0.999999, -0.0, 1e-06, -0.0, -1e-06, 0.664194, 0.74756, 0.37472, -1e-06, -0.74756, 0.664193, 0.0, 0.0, 0.0, 0.0, 1.0],
                [0.999999, 0.0, 2e-06, -0.0, -1e-06, 0.695254, 0.718764, 0.37472, -1e-06, -0.718764, 0.695253, 0.0, 0.0, 0.0, 0.0, 1.0],
                [0.999999, -0.0, 2e-06, 0.0, -1e-06, 0.640377, 0.76806, 0.37472, -1e-06, -0.76806, 0.640377, 0.0, 0.0, 0.0, 0.0, 1.0],
                [0.999999, 0.0, 2e-06, 0.0, -1e-06, 0.71257, 0.701601, 0.37472, -1e-06, -0.701601, 0.712569, -0.0, 0.0, 0.0, 0.0, 1.0],
                [0.999999, 1e-06, 1e-06, -0.0, -1e-06, 0.972769, 0.231778, 0.37472, -1e-06, -0.231778, 0.972767, 0.0, 0.0, 0.0, 0.0, 1.0]
            ]
        },
        {
            "name": "Knee_L",
            "time": [0.0, 0.1, 0.2, 0.2667, 0.3, 0.3333, 0.3667, 0.4, 0.7, 0.8, 0.9, 1.1, 1.2, 1.3, 1.6],
            "transform": [
                [0.999998, 0.0, -0.0, -0.0, -2e-06, 0.002399, -0.999997, 0.37472, -1e-06, 0.999995, 0.002397, 0.0, 0.0, 0.0, 0.0, 1.0],
                [0.999998, 1e-06, -2e-06, -0.0, -1e-06, 0.002632, -0.999996, 0.37472, -2e-06, 0.999995, 0.002634, -0.0, 0.0, 0.0, 0.0, 1.0],
                [1.0, 1e-06, -2e-06, 0.0, -1e-06, 0.002433, -0.999997, 0.37472, -1e-06, 0.999996, 0.002433, 0.0, 0.0, 0.0, 0.0, 1.0],
                [1.0, 1e-06, -1e-06, -0.0, -1e-06, 0.714491, -0.699643, 0.37472, -0.0, 0.699644, 0.714492, 0.0, 0.0, 0.0, 0.0, 1.0],
                [1.0, 1e-06, -1e-06, 0.0, -1e-06, 0.697274, -0.716805, 0.37472, -0.0, 0.716805, 0.697274, 0.0, 0.0, 0.0, 0.0, 1.0],
                [1.0, 2e-06, -1e-06, 0.0, -2e-06, 0.679074, -0.73407, 0.37472, -0.0, 0.73407, 0.679073, -0.0, 0.0, 0.0, 0.0, 1.0],
                [1.0, 1e-06, -1e-06, -0.0, -1e-06, 0.57869, -0.815547, 0.37472, -0.0, 0.815547, 0.578691, -0.0, 0.0, 0.0, 0.0, 1.0],
                [1.0, 1e-06, -1e-06, -0.0, -1e-06, 0.41822, -0.908346, 0.37472, -1e-06, 0.908346, 0.41822, 0.0, 0.0, 0.0, 0.0, 1.0],
                [1.0, 1e-06, -1e-06, 0.0, -1e-06, 0.273136, -0.961976, 0.37472, -1e-06, 0.961976, 0.273136, 0.0, 0.0, 0.0, 0.0, 1.0],
                [1.0, 2e-06, -0.0, -0.0, -1e-06, 0.451481, -0.892281, 0.37472, -1e-06, 0.892281, 0.451481, -0.0, 0.0, 0.0, 0.0, 1.0],
                [1.0, 1e-06, -1e-06, -0.0, -2e-06, 0.409761, -0.912193, 0.37472, -0.0, 0.912193, 0.409761, 0.0, 0.0, 0.0, 0.0, 1.0],
                [1.0, 1e-06, -1e-06, -0.0, -1e-06, 0.390351, -0.920666, 0.37472, -0.0, 0.920666, 0.390351, 0.0, 0.0, 0.0, 0.0, 1.0],
                [1.0, 1e-06, -1e-06, 0.0, -1e-06, 0.424043, -0.905642, 0.37472, -0.0, 0.905642, 0.424043, -0.0, 0.0, 0.0, 0.0, 1.0],
                [1.0, 1e-06, -1e-06, -0.0, -1e-06, 0.379099, -0.925356, 0.37472, -0.0, 0.925356, 0.379099, -0.0, 0.0, 0.0, 0.0, 1.0],
                [1.0, 0.0, -1e-06, 0.0, -1e-06, 0.116687, -0.993169, 0.37472, -0.0, 0.993169, 0.116687, -0.0, 0.0, 0.0, 0.0, 1.0]
            ]
        },
        {
            "name": "Torso",
            "time": [0.0, 0.1, 0.2, 0.2667, 0.3, 0.3333, 0.3667, 0.4, 0.7, 0.8, 0.9, 1.1, 1.2, 1.3, 1.6],
            "transform": [
                [0.994862, 0.045427, -0.090486, 0.0, -0.046615, 0.998852, -0.011063, 0.05, 0.089879, 0.015224, 0.995836, 0.0, 0.0, 0.0, 0.0, 1.0],
                [0.996428, 0.033053, -0.077717, 0.0, -0.034766, 0.999179, -0.020796, 0.05, 0.076966, 0.023424, 0.996759, -0.0, 0.0, 0.0, 0.0, 1.0],
                [0.998622, 0.008606, -0.051781, 0.0, -0.010675, 0.999151, -0.0398, 0.05, 0.051394, 0.040298, 0.997865, -0.0, 0.0, 0.0, 0.0, 1.0],
                [0.999243, -0.03886, -0.001918, 0.0, 0.03888, 0.99918, 0.011326, 0.05, 0.001477, -0.011392, 0.999934, -0.0, 0.0, 0.0, 0.0, 1.0],
                [0.995572, -0.09399, -0.001531, 0.0, 0.093997, 0.995558, 0.005398, 0.05, 0.001017, -0.005518, 0.999984, 0.0, 0.0, 0.0, 0.0, 1.0],
                [0.997917, -0.064229, -0.006047, -0.0, 0.064049, 0.9976, -0.026314, 0.05, 0.007723, 0.025872, 0.999635, -0.0, 0.0, 0.0, 0.0, 1.0],
                [0.999337, -0.034551, -0.011509, -0.0, 0.03383, 0.997751, -0.057866, 0.05, 0.013482, 0.057438, 0.998258, 0.0, 0.0, 0.0, 0.0, 1.0],
                [0.999827, -0.005043, -0.0179, -0.0, 0.003427, 0.996011, -0.089168, 0.05, 0.018278, 0.089091, 0.995856, -0.0, 0.0, 0.0, 0.0, 1.0],
                [0.998881, 0.028539, -0.037714, 0.0, -0.032252, 0.99428, -0.101824, 0.05, 0.034592, 0.102926, 0.994087, 0.0, 0.0, 0.0, 0.0, 1.0],
                [0.998881, 0.028539, -0.037714, 0.0, -0.032252, 0.99428, -0.101824, 0.05, 0.034592, 0.102926, 0.994087, -0.0, 0.0, 0.0, 0.0, 1.0],
                [0.998881, 0.028539, -0.037714, 0.0, -0.032252, 0.99428, -0.101824, 0.05, 0.034592, 0.102926, 0.994087, 0.0, 0.0, 0.0, 0.0, 1.0],
                [0.998479, 0.013881, -0.053357, -0.0, -0.01806, 0.99674, -0.078641, 0.05, 0.052091, 0.079485, 0.995474, 0.0, 0.0, 0.0, 0.0, 1.0],
                [0.997399, -0.002761, -0.072026, 0.0, -0.000977, 0.998657, -0.051809, 0.05, 0.072072, 0.051745, 0.996056, -0.0, 0.0, 0.0, 0.0, 1.0],
                [0.996151, -0.014956, -0.086371, -0.0, 0.012251, 0.99942, -0.031774, 0.05, 0.086796, 0.030594, 0.995756, 0.0, 0.0, 0.0, 0.0, 1.0],
                [0.991907, -0.041629, -0.119948, -0.0, 0.043531, 0.998964, 0.013283, 0.05, 0.119271, -0.018397, 0.992691, 0.0, 0.0, 0.0, 0.0, 1.0]
            ]
        },
        {
            "name": "Chest",
            "time": [0.0, 0.1, 0.2, 0.2667, 0.3, 0.3333, 0.3667, 0.4, 0.7, 0.8, 0.9, 1.1, 1.2, 1.3, 1.6],
            "transform": [
                [0.891652, -0.00494, 0.452695, -0.0, -0.052909, 0.991951, 0.115038, 0.3, -0.44962, -0.126525, 0.884214, -0.0, 0.0, 0.0, 0.0, 1.0],
                [0.68009, -0.063005, 0.730416, 0.0, -0.026735, 0.993506, 0.110591, 0.3, -0.732641, -0.094739, 0.67399, 0.0, 0.0, 0.0, 0.0, 1.0],
                [0.870442, -0.184539, 0.456372, -0.0, 0.151065, 0.98248, 0.109148, 0.3, -0.468518, -0.026065, 0.883069, 0.0, 0.0, 0.0, 0.0, 1.0],
                [0.980168, -0.161422, 0.114948, 0.0, 0.157721, 0.986646, 0.040656, 0.3, -0.119976, -0.02172, 0.992539, 0.0, 0.0, 0.0, 0.0, 1.0],
                [0.969818, 0.024377, -0.242609, -0.0, -0.049854, 0.993794, -0.099434, 0.3, 0.23868, 0.108528, 0.965015, -0.0, 0.0, 0.0, 0.0, 1.0],
                [0.909967, -0.083431, -0.4062, 0.0, 0.025776, 0.989037, -0.145398, 0.3, 0.413877, 0.121837, 0.902142, 0.0, 0.0, 0.0, 0.0, 1.0],
                [0.958054, -0.191686, -0.213045, 0.0, 0.160451, 0.974724, -0.155459, 0.3, 0.237459, 0.114755, 0.964595, -0.0, 0.0, 0.0, 0.0, 1.0],
                [0.923408, -0.069001, -0.377566, 0.0, 0.007882, 0.986909, -0.161083, 0.3, 0.383738, 0.145769, 0.911864, 0.0, 0.0, 0.0, 0.0, 1.0],
                [0.899753, 0.081517, -0.428718, -0.0, -0.150126, 0.980257, -0.128682, 0.3, 0.409764, 0.180144, 0.894227, 0.0, 0.0, 0.0, 0.0, 1.0],
                [0.909895, 0.031359, -0.413652, -0.0, -0.055754, 0.997336, -0.047034, 0.3, 0.411075, 0.065859, 0.909219, -0.0, 0.0, 0.0, 0.0, 1.0],
                [0.914636, -0.013098, -0.404066, 0.0, 0.025116, 0.999385, 0.024457, 0.3, 0.403497, -0.032518, 0.914403, -0.0, 0.0, 0.0, 0.0, 1.0],
                [0.902616, 0.014342, -0.430207, 0.0, -0.029005, 0.9992, -0.027544, 0.3, 0.429468, 0.03734, 0.90231, -0.0, 0.0, 0.0, 0.0, 1.0],
                [0.885892, 0.043594, -0.461838, 0.0, -0.093539, 0.991912, -0.085797, 0.3, 0.454363, 0.119207, 0.882805, 0.0, 0.0, 0.0, 0.0, 1.0],
                [0.879274, 0.028921, -0.475437, 0.0, -0.070059, 0.995151, -0.069032, 0.3, 0.471136, 0.094006, 0.877037, -0.0, 0.0, 0.0, 0.0, 1.0],
                [0.862121, -0.002923, -0.506694, 0.0, -0.015575, 0.999358, -0.032265, 0.3, 0.506463, 0.035709, 0.861522, 0.0, 0.0, 0.0, 0.0, 1.0]
            ]
        },
        {
            "name": "Head",
            "time": [0.0, 0.1, 0.2, 0.2667, 0.3, 0.3333, 0.3667, 0.4, 0.7, 0.8, 0.9, 1.1, 1.15, 1.2, 1.3, 1.4, 1.5, 1.6],
            "transform": [
                [0.686078, 0.138527, -0.714218, 0.0, 0.096178, 0.95582, 0.277776, 0.400001, 0.721142, -0.259268, 0.642443, 0.0, 0.0, 0.0, 0.0, 1.0],
                [-0.351754, 0.198691, -0.914763, 0.0, 0.256011, 0.960377, 0.110155, 0.400001, 0.900404, -0.195442, -0.388683, -0.0, 0.0, 0.0, 0.0, 1.0],
                [0.665797, -0.264976, -0.697497, -0.0, 0.109462, 0.959389, -0.259981, 0.4, 0.738059, 0.096745, 0.667764, -0.0, 0.0, 0.0, 0.0, 1.0],
                [0.923825, 0.061226, -0.377887, 0.0, -0.143673, 0.970421, -0.194011, 0.400001, 0.354831, 0.233524, 0.905297, 0.0, 0.0, 0.0, 0.0, 1.0],
                [0.881073, 0.119844, 0.457546, 0.0, -0.014114, 0.973598, -0.227833, 0.4, -0.47277, 0.19428, 0.859503, -0.0, 0.0, 0.0, 0.0, 1.0],
                [0.390109, 0.316937, 0.864503, -0.0, -0.116467, 0.948336, -0.295115, 0.4, -0.913373, 0.014441, 0.406868, -0.0, 0.0, 0.0, 0.0, 1.0],
                [0.548252, 0.167056, 0.819458, -0.0, -0.184007, 0.979931, -0.076662, 0.4, -0.81582, -0.108756, 0.567989, -0.0, 0.0, 0.0, 0.0, 1.0],
                [0.143699, -0.159965, 0.976607, -0.0, -0.105415, 0.97876, 0.175828, 0.4, -0.983991, -0.128215, 0.123785, -0.0, 0.0, 0.0, 0.0, 1.0],
                [-0.478098, -0.178915, 0.85989, -0.0, -0.207264, 0.974364, 0.087495, 0.4, -0.853502, -0.136393, -0.502924, 0.0, 0.0, 0.0, 0.0, 1.0],
                [0.600773, -0.004482, 0.799407, -0.0, -0.002914, 0.999965, 0.007797, 0.4, -0.799414, -0.007014, 0.60074, -0.0, 0.0, 0.0, 0.0, 1.0],
                [0.762961, -0.176767, 0.621807, 0.0, -0.033503, 0.949783, 0.311112, 0.400001, -0.645576, -0.258199, 0.718726, 0.0, 0.0, 0.0, 0.0, 1.0],
                [0.956687, 0.027795, 0.289788, -0.0, -0.07238, 0.986884, 0.144292, 0.4, -0.281977, -0.159017, 0.946152, -0.0, 0.0, 0.0, 0.0, 1.0],
                [0.935835, 0.015983, 0.352075, 0.0, -0.089173, 0.977204, 0.192666, 0.4, -0.34097, -0.211699, 0.915928, -0.0, 0.0, 0.0, 0.0, 1.0],
                [0.90861, -0.011968, 0.417473, -0.0, -0.099017, 0.964916, 0.243169, 0.4, -0.405737, -0.262283, 0.875549, -0.0, 0.0, 0.0, 0.0, 1.0],
                [0.690713, -0.074479, 0.719283, -0.0, -0.122746, 0.968172, 0.218121, 0.4, -0.712635, -0.238948, 0.659588, -0.0, 0.0, 0.0, 0.0, 1.0],
                [0.573865, -0.085457, 0.814479, 0.0, -0.101845, 0.979373, 0.174516, 0.4, -0.812592, -0.183099, 0.553325, 0.0, 0.0, 0.0, 0.0, 1.0],
                [0.518235, -0.070544, 0.852324, 0.0, -0.065706, 0.990362, 0.12192, 0.4, -0.85271, -0.119186, 0.508606, -0.0, 0.0, 0.0, 0.0, 1.0],
                [0.510053, -0.039893, 0.859217, -0.0, -0.027636, 0.997648, 0.062726, 0.400001, -0.859699, -0.055739, 0.507751, -0.0, 0.0, 0.0, 0.0, 1.0]
            ]
        },
        {
            "name": "Shoulder_R",
            "time": [0.0, 0.1, 0.2, 0.2667, 0.3, 0.3333, 0.3667, 0.4, 0.7, 0.8, 0.9, 1.1, 1.2, 1.3, 1.6],
            "transform": [
                [0.045499, 0.933676, 0.355215, 0.0, -0.000416, -0.355565, 0.934652, 0.400001, 0.998964, -0.042674, -0.015789, 0.0, 0.0, 0.0, 0.0, 1.0],
                [-0.053524, 0.941643, 0.332328, 0.0, 0.015083, -0.332004, 0.943158, 0.400001, 0.998452, 0.055494, 0.003567, -0.0, 0.0, 0.0, 0.0, 1.0],
                [-0.248675, 0.926876, 0.281176, -0.0, 0.038144, -0.280699, 0.959038, 0.4, 0.967835, 0.249213, 0.034448, -0.0, 0.0, 0.0, 0.0, 1.0],
                [-0.219434, 0.916245, 0.335177, 0.0, 0.068422, -0.328251, 0.942109, 0.400001, 0.973225, 0.229664, 0.009338, 0.0, 0.0, 0.0, 0.0, 1.0],
                [-0.216142, 0.868937, 0.44523, 0.0, 0.185761, -0.411081, 0.892471, 0.4, 0.958527, 0.275606, -0.072563, -0.0, 0.0, 0.0, 0.0, 1.0],
                [-0.226721, 0.870372, 0.437091, -0.0, 0.150174, -0.41217, 0.898646, 0.4, 0.962312, 0.269382, -0.03726, -0.0, 0.0, 0.0, 0.0, 1.0],
                [-0.236251, 0.871764, 0.4292, -0.0, 0.116982, -0.412973, 0.903199, 0.4, 0.964624, 0.26359, -0.004415, -0.0, 0.0, 0.0, 0.0, 1.0],
                [-0.244569, 0.873061, 0.42184, -0.0, 0.087052, -0.413524, 0.906322, 0.4, 0.965716, 0.25838, 0.025133, -0.0, 0.0, 0.0, 0.0, 1.0],
                [-0.02162, 0.969189, 0.245364, -0.0, -0.052766, -0.246186, 0.967785, 0.4, 0.998372, 0.007976, 0.056463, 0.0, 0.0, 0.0, 0.0, 1.0],
                [-0.02162, 0.969189, 0.245364, -0.0, -0.052766, -0.246186, 0.967785, 0.4, 0.998372, 0.007977, 0.056463, -0.0, 0.0, 0.0, 0.0, 1.0],
                [-0.02162, 0.969189, 0.245364, 0.0, -0.052766, -0.246186, 0.967785, 0.400001, 0.998372, 0.007976, 0.056463, 0.0, 0.0, 0.0, 0.0, 1.0],
                [-0.01695, 0.966147, 0.257433, -0.0, -0.039874, -0.257918, 0.965343, 0.4, 0.999061, 0.006098, 0.042896, -0.0, 0.0, 0.0, 0.0, 1.0],
                [-0.011387, 0.962463, 0.271173, -0.0, -0.025122, -0.27138, 0.962144, 0.4, 0.999619, 0.004143, 0.027269, -0.0, 0.0, 0.0, 0.0, 1.0],
                [-0.007118, 0.959597, 0.281288, -0.0, -0.01421, -0.281363, 0.959496, 0.4, 0.999874, 0.002833, 0.015639, -0.0, 0.0, 0.0, 0.0, 1.0],
                [0.002855, 0.952781, 0.303644, -0.0, 0.010067, -0.303657, 0.952728, 0.400001, 0.999946, 0.000337, -0.010458, -0.0, 0.0, 0.0, 0.0, 1.0]
            ]
        },
        {
            "name": "Arm_R",
            "time": [0.0, 0.1, 0.2, 0.2667, 0.3, 0.3333, 0.3667, 0.4, 0.7, 0.8, 0.9, 1.1, 1.2, 1.3, 1.5, 1.6],
            "transform": [
                [-0.443543, 0.669127, 0.596269, -1.9e-05, -0.67416, -0.687468, 0.269984, 0.388503, 0.59057, -0.282233, 0.75602, -0.00091, 0.0, 0.0, 0.0, 1.0],
                [-0.516969, -0.68527, 0.512977, -2e-05, -0.305883, -0.411815, -0.858394, 0.388502, 0.799483, -0.600675, 0.003282, -0.00091, 0.0, 0.0, 0.0, 1.0],
                [-0.031277, -0.445964, 0.894503, -2e-05, -0.786196, -0.541635, -0.297529, 0.388503, 0.617181, -0.712561, -0.333676, -0.00091, 0.0, 0.0, 0.0, 1.0],
                [0.274057, -0.495173, 0.824434, -1.9e-05, -0.585563, -0.765949, -0.265395, 0.388502, 0.762894, -0.410025, -0.49987, -0.00091, 0.0, 0.0, 0.0, 1.0],
                [0.412796, -0.759117, 0.503324, -1.9e-05, -0.291052, -0.633569, -0.716851, 0.388503, 0.863067, 0.149421, -0.482481, -0.00091, 0.0, 0.0, 0.0, 1.0],
                [0.292488, -0.711528, 0.638883, -1.9e-05, -0.186728, -0.697735, -0.691588, 0.388503, 0.937859, 0.082985, -0.336945, -0.00091, 0.0, 0.0, 0.0, 1.0],
                [0.241226, -0.918473, -0.313388, -1.9e-05, -0.161579, 0.280405, -0.946184, 0.388503, 0.956922, 0.278882, -0.080765, -0.00091, 0.0, 0.0, 0.0, 1.0],
                [0.219604, -0.972845, 0.073095, -1.9e-05, -0.215963, -0.121542, -0.968806, 0.388503, 0.951384, 0.196969, -0.236792, -0.00091, 0.0, 0.0, 0.0, 1.0],
                [-0.162516, -0.951509, -0.261183, -2e-05, 0.008124, 0.263401, -0.964651, 0.388503, 0.986671, -0.158893, -0.035077, -0.00091, 0.0, 0.0, 0.0, 1.0],
                [-0.380438, -0.914989, -0.134384, -1.9e-05, 0.143975, 0.084939, -0.985928, 0.388502, 0.913529, -0.394433, 0.099421, -0.00091, 0.0, 0.0, 0.0, 1.0],
                [-0.575491, -0.706007, 0.41275, -1.9e-05, 0.044589, -0.531041, -0.846171, 0.388502, 0.81659, -0.46856, 0.337089, -0.00091, 0.0, 0.0, 0.0, 1.0],
                [0.784371, -0.082009, 0.614846, -1.9e-05, -0.00481, -0.991995, -0.126177, 0.388503, 0.620273, 0.096011, -0.778486, -0.00091, 0.0, 0.0, 0.0, 1.0],
                [0.655699, -0.237548, -0.716678, -1.9e-05, -0.627153, -0.699886, -0.341809, 0.388503, -0.420398, 0.673591, -0.607896, -0.00091, 0.0, 0.0, 0.0, 1.0],
                [0.792578, -0.559574, -0.242272, -1.9e-05, -0.56467, -0.523583, -0.637971, 0.388502, 0.230142, 0.642445, -0.730956, -0.00091, 0.0, 0.0, 0.0, 1.0],
                [-0.510778, -0.793838, -0.330039, -1.9e-05, 0.415022, 0.108517, -0.903316, 0.388503, 0.752902, -0.598367, 0.274033, -0.00091, 0.0, 0.0, 0.0, 1.0],
                [0.048114, -0.433386, -0.899922, -1.9e-05, 0.89892, 0.41158, -0.150149, 0.388502, 0.435463, -0.801734, 0.409382, -0.00091, 0.0, 0.0, 0.0, 1.0]
            ]
        },
        {
            "name": "Hand_R",
            "time": [0.0, 0.1, 0.2, 0.2667, 0.3, 0.3333, 0.3667, 0.4, 0.7, 0.8, 0.9, 1.1, 1.2, 1.3, 1.6],
            "transform": [
                [1.0, 0.0, 0.0, 0.0, -0.0, 0.99999, -0.004409, 0.329779, -0.0, 0.004408, 0.99999, 0.0, 0.0, 0.0, 0.0, 1.0],
                [1.0, 0.0, 0.0, 0.0, -0.0, 0.999988, -0.004922, 0.329779, -0.0, 0.004921, 0.999988, -0.0, 0.0, 0.0, 0.0, 1.0],
                [1.0, 0.0, 0.0, 0.0, -0.0, 0.999988, -0.004986, 0.329779, -0.0, 0.004985, 0.999987, 0.0, 0.0, 0.0, 0.0, 1.0],
                [1.0, 0.0, 0.0, -0.0, -0.0, 0.999991, -0.004399, 0.329779, -0.0, 0.004399, 0.999991, 0.0, 0.0, 0.0, 0.0, 1.0],
                [0.999999, 0.0, 0.0, -0.0, -0.0, 0.999992, -0.003959, 0.329779, -0.0, 0.003959, 0.999993, -0.0, 0.0, 0.0, 0.0, 1.0],
                [0.999999, 0.0, 0.0, 0.0, -0.0, 0.999988, -0.004826, 0.329779, -0.0, 0.004826, 0.999989, 0.0, 0.0, 0.0, 0.0, 1.0],
                [0.999999, 1e-06, 0.0, -0.0, -0.0, 0.911999, -0.410193, 0.329779, -0.0, 0.410191, 0.911999, 0.0, 0.0, 0.0, 0.0, 1.0],
                [0.999999, 0.0, 0.0, -0.0, -0.0, 0.999988, -0.004887, 0.329779, -0.0, 0.004887, 0.999988, -0.0, 0.0, 0.0, 0.0, 1.0],
                [0.999999, 0.0, 0.0, 0.0, -0.0, 0.999988, -0.004961, 0.329779, -0.0, 0.004961, 0.999988, 0.0, 0.0, 0.0, 0.0, 1.0],
                [0.999999, 0.0, 0.0, 0.0, -0.0, 0.999988, -0.004898, 0.329779, -0.0, 0.004898, 0.999988, 0.0, 0.0, 0.0, 0.0, 1.0],
                [0.999999, 0.0, 0.0, 0.0, -0.0, 0.999989, -0.004673, 0.329779, -0.0, 0.004673, 0.999989, 0.0, 0.0, 0.0, 0.0, 1.0],
                [0.999999, 0.0, 0.0, -0.0, -0.0, 0.999987, -0.005206, 0.329779, -0.0, 0.005206, 0.999987, 0.0, 0.0, 0.0, 0.0, 1.0],
                [0.999999, 0.0, 0.0, 0.0, -0.0, 0.999987, -0.004966, 0.329779, -0.0, 0.004967, 0.999988, -0.0, 0.0, 0.0, 0.0, 1.0],
                [1.0, 0.0, 1e-06, -0.0, -0.0, 0.999986, -0.005302, 0.329779, -0.0, 0.005302, 0.999986, -0.0, 0.0, 0.0, 0.0, 1.0],
                [1.0, 0.0, 0.0, -0.0, -1e-06, 0.999988, -0.004836, 0.329779, -0.0, 0.004837, 0.999988, 0.0, 0.0, 0.0, 0.0, 1.0]
            ]
        },
        {
            "name": "Tool_R",
            "time": [0.0, 0.1, 0.15, 0.2, 0.2667, 0.3, 0.3333, 0.3667, 0.4, 0.7, 0.8, 0.9, 1.1, 1.15, 1.2, 1.3, 1.4, 1.5, 1.6],
            "transform": [
                [1.0, -0.0, -0.0, -0.02, -0.0, -0.94069, -0.339268, 0.291425, -0.0, 0.339268, -0.94069, -0.0, 0.0, 0.0, 0.0, 1.0],
                [1.0, -0.0, -0.0, -0.02, -0.0, -0.964628, -0.263615, 0.291425, -0.0, 0.263615, -0.964628, -0.0, 0.0, 0.0, 0.0, 1.0],
                [1.0, -0.0, -0.0, -0.02, -0.0, -0.993731, -0.111793, 0.366254, -0.0, 0.111793, -0.993732, 0.502727, 0.0, 0.0, 0.0, 1.0],
                [1.0, -0.0, 0.0, -0.02, -0.0, -0.998788, -0.049222, 0.342216, 0.0, 0.049222, -0.998788, 1.022891, 0.0, 0.0, 0.0, 1.0],
                [0.995343, 0.044796, -0.085358, 0.083406, 0.067591, -0.955653, 0.286633, -0.043134, -0.068733, -0.291068, -0.95423, 1.168454, 0.0, 0.0, 0.0, 1.0],
                [1.0, -0.0, -0.0, -0.02, -0.0, -0.998499, -0.05476, 0.393111, 0.0, 0.05476, -0.9985, 1.372084, 0.0, 0.0, 0.0, 1.0],
                [1.0, -0.0, 0.0, -0.02, -0.0, -0.922179, -0.386764, 0.440224, 0.0, 0.386763, -0.922179, 0.593322, 0.0, 0.0, 0.0, 1.0],
                [1.0, -0.0, 0.0, -0.02, -0.0, -0.734285, -0.678842, 0.625122, 0.0, 0.678842, -0.734285, 0.434718, 0.0, 0.0, 0.0, 1.0],
                [1.0, -0.0, 0.0, -0.020001, 0.0, -0.469967, -0.882684, 0.810019, 0.0, 0.882684, -0.469967, 0.276114, 0.0, 0.0, 0.0, 1.0],
                [1.0, -0.0, 0.0, -0.02, 0.0, -0.224606, -0.97445, 0.291425, 0.0, 0.97445, -0.224606, -0.0, 0.0, 0.0, 0.0, 1.0],
                [1.0, -0.0, 0.0, -0.02, 0.0, -0.224606, -0.97445, 0.291425, 0.0, 0.97445, -0.224606, -0.0, 0.0, 0.0, 0.0, 1.0],
                [-0.013091, -0.999914, 0.0, -0.02, -0.224586, 0.00294, -0.97445, 0.291425, 0.974366, -0.012757, -0.224606, -0.0, 0.0, 0.0, 0.0, 1.0],
                [-0.164005, 0.897337, -0.409741, -0.02, -0.723528, 0.172914, 0.668288, 0.291425, 0.670529, 0.406062, 0.62089, 0.0, 0.0, 0.0, 0.0, 1.0],
                [0.023378, -0.470433, -0.882126, -0.02, -0.946082, 0.274744, -0.171593, 0.291425, 0.323082, 0.838575, -0.438645, 0.0, 0.0, 0.0, 0.0, 1.0],
                [-0.378173, -0.538244, 0.753179, -0.02, -0.869076, -0.073843, -0.489136, 0.291426, 0.318892, -0.839548, -0.439849, -0.0, 0.0, 0.0, 0.0, 1.0],
                [-0.688541, 0.318518, -0.651504, -0.02, -0.603409, 0.246686, 0.758316, 0.291425, 0.402254, 0.915255, 0.022344, -0.0, 0.0, 0.0, 0.0, 1.0],
                [-0.988553, -0.150602, -0.009018, -0.02, -0.138272, 0.928294, -0.345182, 0.291425, 0.060357, -0.339983, -0.938493, -0.0, 0.0, 0.0, 0.0, 1.0],
                [-0.441283, 0.897327, -0.008511, -0.02, 0.788913, 0.383413, -0.48022, 0.060009, -0.427651, -0.218627, -0.877107, -0.154278, 0.0, 0.0, 0.0, 1.0],
                [-0.173649, 0.984808, -0.0, -0.02, 0.696364, 0.122788, -0.707107, -0.132839, -0.696364, -0.122789, -0.707107, -0.282843, 0.0, 0.0, 0.0, 1.0]
            ]
        },
        {
            "name": "Elbow_R",
            "time": [0.0, 0.1, 0.2, 0.2667, 0.3, 0.3333, 0.3667, 0.4, 0.7, 0.8, 0.9, 1.1, 1.2, 1.3, 1.6],
            "transform": [
                [-0.999999, -0.0, 1e-06, 0.0, 1e-06, 0.002205, -0.999997, 0.329779, -0.0, -0.999996, -0.002203, 0.0, 0.0, 0.0, 0.0, 1.0],
                [-0.999999, 0.0, 1e-06, -0.0, 0.0, 0.002459, -0.999995, 0.329779, 1e-06, -0.999996, -0.00246, -0.0, 0.0, 0.0, 0.0, 1.0],
                [-0.999999, 0.0, 1e-06, 0.0, -1e-06, 0.002492, -0.999996, 0.329779, 1e-06, -0.999997, -0.002492, -0.0, 0.0, 0.0, 0.0, 1.0],
                [-0.999999, -0.0, 0.0, -0.0, -0.0, 0.0022, -0.999997, 0.329779, -0.0, -0.999997, -0.002199, -0.0, 0.0, 0.0, 0.0, 1.0],
                [-0.999999, -0.0, 0.0, -0.0, 1e-06, 0.00198, -0.999997, 0.329779, -1e-06, -0.999997, -0.00198, -0.0, 0.0, 0.0, 0.0, 1.0],
                [-0.999999, -0.0, 1e-06, -0.0, 1e-06, 0.002414, -0.999995, 0.329779, -1e-06, -0.999995, -0.002413, 0.0, 0.0, 0.0, 0.0, 1.0],
                [-1.0, -0.0, -1e-06, 0.0, 1e-06, 0.209762, -0.977753, 0.329779, 0.0, -0.977752, -0.209762, 0.0, 0.0, 0.0, 0.0, 1.0],
                [-0.999999, -0.0, 1e-06, -0.0, 2e-06, 0.002443, -0.999995, 0.329779, 1e-06, -0.999994, -0.002443, 0.0, 0.0, 0.0, 0.0, 1.0],
                [-0.999999, -0.0, 1e-06, -0.0, 1e-06, 0.002479, -0.999995, 0.329779, 1e-06, -0.999995, -0.00248, 0.0, 0.0, 0.0, 0.0, 1.0],
                [-0.999999, -0.0, 1e-06, 0.0, 0.0, 0.002447, -0.999996, 0.329779, 2e-06, -0.999996, -0.002448, 0.0, 0.0, 0.0, 0.0, 1.0],
                [-0.999999, 0.0, 1e-06, -0.0, 0.0, 0.002335, -0.999996, 0.329779, 2e-06, -0.999996, -0.002336, -0.0, 0.0, 0.0, 0.0, 1.0],
                [-0.999996, 1e-06, -0.0, -0.0, 0.0, 0.002602, -0.999994, 0.329779, 0.0, -0.999996, -0.002604, 0.0, 0.0, 0.0, 0.0, 1.0],
                [-1.0, -1e-06, -1e-06, 0.0, 0.0, 0.002483, -0.999994, 0.329779, -1e-06, -0.999995, -0.002483, -0.0, 0.0, 0.0, 0.0, 1.0],
                [-1.0, -1e-06, -0.0, 0.0, 0.0, 0.002652, -0.999994, 0.329779, -1e-06, -0.999994, -0.002652, -0.0, 0.0, 0.0, 0.0, 1.0],
                [-0.999997, -1e-06, -0.0, 0.0, 1e-06, 0.002418, -0.999996, 0.329779, 1e-06, -0.999995, -0.002418, 0.0, 0.0, 0.0, 0.0, 1.0]
            ]
        },
        {
            "name": "Shoulder_L",
            "time": [0.0, 0.1, 0.2, 0.2667, 0.3, 0.3333, 0.3667, 0.4, 0.7, 0.8, 0.9, 1.1, 1.2, 1.3, 1.6],
            "transform": [
                [0.146659, -0.898167, -0.414473, 0.0, 0.05271, -0.411312, 0.909969, 0.400001, -0.987782, -0.155303, -0.01298, 0.0, 0.0, 0.0, 0.0, 1.0],
                [0.153342, -0.897399, -0.413715, 0.0, 0.055048, -0.410259, 0.910306, 0.400001, -0.986639, -0.162362, -0.01351, -0.0, 0.0, 0.0, 0.0, 1.0],
                [0.166687, -0.895721, -0.412187, -0.0, 0.0597, -0.408101, 0.910981, 0.4, -0.984201, -0.176457, -0.014551, -0.0, 0.0, 0.0, 0.0, 1.0],
                [-0.02773, -0.960162, -0.278061, 0.0, -0.007726, -0.277954, 0.960562, 0.400001, -0.999585, 0.028785, 0.000289, 0.0, 0.0, 0.0, 0.0, 1.0],
                [-0.185546, -0.911452, -0.367187, 0.0, -0.061361, -0.362199, 0.930078, 0.4, -0.980717, 0.195103, 0.011277, -0.0, 0.0, 0.0, 0.0, 1.0],
                [0.001758, -0.93079, -0.36555, -0.0, 0.000578, -0.365549, 0.930791, 0.4, -0.999997, -0.001847, -0.000104, -0.0, 0.0, 0.0, 0.0, 1.0],
                [0.191026, -0.912489, -0.361763, -0.0, 0.062557, -0.356483, 0.932205, 0.4, -0.979589, -0.200706, -0.011015, -0.0, 0.0, 0.0, 0.0, 1.0],
                [0.371074, -0.857632, -0.356049, -0.0, 0.120912, -0.335536, 0.934236, 0.4, -0.920697, -0.389721, -0.02081, -0.0, 0.0, 0.0, 0.0, 1.0],
                [0.363381, -0.857928, -0.3632, -0.0, 0.119975, -0.343511, 0.931454, 0.4, -0.923883, -0.382048, -0.021895, 0.0, 0.0, 0.0, 0.0, 1.0],
                [0.363381, -0.857928, -0.3632, -0.0, 0.119975, -0.34351, 0.931454, 0.4, -0.923883, -0.382048, -0.021895, -0.0, 0.0, 0.0, 0.0, 1.0],
                [0.363381, -0.857928, -0.3632, 0.0, 0.119975, -0.343511, 0.931454, 0.400001, -0.923883, -0.382048, -0.021895, 0.0, 0.0, 0.0, 0.0, 1.0],
                [0.264428, -0.897593, -0.35271, -0.0, 0.084476, -0.342765, 0.935615, 0.4, -0.960699, -0.277199, -0.014811, -0.0, 0.0, 0.0, 0.0, 1.0],
                [0.143073, -0.929695, -0.339406, -0.0, 0.043079, -0.336759, 0.940605, 0.4, -0.988774, -0.149196, -0.008131, -0.0, 0.0, 0.0, 0.0, 1.0],
                [0.049169, -0.943116, -0.328808, -0.0, 0.012521, -0.328598, 0.944387, 0.4, -0.998712, -0.050552, -0.004348, -0.0, 0.0, 0.0, 0.0, 1.0],
                [-0.165302, -0.938332, -0.303659, -0.0, -0.052691, -0.299052, 0.952781, 0.400001, -0.984835, 0.173496, -8e-06, -0.0, 0.0, 0.0, 0.0, 1.0]
            ]
        },
        {
            "name": "Arm_L",
            "time": [0.0, 0.1, 0.2, 0.2667, 0.3, 0.3333, 0.3667, 0.4, 0.7, 0.8, 0.9, 1.1, 1.2, 1.3, 1.6],
            "transform": [
                [-0.355611, -0.883207, 0.305754, 1.5e-05, 0.652596, -0.468824, -0.595249, 0.388444, 0.669072, -0.012143, 0.743097, -0.000724, 0.0, 0.0, 0.0, 1.0],
                [0.287849, 0.684064, 0.670224, 1.3e-05, -0.729268, 0.610186, -0.309579, 0.388414, -0.620733, -0.39966, 0.674508, -0.000631, 0.0, 0.0, 0.0, 1.0],
