{
    "animation": [
        {
            "name": "Root",
            "time": [0.0, 0.0833, 0.1167, 0.15, 0.2167, 0.2333, 0.2667, 0.3, 0.4, 0.6, 0.9, 1.1, 1.3, 1.5],
            "transform": [
                [-0.976677, 0.033806, 0.212038, -5e-06, 0.211009, -0.031584, 0.976974, 0.000946, 0.039724, 0.998929, 0.023714, 0.674836, 0.0, 0.0, 0.0, 1.0],
                [-0.037761, 0.06753, 0.997002, -5e-06, 0.891462, 0.453085, 0.003074, 0.142527, -0.451519, 0.888906, -0.077309, 0.455272, 0.0, 0.0, 0.0, 1.0],
                [0.629562, 0.002148, 0.776947, -5e-06, 0.65936, 0.527474, -0.535739, 0.239042, -0.41097, 0.849569, 0.330661, 0.41293, 0.0, 0.0, 0.0, 1.0],
                [0.851726, -0.025659, 0.523359, -5e-06, 0.452507, 0.53962, -0.709963, 0.558089, -0.264198, 0.841518, 0.471219, 0.405251, 0.0, 0.0, 0.0, 1.0],
                [0.926467, -0.008919, 0.37627, -5e-06, 0.330367, 0.49824, -0.801632, 0.671581, -0.180323, 0.866993, 0.46455, 0.520209, 0.0, 0.0, 0.0, 1.0],
                [0.991376, 0.000656, 0.131048, -5e-06, 0.118092, 0.429087, -0.89551, 0.74182, -0.056818, 0.903263, 0.425309, 0.524635, 0.0, 0.0, 0.0, 1.0],
                [0.881156, -0.009641, -0.472728, -5e-06, -0.438424, 0.357729, -0.824508, 1.012058, 0.177058, 0.933775, 0.310989, 0.529062, 0.0, 0.0, 0.0, 1.0],
                [0.589917, -0.049879, -0.805922, -5e-06, -0.76856, 0.271387, -0.579365, 1.162601, 0.247615, 0.961177, 0.121761, 0.590968, 0.0, 0.0, 0.0, 1.0],
                [0.300765, -1e-06, -0.953698, -5e-06, -0.933181, 0.206307, -0.294295, 1.162601, 0.196755, 0.978487, 0.062049, 0.619543, 0.0, 0.0, 0.0, 1.0],
                [-0.462182, 0.000624, -0.886785, -5e-06, -0.85815, 0.251755, 0.447435, 1.162601, 0.223532, 0.967791, -0.115821, 0.6881, 0.0, 0.0, 0.0, 1.0],
                [-0.648652, 0.099652, -0.754532, -5e-06, -0.731422, 0.192455, 0.654203, 1.162601, 0.210406, 0.976233, -0.051949, 0.6881, 0.0, 0.0, 0.0, 1.0],
                [-0.031009, 0.039466, -0.99874, -5e-06, -0.983472, 0.177129, 0.037534, 1.162601, 0.178387, 0.983396, 0.033321, 0.706645, 0.0, 0.0, 0.0, 1.0],
                [0.561074, 0.004328, -0.827754, -5e-06, -0.827035, 0.044933, -0.560352, 1.162601, 0.034769, 0.998981, 0.02879, 0.72519, 0.0, 0.0, 0.0, 1.0],
                [0.882948, -0.0, -0.469472, -5e-06, -0.469472, 0.0, -0.882948, 1.162601, 0.0, 1.0, -0.0, 0.743735, 0.0, 0.0, 0.0, 1.0]
            ]
        },
        {
            "name": "Thigh_R",
            "time": [0.0, 0.0833, 0.1167, 0.15, 0.2167, 0.2667, 0.3, 0.4, 0.6, 0.9, 1.1, 1.3, 1.5],
            "transform": [
                [0.895152, -0.419098, 0.151829, 0.124994, -0.440558, -0.883667, 0.158196, -0.002831, 0.067867, -0.208499, -0.975658, -1.2e-05, 0.0, 0.0, 0.0, 1.0],
                [0.612226, 0.727728, -0.309151, 0.124994, 0.78731, -0.525061, 0.32317, -0.00283, 0.072858, -0.441253, -0.89441, -1.2e-05, 0.0, 0.0, 0.0, 1.0],
                [0.438627, 0.278861, -0.854297, 0.124994, 0.873779, 0.089807, 0.477943, -0.002831, 0.210003, -0.956113, -0.204273, -1.2e-05, 0.0, 0.0, 0.0, 1.0],
                [0.898103, 0.063341, -0.435179, 0.124994, 0.438856, -0.065498, 0.896156, -0.00283, 0.02826, -0.995831, -0.086623, -1.2e-05, 0.0, 0.0, 0.0, 1.0],
                [0.977589, 0.089377, -0.190567, 0.124994, 0.210456, -0.399833, 0.89209, -0.002831, 0.003537, -0.912211, -0.409685, -1.2e-05, 0.0, 0.0, 0.0, 1.0],
                [0.995355, 0.086776, -0.041537, 0.124994, 0.096061, -0.920011, 0.379917, -0.002831, -0.005246, -0.382145, -0.92408, -1.2e-05, 0.0, 0.0, 0.0, 1.0],
                [0.979046, 0.195337, -0.057469, 0.124994, 0.201943, -0.96763, 0.151322, -0.00283, -0.02605, -0.159757, -0.986807, -1.2e-05, 0.0, 0.0, 0.0, 1.0],
                [0.959664, 0.277361, -0.045994, 0.124994, 0.278946, -0.918877, 0.27902, -0.002831, 0.035126, -0.280595, -0.959184, -1.2e-05, 0.0, 0.0, 0.0, 1.0],
                [0.994652, 0.102913, -0.008688, 0.124994, 0.100933, -0.950776, 0.292976, -0.00283, 0.021891, -0.292285, -0.95608, -1.2e-05, 0.0, 0.0, 0.0, 1.0],
                [0.999288, -0.037602, -0.002997, 0.124994, -0.033048, -0.911016, 0.411043, -0.00283, -0.018187, -0.41065, -0.911611, -1.2e-05, 0.0, 0.0, 0.0, 1.0],
                [0.998497, 0.01086, 0.053709, 0.124994, -0.001416, -0.974721, 0.223416, -0.00283, 0.054777, -0.223156, -0.973242, -1.2e-05, 0.0, 0.0, 0.0, 1.0],
                [0.973829, 0.202851, 0.102505, 0.124994, 0.196326, -0.978016, 0.07027, -0.002831, 0.114506, -0.048307, -0.992248, -1.2e-05, 0.0, 0.0, 0.0, 1.0],
                [0.970605, 0.153286, 0.185548, 0.124994, 0.189139, -0.962554, -0.194199, -0.002831, 0.148832, 0.223584, -0.963254, -1.2e-05, 0.0, 0.0, 0.0, 1.0]
            ]
        },
        {
            "name": "Leg_R",
            "time": [0.0, 0.0833, 0.1167, 0.15, 0.2167, 0.2667, 0.3, 0.4, 0.6, 0.9, 1.1, 1.3, 1.5],
            "transform": [
                [1.000003, 3e-06, 4e-06, -0.0, -4e-06, 0.946933, 0.321457, 0.37472, -3e-06, -0.321456, 0.946932, -0.0, 0.0, 0.0, 0.0, 1.0],
                [1.000007, -3e-06, 3e-06, -0.0, -4e-06, -0.242941, 0.970051, 0.37472, -2e-06, -0.970051, -0.242941, 0.0, 0.0, 0.0, 0.0, 1.0],
                [1.000009, -3e-06, 3e-06, 0.0, -4e-06, -0.202482, 0.979297, 0.37472, -2e-06, -0.979297, -0.202481, -0.0, 0.0, 0.0, 0.0, 1.0],
                [1.000009, -4e-06, 2e-06, -0.0, -4e-06, -0.50121, 0.865338, 0.37472, -2e-06, -0.865338, -0.501211, 0.0, 0.0, 0.0, 0.0, 1.0],
                [1.000009, -3e-06, 4e-06, -0.0, -4e-06, -0.101329, 0.994863, 0.37472, -2e-06, -0.994864, -0.101329, 0.0, 0.0, 0.0, 0.0, 1.0],
                [1.000007, -0.0, 5e-06, -0.0, -4e-06, 0.465229, 0.8852, 0.37472, -3e-06, -0.885199, 0.465229, -0.0, 0.0, 0.0, 0.0, 1.0],
                [1.000006, 2e-06, 4e-06, 0.0, -4e-06, 0.826148, 0.563465, 0.37472, -3e-06, -0.563465, 0.826147, -0.0, 0.0, 0.0, 0.0, 1.0],
                [1.0, 2e-06, 4e-06, 0.0, -4e-06, 0.866638, 0.498939, 0.37472, -2e-06, -0.498937, 0.866638, 0.0, 0.0, 0.0, 0.0, 1.0],
                [1.000001, 4e-06, 3e-06, 0.0, -4e-06, 0.999989, 0.004793, 0.37472, -2e-06, -0.004793, 0.999989, 0.0, 0.0, 0.0, 0.0, 1.0],
                [1.000001, 4e-06, 2e-06, -0.0, -4e-06, 0.999988, 0.00493, 0.37472, -2e-06, -0.00493, 0.999988, 0.0, 0.0, 0.0, 0.0, 1.0],
                [1.000001, 4e-06, 2e-06, -0.0, -4e-06, 0.999987, 0.005339, 0.37472, -2e-06, -0.005339, 0.999986, 0.0, 0.0, 0.0, 0.0, 1.0],
                [1.000001, 4e-06, 3e-06, 0.0, -4e-06, 0.988848, 0.148934, 0.37472, -2e-06, -0.148934, 0.988848, 0.0, 0.0, 0.0, 0.0, 1.0],
                [1.000002, 4e-06, 3e-06, -0.0, -4e-06, 0.99999, 0.004951, 0.37472, -3e-06, -0.004951, 0.999988, 0.0, 0.0, 0.0, 0.0, 1.0]
            ]
        },
        {
            "name": "Knee_R",
            "time": [0.0, 0.0833, 0.1167, 0.15, 0.2167, 0.2667, 0.3, 0.4, 0.6, 0.9, 1.1, 1.3, 1.5],
            "transform": [
                [1.0, 2e-06, -4e-06, -0.0, -4e-06, 3e-06, -1.0, 0.37472, -2e-06, 1.0, 3e-06, -0.0, 0.0, 0.0, 0.0, 1.0],
                [1.0, 2e-06, -4e-06, -0.0, -4e-06, 3e-06, -1.0, 0.37472, -2e-06, 1.0, 3e-06, 0.0, 0.0, 0.0, 0.0, 1.0],
                [1.0, 2e-06, -4e-06, 0.0, -4e-06, 3e-06, -1.0, 0.37472, -2e-06, 1.0, 3e-06, 0.0, 0.0, 0.0, 0.0, 1.0],
                [1.0, 2e-06, -4e-06, -0.0, -4e-06, 3e-06, -1.0, 0.37472, -2e-06, 1.0, 3e-06, 0.0, 0.0, 0.0, 0.0, 1.0],
                [1.0, 2e-06, -4e-06, -0.0, -4e-06, 3e-06, -1.0, 0.37472, -2e-06, 1.0, 3e-06, 0.0, 0.0, 0.0, 0.0, 1.0],
                [1.0, 2e-06, -4e-06, -0.0, -4e-06, 3e-06, -1.0, 0.37472, -2e-06, 1.0, 3e-06, -0.0, 0.0, 0.0, 0.0, 1.0],
                [1.0, 2e-06, -4e-06, 0.0, -4e-06, 3e-06, -1.0, 0.37472, -2e-06, 1.0, 3e-06, 0.0, 0.0, 0.0, 0.0, 1.0],
                [1.0, 2e-06, -4e-06, 0.0, -4e-06, 3e-06, -1.0, 0.37472, -2e-06, 1.0, 3e-06, 0.0, 0.0, 0.0, 0.0, 1.0],
                [1.0, 2e-06, -4e-06, 0.0, -4e-06, 3e-06, -1.0, 0.37472, -2e-06, 1.0, 3e-06, 0.0, 0.0, 0.0, 0.0, 1.0],
                [1.0, 2e-06, -4e-06, -0.0, -4e-06, 3e-06, -1.0, 0.37472, -2e-06, 1.0, 3e-06, -0.0, 0.0, 0.0, 0.0, 1.0],
                [1.0, 2e-06, -4e-06, 0.0, -4e-06, 3e-06, -1.0, 0.37472, -2e-06, 1.0, 3e-06, 0.0, 0.0, 0.0, 0.0, 1.0],
                [1.0, 2e-06, -4e-06, 0.0, -4e-06, 3e-06, -1.0, 0.37472, -2e-06, 1.0, 3e-06, 0.0, 0.0, 0.0, 0.0, 1.0],
                [1.0, 2e-06, -4e-06, -0.0, -4e-06, 3e-06, -1.0, 0.37472, -2e-06, 1.0, 3e-06, 0.0, 0.0, 0.0, 0.0, 1.0]
            ]
        },
        {
            "name": "Thigh_L",
            "time": [0.0, 0.0833, 0.1167, 0.15, 0.2167, 0.2667, 0.3, 0.4, 0.6, 0.9, 1.1, 1.3, 1.5],
            "transform": [
                [0.968537, 0.248828, 0.004694, -0.125006, 0.226343, -0.888543, 0.399075, -0.00283, 0.103471, -0.385455, -0.916907, -1.2e-05, 0.0, 0.0, 0.0, 1.0],
                [0.998557, 0.052615, 0.010771, -0.125006, 0.025692, -0.644102, 0.764507, -0.002831, 0.047162, -0.763128, -0.644525, -1.2e-05, 0.0, 0.0, 0.0, 1.0],
                [0.985717, -0.119287, 0.118887, -0.125006, -0.166779, -0.789567, 0.590567, -0.002831, 0.023422, -0.60196, -0.798184, -1.2e-05, 0.0, 0.0, 0.0, 1.0],
                [0.995031, -0.054523, 0.083314, -0.125006, -0.097998, -0.68433, 0.722557, -0.00283, 0.017618, -0.727131, -0.686273, -1.2e-05, 0.0, 0.0, 0.0, 1.0],
                [0.9997, 0.024413, 0.002126, -0.125006, 0.013461, -0.619556, 0.784837, -0.00283, 0.020477, -0.784573, -0.619699, -1.2e-05, 0.0, 0.0, 0.0, 1.0],
                [0.999151, 0.02927, -0.028999, -0.125006, 0.038551, -0.912536, 0.407177, -0.00283, -0.014545, -0.407949, -0.91289, -1.2e-05, 0.0, 0.0, 0.0, 1.0],
                [0.99943, -0.031701, 0.01167, -0.125006, -0.033584, -0.895161, 0.444477, -0.002831, -0.003644, -0.444615, -0.895715, -1.2e-05, 0.0, 0.0, 0.0, 1.0],
                [0.988878, 0.031486, -0.145365, -0.125006, 0.076162, -0.946676, 0.31306, -0.002831, -0.127756, -0.320648, -0.938545, -1.2e-05, 0.0, 0.0, 0.0, 1.0],
                [0.979837, 0.160994, -0.118328, -0.125006, 0.165938, -0.985581, 0.033127, -0.00283, -0.111288, -0.052094, -0.992423, -1.2e-05, 0.0, 0.0, 0.0, 1.0],
                [0.973559, 0.189884, -0.126993, -0.125006, 0.206343, -0.969503, 0.132244, -0.00283, -0.098009, -0.154951, -0.983049, -1.2e-05, 0.0, 0.0, 0.0, 1.0],
                [0.980423, 0.130253, -0.147668, -0.125006, 0.133246, -0.991028, 0.010517, -0.002831, -0.144973, -0.029987, -0.988982, -1.2e-05, 0.0, 0.0, 0.0, 1.0],
                [0.974154, 0.148801, -0.169953, -0.125006, 0.106332, -0.965874, -0.236182, -0.00283, -0.199297, 0.212006, -0.956731, -1.2e-05, 0.0, 0.0, 0.0, 1.0],
                [0.96937, -0.028051, -0.244001, -0.125006, -0.030089, -0.999537, -0.004628, -0.002831, -0.243758, 0.011828, -0.969764, -1.2e-05, 0.0, 0.0, 0.0, 1.0]
            ]
        },
        {
            "name": "Leg_L",
            "time": [0.0, 0.0833, 0.1167, 0.15, 0.2167, 0.2667, 0.3, 0.4, 0.6, 0.9, 1.1, 1.3, 1.5],
            "transform": [
                [0.999999, 1e-06, 1e-06, -0.0, -1e-06, 0.999986, 0.005245, 0.37472, -1e-06, -0.005245, 0.999986, 0.0, 0.0, 0.0, 0.0, 1.0],
                [0.999999, -1e-06, 1e-06, -0.0, -1e-06, 0.209467, 0.977815, 0.37472, -1e-06, -0.977815, 0.209467, 0.0, 0.0, 0.0, 0.0, 1.0],
                [0.999999, -1e-06, 1e-06, -0.0, -1e-06, 0.2804, 0.959882, 0.37472, -1e-06, -0.959883, 0.2804, 0.0, 0.0, 0.0, 0.0, 1.0],
                [0.999999, -1e-06, 1e-06, 0.0, -1e-06, -0.004114, 0.999991, 0.37472, -1e-06, -0.999991, -0.004114, -0.0, 0.0, 0.0, 0.0, 1.0],
                [1.0, -1e-06, 1e-06, 0.0, -1e-06, 0.163952, 0.986467, 0.37472, -1e-06, -0.986467, 0.163952, 0.0, 0.0, 0.0, 0.0, 1.0],
                [0.999999, -1e-06, 1e-06, 0.0, -1e-06, 0.292146, 0.956373, 0.37472, -1e-06, -0.956372, 0.292146, 0.0, 0.0, 0.0, 0.0, 1.0],
                [1.0, -1e-06, 1e-06, -0.0, -1e-06, 0.277503, 0.960724, 0.37472, -1e-06, -0.960723, 0.277503, 0.0, 0.0, 0.0, 0.0, 1.0],
                [0.999999, -0.0, 2e-06, -0.0, -1e-06, 0.475216, 0.879868, 0.37472, -1e-06, -0.879867, 0.475216, 0.0, 0.0, 0.0, 0.0, 1.0],
                [0.999999, 0.0, 1e-06, -0.0, -1e-06, 0.854803, 0.51895, 0.37472, -1e-06, -0.518951, 0.854803, -0.0, 0.0, 0.0, 0.0, 1.0],
                [0.999999, 1e-06, 2e-06, -0.0, -1e-06, 0.873713, 0.48644, 0.37472, -1e-06, -0.48644, 0.873714, 0.0, 0.0, 0.0, 0.0, 1.0],
                [0.999999, 1e-06, 1e-06, 0.0, -1e-06, 0.928317, 0.371787, 0.37472, -1e-06, -0.371787, 0.928317, -0.0, 0.0, 0.0, 0.0, 1.0],
                [0.999999, 1e-06, 1e-06, -0.0, -1e-06, 0.999983, 0.005667, 0.37472, -1e-06, -0.005667, 0.999983, -0.0, 0.0, 0.0, 0.0, 1.0],
                [0.999999, 1e-06, 1e-06, -0.0, -1e-06, 0.978365, 0.206882, 0.37472, -1e-06, -0.206882, 0.978364, 0.0, 0.0, 0.0, 0.0, 1.0]
            ]
        },
        {
            "name": "Knee_L",
            "time": [0.0, 0.0833, 0.1167, 0.15, 0.2167, 0.2667, 0.3, 0.4, 0.6, 0.9, 1.1, 1.3, 1.5],
            "transform": [
                [0.999997, 1e-06, -1e-06, 0.0, -2e-06, 0.002623, -0.999996, 0.37472, -0.0, 0.999993, 0.002624, -0.0, 0.0, 0.0, 0.0, 1.0],
                [1.000001, 1e-06, -1e-06, -0.0, -1e-06, 0.628703, -0.777645, 0.37472, -0.0, 0.777645, 0.628703, 0.0, 0.0, 0.0, 0.0, 1.0],
                [1.0, 1e-06, -1e-06, -0.0, -2e-06, 0.599834, -0.800124, 0.37472, -0.0, 0.800124, 0.599834, 0.0, 0.0, 0.0, 0.0, 1.0],
                [1.0, 1e-06, -0.0, 0.0, -1e-06, 0.708561, -0.70565, 0.37472, -0.0, 0.70565, 0.708561, -0.0, 0.0, 0.0, 0.0, 1.0],
                [1.0, 1e-06, -1e-06, 0.0, -1e-06, 0.646549, -0.762873, 0.37472, -0.0, 0.762873, 0.646548, 0.0, 0.0, 0.0, 0.0, 1.0],
                [1.0, 1e-06, -1e-06, 0.0, -1e-06, 0.594919, -0.803786, 0.37472, -0.0, 0.803786, 0.594919, 0.0, 0.0, 0.0, 0.0, 1.0],
                [1.0, 1e-06, -1e-06, -0.0, -1e-06, 0.60104, -0.799219, 0.37472, -0.0, 0.799219, 0.60104, 0.0, 0.0, 0.0, 0.0, 1.0],
                [1.0, 1e-06, -1e-06, 0.0, -2e-06, 0.512243, -0.858841, 0.37472, -1e-06, 0.858841, 0.512243, 0.0, 0.0, 0.0, 0.0, 1.0],
                [1.0, 1e-06, -1e-06, -0.0, -1e-06, 0.269442, -0.963017, 0.37472, -0.0, 0.963017, 0.269441, -0.0, 0.0, 0.0, 0.0, 1.0],
                [1.000001, 1e-06, -1e-06, -0.0, -1e-06, 0.251284, -0.967914, 0.37472, -1e-06, 0.967914, 0.251284, 0.0, 0.0, 0.0, 0.0, 1.0],
                [1.0, 1e-06, -1e-06, 0.0, -1e-06, 0.189318, -0.981916, 0.37472, -1e-06, 0.981916, 0.189318, -0.0, 0.0, 0.0, 0.0, 1.0],
                [0.999999, -1e-06, -1e-06, -0.0, -1e-06, 0.002834, -0.999996, 0.37472, 1e-06, 0.999995, 0.002834, 0.0, 0.0, 0.0, 0.0, 1.0],
                [1.0, 1e-06, -1e-06, 0.0, -1e-06, 0.104007, -0.994577, 0.37472, -0.0, 0.994577, 0.104007, -0.0, 0.0, 0.0, 0.0, 1.0]
            ]
        },
        {
            "name": "Torso",
            "time": [0.0, 0.0833, 0.1167, 0.15, 0.2167, 0.2667, 0.3, 0.4, 0.6, 0.9, 1.1, 1.3, 1.5],
            "transform": [
                [0.997506, -0.035221, -0.061176, 0.0, 0.029055, 0.994672, -0.098912, 0.05, 0.064333, 0.096888, 0.993214, 0.0, 0.0, 0.0, 0.0, 1.0],
                [0.999307, 0.005296, -0.03685, 0.0, -0.006618, 0.999336, -0.035829, 0.05, 0.036636, 0.036048, 0.998678, -0.0, 0.0, 0.0, 0.0, 1.0],
                [0.999854, 0.01141, -0.012699, 0.0, -0.012383, 0.996765, -0.079409, 0.05, 0.011751, 0.079554, 0.996761, -0.0, 0.0, 0.0, 0.0, 1.0],
                [0.999889, 0.014851, -0.000753, 0.0, -0.014851, 0.994761, -0.101144, 0.05, -0.000753, 0.101144, 0.994871, -0.0, 0.0, 0.0, 0.0, 1.0],
                [0.999978, -0.006599, 0.000236, -0.0, 0.006599, 0.997411, -0.071616, 0.05, 0.000237, 0.071616, 0.997432, 0.0, 0.0, 0.0, 0.0, 1.0],
                [0.994579, -0.103093, -0.013605, -0.0, 0.103274, 0.994563, 0.013369, 0.05, 0.012153, -0.014701, 0.999818, -0.0, 0.0, 0.0, 0.0, 1.0],
                [0.993509, -0.113672, -0.004374, 0.0, 0.113672, 0.990562, 0.076592, 0.05, -0.004374, -0.076592, 0.997053, 0.0, 0.0, 0.0, 0.0, 1.0],
                [0.994276, -0.099799, 0.038167, 0.0, 0.10265, 0.991335, -0.081969, 0.05, -0.029656, 0.085417, 0.995904, 0.0, 0.0, 0.0, 0.0, 1.0],
                [0.99992, 0.012606, -0.000973, 0.0, -0.012606, 0.988094, -0.153334, 0.05, -0.000972, 0.153334, 0.988174, -0.0, 0.0, 0.0, 0.0, 1.0],
                [0.99992, 0.012606, -0.000972, -0.0, -0.012606, 0.988094, -0.153334, 0.05, -0.000972, 0.153334, 0.988174, 0.0, 0.0, 0.0, 0.0, 1.0],
                [0.999183, -0.00774, -0.039666, 0.0, 0.003846, 0.995244, -0.097344, 0.05, 0.04023, 0.097111, 0.99446, -0.0, 0.0, 0.0, 0.0, 1.0],
                [0.996505, -0.025865, -0.079426, -0.0, 0.022606, 0.998876, -0.041662, 0.05, 0.080415, 0.039721, 0.99597, -0.0, 0.0, 0.0, 0.0, 1.0],
                [0.991907, -0.041629, -0.119948, -0.0, 0.043531, 0.998964, 0.013283, 0.05, 0.119271, -0.018397, 0.992691, 0.0, 0.0, 0.0, 0.0, 1.0]
            ]
        },
        {
            "name": "Chest",
            "time": [0.0, 0.0833, 0.1167, 0.15, 0.2167, 0.2667, 0.3, 0.4, 0.6, 0.9, 1.1, 1.3, 1.5],
            "transform": [
                [0.065903, -0.074954, 0.995007, 0.0, 0.035331, 0.996725, 0.072743, 0.3, -0.9972, 0.03036, 0.068335, -0.0, 0.0, 0.0, 0.0, 1.0],
                [-0.193255, -0.167945, 0.966668, -0.0, 0.102666, 0.976371, 0.190155, 0.3, -0.975762, 0.135992, -0.171446, 0.0, 0.0, 0.0, 0.0, 1.0],
                [0.433979, -0.305626, 0.847499, -0.0, 0.321369, 0.931333, 0.171295, 0.3, -0.841656, 0.198021, 0.502398, 0.0, 0.0, 0.0, 0.0, 1.0],
                [0.659766, -0.254051, 0.707225, -0.0, 0.373023, 0.927705, -0.014738, 0.3, -0.652352, 0.273535, 0.706835, -0.0, 0.0, 0.0, 0.0, 1.0],
                [0.7852, -0.117219, 0.608048, 0.0, 0.254813, 0.956097, -0.144737, 0.3, -0.564387, 0.268586, 0.780596, -0.0, 0.0, 0.0, 0.0, 1.0],
                [0.993829, -0.042055, 0.10264, 0.0, 0.061675, 0.978623, -0.196199, 0.3, -0.092195, 0.201318, 0.975177, -0.0, 0.0, 0.0, 0.0, 1.0],
                [0.970623, 0.008809, -0.240444, -0.0, -0.073596, 0.962302, -0.261837, 0.3, 0.229073, 0.271841, 0.934681, -0.0, 0.0, 0.0, 0.0, 1.0],
                [0.219524, -0.037867, -0.974872, -0.0, 0.025515, 0.999127, -0.033064, 0.3, 0.975273, -0.017616, 0.220299, -0.0, 0.0, 0.0, 0.0, 1.0],
                [0.69951, 0.002306, -0.714619, -0.0, -0.007016, 0.999969, -0.00364, 0.3, 0.714588, 0.00756, 0.699505, 0.0, 0.0, 0.0, 0.0, 1.0],
                [0.69951, 0.002306, -0.714619, 0.0, -0.007016, 0.999969, -0.00364, 0.3, 0.714588, 0.00756, 0.699505, -0.0, 0.0, 0.0, 0.0, 1.0],
                [0.759721, -0.000262, -0.65025, -0.0, -0.010707, 0.999859, -0.012913, 0.3, 0.650162, 0.016773, 0.759611, -0.0, 0.0, 0.0, 0.0, 1.0],
                [0.814138, -0.002012, -0.580667, -0.0, -0.013572, 0.999655, -0.022492, 0.3, 0.580512, 0.026192, 0.81383, -0.0, 0.0, 0.0, 0.0, 1.0],
                [0.862121, -0.002923, -0.506694, -0.0, -0.015575, 0.999358, -0.032265, 0.3, 0.506463, 0.035709, 0.861522, 0.0, 0.0, 0.0, 0.0, 1.0]
            ]
        },
        {
            "name": "Head",
            "time": [0.0, 0.0833, 0.1167, 0.15, 0.2167, 0.2333, 0.2667, 0.3, 0.4, 0.6, 0.9, 1.1, 1.3, 1.5],
            "transform": [
                [-0.369627, 0.492648, -0.787828, 0.0, 0.050096, 0.857207, 0.512529, 0.400001, 0.927829, 0.149977, -0.341526, 0.0, 0.0, 0.0, 0.0, 1.0],
                [-0.385992, 0.380327, -0.840453, 0.0, 0.350767, 0.903138, 0.247597, 0.4, 0.853213, -0.199233, -0.48201, 0.0, 0.0, 0.0, 0.0, 1.0],
                [0.073301, 0.163073, -0.983887, 0.0, 0.076022, 0.982757, 0.16855, 0.4, 0.994408, -0.087152, 0.05964, 0.0, 0.0, 0.0, 0.0, 1.0],
                [0.33824, -0.053139, -0.939558, 0.0, -0.01884, 0.997822, -0.063216, 0.4, 0.940871, 0.039083, 0.336502, 0.0, 0.0, 0.0, 0.0, 1.0],
                [0.591541, -0.074983, -0.802781, 0.0, 0.02067, 0.996749, -0.077869, 0.4, 0.80601, 0.029469, 0.591168, -0.0, 0.0, 0.0, 0.0, 1.0],
                [0.85188, 0.053885, -0.520959, 0.0, -0.086498, 0.995509, -0.038473, 0.4, 0.516546, 0.077836, 0.852715, 0.0, 0.0, 0.0, 0.0, 1.0],
                [0.891741, 0.252291, 0.375695, -0.0, -0.216188, 0.966818, -0.136109, 0.400001, -0.397567, 0.040153, 0.916694, -0.0, 0.0, 0.0, 0.0, 1.0],
                [0.38528, 0.166334, 0.907685, 0.0, -0.267708, 0.961467, -0.062557, 0.4, -0.883115, -0.218892, 0.414963, 0.0, 0.0, 0.0, 0.0, 1.0],
                [-0.555408, -0.092762, 0.826388, 0.0, -0.291391, 0.952462, -0.088928, 0.4, -0.778853, -0.290193, -0.556035, -0.0, 0.0, 0.0, 0.0, 1.0],
                [-0.433638, -0.256328, 0.86386, -0.0, -0.386946, 0.918765, 0.078381, 0.400001, -0.813775, -0.300278, -0.497597, 0.0, 0.0, 0.0, 0.0, 1.0],
                [-0.642726, -0.209088, 0.737011, -0.0, -0.290365, 0.956743, 0.018207, 0.400001, -0.708937, -0.2023, -0.675635, 0.0, 0.0, 0.0, 0.0, 1.0],
                [-0.244768, -0.067809, 0.967208, -0.0, -0.204123, 0.978798, 0.016964, 0.4, -0.947851, -0.193277, -0.25342, -0.0, 0.0, 0.0, 0.0, 1.0],
                [0.199827, -0.068483, 0.977435, -0.0, -0.086151, 0.992463, 0.087149, 0.4, -0.976037, -0.101621, 0.192421, -0.0, 0.0, 0.0, 0.0, 1.0],
                [0.510053, -0.039893, 0.859217, 0.0, -0.027636, 0.997648, 0.062726, 0.400001, -0.859699, -0.055739, 0.507751, 0.0, 0.0, 0.0, 0.0, 1.0]
            ]
        },
        {
            "name": "Shoulder_R",
            "time": [0.0, 0.0833, 0.1167, 0.15, 0.2167, 0.2667, 0.3, 0.4, 0.6, 0.9, 1.1, 1.3, 1.5],
            "transform": [
                [-0.162099, 0.965608, 0.203285, 0.0, 0.043405, -0.198833, 0.979072, 0.400001, 0.98582, 0.16753, -0.009682, 0.0, 0.0, 0.0, 0.0, 1.0],
                [0.216061, 0.926151, 0.309127, 0.0, -0.057861, -0.303903, 0.950944, 0.4, 0.974664, -0.223348, -0.012073, 0.0, 0.0, 0.0, 0.0, 1.0],
                [0.116647, 0.961408, 0.249172, 0.0, -0.03124, -0.247209, 0.968459, 0.4, 0.992682, -0.120752, 0.001198, 0.0, 0.0, 0.0, 0.0, 1.0],
                [0.089533, 0.970386, 0.224353, 0.0, -0.023979, -0.223092, 0.974503, 0.4, 0.995695, -0.09263, 0.003295, 0.0, 0.0, 0.0, 0.0, 1.0],
                [0.482982, 0.844714, 0.230623, 0.0, -0.129339, -0.191668, 0.9729, 0.4, 0.866025, -0.499721, 0.016683, -0.0, 0.0, 0.0, 0.0, 1.0],
                [-0.010222, 0.990917, 0.134082, -0.0, 0.002734, -0.134061, 0.99097, 0.400001, 0.999944, 0.010496, -0.001339, -0.0, 0.0, 0.0, 0.0, 1.0],
                [-0.055113, 0.993957, 0.094925, 0.0, 0.014756, -0.094248, 0.99544, 0.4, 0.998371, 0.056262, -0.009472, 0.0, 0.0, 0.0, 0.0, 1.0],
                [0.482982, 0.817843, 0.312829, 0.0, -0.129339, -0.28671, 0.949246, 0.4, 0.866025, -0.49893, -0.032696, -0.0, 0.0, 0.0, 0.0, 1.0],
                [0.482982, 0.818905, 0.310036, -0.0, -0.129339, -0.283468, 0.95022, 0.400001, 0.866025, -0.499038, -0.030993, 0.0, 0.0, 0.0, 0.0, 1.0],
                [0.482982, 0.81169, 0.328463, -0.0, -0.129339, -0.304869, 0.943571, 0.400001, 0.866025, -0.49821, -0.042263, 0.0, 0.0, 0.0, 0.0, 1.0],
                [-0.052991, 0.942014, 0.331364, -0.0, 0.014187, -0.331086, 0.943494, 0.4, 0.998494, 0.054698, 0.00418, -0.0, 0.0, 0.0, 0.0, 1.0],
                [-0.026433, 0.947833, 0.317669, -0.0, 0.007076, -0.317594, 0.948201, 0.4, 0.999626, 0.027312, 0.001689, -0.0, 0.0, 0.0, 0.0, 1.0],
                [0.000148, 0.95278, 0.30366, 0.0, -4.3e-05, -0.30366, 0.952781, 0.400001, 1.0, -0.000154, -4e-06, 0.0, 0.0, 0.0, 0.0, 1.0]
            ]
        },
        {
            "name": "Arm_R",
            "time": [0.0, 0.0833, 0.1167, 0.15, 0.2167, 0.2333, 0.2667, 0.3, 0.4, 0.6, 0.9, 1.1, 1.3, 1.5],
            "transform": [
                [-0.076923, -0.996992, -0.00946, -1.9e-05, 0.909666, -0.074063, 0.408685, 0.388503, -0.408157, 0.022832, 0.912626, -0.00091, 0.0, 0.0, 0.0, 1.0],
                [-0.060878, -0.934012, -0.352013, -1.9e-05, 0.701828, 0.21071, -0.680465, 0.388503, 0.709737, -0.288479, 0.642691, -0.00091, 0.0, 0.0, 0.0, 1.0],
                [-0.452459, -0.707027, 0.543499, -1.9e-05, -0.173645, -0.527936, -0.831341, 0.388502, 0.874714, -0.470525, 0.116098, -0.00091, 0.0, 0.0, 0.0, 1.0],
                [-0.240823, -0.874425, 0.42117, -1.9e-05, -0.328084, -0.335055, -0.883231, 0.388503, 0.913434, -0.350883, -0.206196, -0.00091, 0.0, 0.0, 0.0, 1.0],
                [-0.237414, -0.850897, -0.46862, -1.9e-05, -0.204883, 0.515424, -0.832081, 0.388502, 0.949556, -0.101535, -0.296704, -0.00091, 0.0, 0.0, 0.0, 1.0],
                [0.069934, -0.603739, -0.794108, -1.9e-05, -0.216942, 0.767799, -0.602842, 0.388503, 0.973675, 0.214435, -0.077281, -0.00091, 0.0, 0.0, 0.0, 1.0],
                [0.222756, -0.530439, -0.817932, -1.9e-05, -0.130313, 0.81528, -0.56421, 0.388502, 0.966124, 0.232271, 0.112486, -0.000911, 0.0, 0.0, 0.0, 1.0],
                [0.052383, -0.674711, -0.736219, -1.9e-05, -0.031888, 0.735725, -0.676528, 0.388503, 0.998116, 0.058916, 0.017024, -0.00091, 0.0, 0.0, 0.0, 1.0],
                [-0.126461, -0.656314, -0.743815, -1.9e-05, -0.006734, 0.750384, -0.660967, 0.388502, 0.991948, -0.078577, -0.099314, -0.00091, 0.0, 0.0, 0.0, 1.0],
                [-0.299423, -0.560908, -0.771832, -1.9e-05, -0.051878, 0.817321, -0.573841, 0.388502, 0.952707, -0.13178, -0.273825, -0.00091, 0.0, 0.0, 0.0, 1.0],
                [-0.125624, -0.589285, -0.798098, -1.9e-05, 0.311837, 0.740241, -0.59565, 0.388503, 0.941792, -0.323705, 0.09077, -0.00091, 0.0, 0.0, 0.0, 1.0],
                [0.147227, -0.492411, -0.857819, -2e-05, 0.579331, 0.745867, -0.328717, 0.388503, 0.801684, -0.448567, 0.395083, -0.00091, 0.0, 0.0, 0.0, 1.0],
                [0.229991, -0.585541, -0.777332, -1.9e-05, 0.88194, 0.463092, -0.087891, 0.388503, 0.411442, -0.665346, 0.62292, -0.00091, 0.0, 0.0, 0.0, 1.0],
                [0.113828, -0.068757, -0.991118, -1.9e-05, 0.80168, 0.595595, 0.050753, 0.388503, 0.586816, -0.800336, 0.122917, -0.00091, 0.0, 0.0, 0.0, 1.0]
            ]
        },
        {
            "name": "Hand_R",
            "time": [0.0, 0.0833, 0.1167, 0.15, 0.2167, 0.2667, 0.3, 0.4, 0.6, 0.9, 1.1, 1.3, 1.5],
            "transform": [
                [1.0, 1e-06, 0.0, -0.0, -0.0, 0.999989, -0.004735, 0.329779, -0.0, 0.004734, 0.999989, 0.0, 0.0, 0.0, 0.0, 1.0],
                [1.000002, 0.0, 0.0, -0.0, -0.0, 0.999991, -0.004521, 0.329779, -0.0, 0.004521, 0.999991, -0.0, 0.0, 0.0, 0.0, 1.0],
                [1.000001, 0.0, 0.0, -0.0, -0.0, 0.999992, -0.004334, 0.329779, -0.0, 0.004334, 0.999991, -0.0, 0.0, 0.0, 0.0, 1.0],
                [1.000001, 0.0, 0.0, -0.0, -0.0, 0.999988, -0.005026, 0.329779, -0.0, 0.005026, 0.999988, 0.0, 0.0, 0.0, 0.0, 1.0],
                [1.0, 0.0, 0.0, -0.0, -0.0, 1.000001, -0.0, 0.329779, -0.0, 0.0, 1.000002, 0.0, 0.0, 0.0, 0.0, 1.0],
                [1.000002, 0.0, 0.0, 0.0, -0.0, 0.99999, -0.0048, 0.329779, -0.0, 0.0048, 0.999988, -0.0, 0.0, 0.0, 0.0, 1.0],
                [1.000002, 0.0, 0.0, 0.0, -0.0, 0.999992, -0.004449, 0.329779, -0.0, 0.004449, 0.99999, 0.0, 0.0, 0.0, 0.0, 1.0],
                [1.000001, 0.0, 0.0, -0.0, -0.0, 1.000001, -0.0, 0.329779, -0.0, 0.0, 0.999999, -0.0, 0.0, 0.0, 0.0, 1.0],
                [1.000001, 0.0, 0.0, -0.0, -0.0, 1.000001, -0.0, 0.329779, -0.0, 0.0, 1.0, 0.0, 0.0, 0.0, 0.0, 1.0],
                [1.000001, 0.0, 0.0, 0.0, -0.0, 1.000001, -0.0, 0.329779, -0.0, 0.0, 1.0, 0.0, 0.0, 0.0, 0.0, 1.0],
                [1.000001, 0.0, 0.0, -0.0, -0.0, 1.0, -0.0, 0.329779, -0.0, 0.0, 1.0, -0.0, 0.0, 0.0, 0.0, 1.0],
                [1.0, 0.0, 1e-06, 0.0, -0.0, 1.000001, -0.0, 0.329779, -0.0, 0.0, 1.0, -0.0, 0.0, 0.0, 0.0, 1.0],
                [1.0, 0.0, 0.0, -0.0, -0.0, 0.952601, -0.304225, 0.329779, -0.0, 0.304225, 0.9526, -0.0, 0.0, 0.0, 0.0, 1.0]
            ]
        },
        {
            "name": "Tool_R",
            "time": [0.0, 0.05, 0.0833, 0.1167, 0.15, 0.2167, 0.2667, 0.3, 0.4, 0.6, 0.9, 1.1, 1.3, 1.3167, 1.5],
            "transform": [
                [-0.173649, -0.984808, -0.0, -0.02, -0.913783, 0.161125, 0.372879, 0.291425, -0.367215, 0.06475, -0.92788, -0.0, 0.0, 0.0, 0.0, 1.0],
                [0.600691, -0.795152, 0.083098, -0.02, -0.742248, -0.593286, -0.311576, 0.291425, 0.297051, 0.125482, -0.946582, -0.0, 0.0, 0.0, 0.0, 1.0],
                [1.000001, 2e-06, 0.0, -0.02, 2e-06, -0.984228, -0.176903, 0.291425, 0.0, 0.176903, -0.984228, 0.0, 0.0, 0.0, 0.0, 1.0],
                [1.0, 0.0, 0.0, -0.02, 0.0, -0.97441, -0.224779, 0.462375, 0.0, 0.224779, -0.97441, 0.474824, 0.0, 0.0, 0.0, 1.0],
                [1.0, -0.0, 0.0, -0.02, -0.0, -0.99526, 0.097247, 0.382366, 0.0, -0.097247, -0.99526, 1.182595, 0.0, 0.0, 0.0, 1.0],
                [0.973188, 0.170282, 0.154628, -0.179671, 0.092936, -0.906043, 0.412856, -0.071789, 0.210401, -0.387416, -0.897575, 1.143604, 0.0, 0.0, 0.0, 1.0],
                [0.995462, 0.080467, 0.050789, -0.037097, 0.068871, -0.977584, 0.198967, 0.11769, 0.06566, -0.194566, -0.97869, 0.70937, 0.0, 0.0, 0.0, 1.0],
                [1.0, 1e-06, -0.0, -0.02, 0.0, -0.89169, -0.452646, 0.720445, -0.0, 0.452647, -0.891691, 0.777116, 0.0, 0.0, 0.0, 1.0],
                [1.0, 0.0, 0.0, -0.02, 0.0, -0.666522, -0.745485, 0.646444, -0.0, 0.745485, -0.666522, 0.296523, 0.0, 0.0, 0.0, 1.0],
                [1.0, 0.0, -0.0, -0.02, -0.0, -0.599013, -0.80074, 0.291425, -0.0, 0.800739, -0.599012, 0.0, 0.0, 0.0, 0.0, 1.0],
                [1.0, -0.0, -0.0, -0.02, -0.0, -0.278558, -0.96042, 0.291425, -0.0, 0.960419, -0.278558, -0.0, 0.0, 0.0, 0.0, 1.0],
                [0.953717, 0.270613, -0.13112, -0.02, 0.064002, -0.608726, -0.790795, 0.230816, -0.293816, 0.745802, -0.597872, -0.040406, 0.0, 0.0, 0.0, 1.0],
                [0.804461, 0.503902, -0.314524, -0.02, 0.137747, -0.673317, -0.726409, 0.170207, -0.577813, 0.541043, -0.611069, -0.080812, 0.0, 0.0, 0.0, 1.0],
                [0.754663, 0.589981, -0.287067, -0.02, 0.218047, -0.638177, -0.738367, 0.144953, -0.618822, 0.494623, -0.610252, -0.097648, 0.0, 0.0, 0.0, 1.0],
                [-0.173649, 0.984808, -0.0, -0.02, 0.696365, 0.122788, -0.707107, -0.132839, -0.696364, -0.122788, -0.707107, -0.282843, 0.0, 0.0, 0.0, 1.0]
            ]
        },
        {
            "name": "Elbow_R",
            "time": [0.0, 0.0833, 0.1167, 0.15, 0.2167, 0.2667, 0.3, 0.4, 0.6, 0.9, 1.1, 1.3, 1.5],
            "transform": [
                [-0.999999, -1e-06, -1e-06, -0.0, 2e-06, 0.002366, -0.999996, 0.329779, -0.0, -0.999997, -0.002366, 0.0, 0.0, 0.0, 0.0, 1.0],
                [-1.000003, -0.0, 0.0, 0.0, 1e-06, 0.002259, -0.999997, 0.329779, 1e-06, -0.999998, -0.00226, 0.0, 0.0, 0.0, 0.0, 1.0],
                [-1.0, -0.0, 1e-06, -0.0, -0.0, 0.002166, -0.999998, 0.329779, 1e-06, -0.999998, -0.002167, -0.0, 0.0, 0.0, 0.0, 1.0],
                [-1.0, -0.0, 1e-06, -0.0, -1e-06, 0.002513, -0.999996, 0.329779, 1e-06, -0.999997, -0.002513, 0.0, 0.0, 0.0, 0.0, 1.0],
                [-1.0, -0.0, -1e-06, 0.0, 1e-06, 0.0, -1.000001, 0.329779, 0.0, -1.000002, -0.0, 0.0, 0.0, 0.0, 0.0, 1.0],
                [-1.0, -0.0, 1e-06, 0.0, 2e-06, 0.002401, -0.999997, 0.329779, -0.0, -0.999995, -0.0024, -0.0, 0.0, 0.0, 0.0, 1.0],
                [-1.0, 0.0, 0.0, 0.0, 2e-06, 0.002224, -0.999997, 0.329779, 0.0, -0.999996, -0.002225, 0.0, 0.0, 0.0, 0.0, 1.0],
                [-1.0, 0.0, -1e-06, -0.0, 0.0, 0.0, -1.000001, 0.329779, 0.0, -1.0, -0.0, 0.0, 0.0, 0.0, 0.0, 1.0],
                [-1.000001, -0.0, -1e-06, 0.0, 0.0, 0.0, -1.000001, 0.329779, 0.0, -1.0, -0.0, 0.0, 0.0, 0.0, 0.0, 1.0],
                [-1.000001, -0.0, -1e-06, 0.0, 1e-06, 0.0, -1.000001, 0.329779, -0.0, -1.000001, -0.0, -0.0, 0.0, 0.0, 0.0, 1.0],
                [-1.000001, -0.0, -1e-06, -0.0, 0.0, 0.0, -1.000001, 0.329779, 0.0, -1.0, -0.0, -0.0, 0.0, 0.0, 0.0, 1.0],
                [-1.000001, 0.0, -0.0, 0.0, 0.0, -0.0, -1.000001, 0.329779, 0.0, -1.0, -0.0, -0.0, 0.0, 0.0, 0.0, 1.0],
                [-1.0, 0.0, -1e-06, 0.0, 0.0, 0.153948, -0.98808, 0.329779, 0.0, -0.988079, -0.153948, -0.0, 0.0, 0.0, 0.0, 1.0]
            ]
        },
        {
            "name": "Shoulder_L",
            "time": [0.0, 0.0833, 0.1167, 0.15, 0.2167, 0.2667, 0.3, 0.4, 0.6, 0.9, 1.1, 1.3, 1.5],
            "transform": [
                [0.355575, -0.863582, -0.357479, 0.0, 0.095218, -0.347014, 0.933013, 0.400001, -0.929785, -0.365794, -0.041161, 0.0, 0.0, 0.0, 0.0, 1.0],
                [0.276461, -0.879257, -0.387912, 0.0, 0.074033, -0.38296, 0.920794, 0.4, -0.95817, -0.283282, -0.04078, 0.0, 0.0, 0.0, 0.0, 1.0],
                [-0.197166, -0.915836, -0.349812, 0.0, -0.052799, -0.346379, 0.936608, 0.4, -0.978948, 0.203137, 0.019939, 0.0, 0.0, 0.0, 0.0, 1.0],
                [-0.25001, -0.922069, -0.295438, 0.0, -0.06695, -0.287934, 0.955307, 0.4, -0.965927, 0.258615, 0.010254, 0.0, 0.0, 0.0, 0.0, 1.0],
                [-0.125917, -0.935313, -0.330656, 0.0, -0.033719, -0.329081, 0.9437, 0.4, -0.991468, 0.129977, 0.009899, -0.0, 0.0, 0.0, 0.0, 1.0],
                [-0.017511, -0.953272, -0.301603, -0.0, -0.004689, -0.301567, 0.953433, 0.400001, -0.999836, 0.018109, 0.00081, -0.0, 0.0, 0.0, 0.0, 1.0],
                [0.054853, -0.957603, -0.282821, 0.0, 0.014689, -0.282443, 0.959172, 0.4, -0.998387, -0.056767, -0.001427, 0.0, 0.0, 0.0, 0.0, 1.0],
                [-0.065013, -0.904215, -0.422101, 0.0, -0.01741, -0.421904, 0.906473, 0.4, -0.997733, 0.066282, 0.011687, -0.0, 0.0, 0.0, 0.0, 1.0],
                [0.018829, -0.906191, -0.42245, -0.0, 0.005042, -0.422433, 0.90638, 0.400001, -0.99981, -0.019197, -0.003385, 0.0, 0.0, 0.0, 0.0, 1.0],
                [-0.036427, -0.905695, -0.422362, -0.0, -0.009755, -0.4223, 0.906404, 0.400001, -0.999289, 0.037137, 0.006548, 0.0, 0.0, 0.0, 0.0, 1.0],
                [-0.073625, -0.903604, -0.421994, -0.0, -0.019716, -0.421741, 0.906502, 0.4, -0.997091, 0.075062, 0.013235, -0.0, 0.0, 0.0, 0.0, 1.0],
                [-0.118985, -0.899127, -0.421204, -0.0, -0.031863, -0.420542, 0.906714, 0.4, -0.992385, 0.121306, 0.021389, -0.0, 0.0, 0.0, 0.0, 1.0],
                [-0.167412, -0.938394, -0.302307, 0.0, -0.044831, -0.299071, 0.953177, 0.400001, -0.984867, 0.173126, 0.007999, 0.0, 0.0, 0.0, 0.0, 1.0]
            ]
        },
        {
            "name": "Arm_L",
            "time": [0.0, 0.0833, 0.1167, 0.15, 0.2167, 0.2333, 0.2667, 0.3, 0.4, 0.6, 0.9, 1.1, 1.3, 1.5],
            "transform": [
                [-0.182105, 0.931391, -0.315203, 1.9e-05, -0.640138, -0.355624, -0.680996, 0.388503, -0.746363, 0.077763, 0.66098, -0.000909, 0.0, 0.0, 0.0, 1.0],
                [0.208305, 0.973986, 0.089213, 1.9e-05, -0.637298, 0.204357, -0.743026, 0.388503, -0.741929, 0.097921, 0.66329, -0.000909, 0.0, 0.0, 0.0, 1.0],
                [0.665835, 0.713271, 0.218879, 1.9e-05, -0.596569, 0.685148, -0.417944, 0.388503, -0.448072, 0.147707, 0.881711, -0.000909, 0.0, 0.0, 0.0, 1.0],
                [0.771297, 0.584071, 0.252907, 1.9e-05, -0.542022, 0.811046, -0.220034, 0.388503, -0.333636, 0.032631, 0.942137, -0.000909, 0.0, 0.0, 0.0, 1.0],
                [0.797166, 0.579698, 0.168747, 1.9e-05, -0.589837, 0.807422, 0.012668, 0.388503, -0.128906, -0.109631, 0.985578, -0.000909, 0.0, 0.0, 0.0, 1.0],
                [-0.090316, 0.994494, 0.053144, 1.9e-05, -0.969199, -0.075493, -0.234421, 0.388503, -0.229119, -0.072679, 0.970682, -0.000909, 0.0, 0.0, 0.0, 1.0],
                [-0.214883, 0.878924, 0.425813, 1.9e-05, -0.135944, 0.404835, -0.904227, 0.388503, -0.967132, -0.252189, 0.032493, -0.000909, 0.0, 0.0, 0.0, 1.0],
                [-0.322461, 0.787326, 0.525487, 1.9e-05, 0.295003, 0.611081, -0.734543, 0.388503, -0.89944, -0.08184, -0.429313, -0.000909, 0.0, 0.0, 0.0, 1.0],
                [0.09192, 0.859635, 0.502573, 1.9e-05, -0.351162, 0.500268, -0.791464, 0.388503, -0.93179, -0.103733, 0.347857, -0.000909, 0.0, 0.0, 0.0, 1.0],
                [0.215559, 0.5529, 0.804882, 1.9e-05, -0.301073, 0.821735, -0.483845, 0.388503, -0.928918, -0.138031, 0.343595, -0.000909, 0.0, 0.0, 0.0, 1.0],
                [0.018752, 0.496914, 0.867597, 1.9e-05, -0.008246, 0.867797, -0.49685, 0.388503, -0.99979, 0.002162, 0.02037, -0.000909, 0.0, 0.0, 0.0, 1.0],
                [-0.346978, 0.62629, 0.698118, 1.9e-05, -0.429116, 0.555864, -0.711951, 0.388503, -0.833945, -0.546605, 0.075878, -0.000909, 0.0, 0.0, 0.0, 1.0],
                [-0.16943, 0.461624, 0.870745, 1.9e-05, -0.55728, 0.683832, -0.470969, 0.388503, -0.812854, -0.565045, 0.141392, -0.000909, 0.0, 0.0, 0.0, 1.0],
                [-0.098652, -0.208972, 0.972933, 1.9e-05, -0.892805, 0.4504, 0.006213, 0.388503, -0.439508, -0.868027, -0.231004, -0.000909, 0.0, 0.0, 0.0, 1.0]
            ]
        },
        {
            "name": "Hand_L",
            "time": [0.0, 0.0833, 0.1167, 0.15, 0.2167, 0.2667, 0.3, 0.4, 0.6, 0.9, 1.1, 1.3, 1.5],
            "transform": [
                [1.000001, 0.0, 0.0, -0.0, -0.0, 0.999988, -0.004666, 0.329779, -0.0, 0.004666, 0.999988, -0.0, 0.0, 0.0, 0.0, 1.0],
                [1.0, 1e-06, 0.0, -0.0, -0.0, 0.999987, -0.004864, 0.329779, -0.0, 0.004864, 0.999987, 0.0, 0.0, 0.0, 0.0, 1.0],
                [1.0, 0.0, 0.0, 0.0, -0.0, 0.999986, -0.005003, 0.329779, -0.0, 0.005003, 0.999988, -0.0, 0.0, 0.0, 0.0, 1.0],
                [1.0, 0.0, 0.0, 0.0, -0.0, 0.999999, 1e-06, 0.329779, -0.0, -0.0, 1.0, -0.0, 0.0, 0.0, 0.0, 1.0],
                [1.0, 0.0, 0.0, -0.0, -0.0, 0.999987, -0.004896, 0.329779, -0.0, 0.004897, 0.999988, -0.0, 0.0, 0.0, 0.0, 1.0],
                [0.999999, 1e-06, -0.0, -0.0, -0.0, 0.714532, -0.699601, 0.329779, -0.0, 0.699601, 0.714534, 0.0, 0.0, 0.0, 0.0, 1.0],
                [1.0, 0.0, -0.0, -0.0, -0.0, 0.099316, -0.995056, 0.329779, -0.0, 0.995055, 0.099316, 0.0, 0.0, 0.0, 0.0, 1.0],
                [0.999999, 0.0, -0.0, -0.0, -0.0, 0.616652, -0.787235, 0.329779, -0.0, 0.787235, 0.616654, -0.0, 0.0, 0.0, 0.0, 1.0],
                [0.999999, 1e-06, -0.0, 0.0, -0.0, 0.188223, -0.982126, 0.329779, -0.0, 0.982126, 0.188223, 0.0, 0.0, 0.0, 0.0, 1.0],
                [0.999999, 0.0, -0.0, 0.0, -0.0, 0.478257, -0.878219, 0.329779, -0.0, 0.87822, 0.478258, -0.0, 0.0, 0.0, 0.0, 1.0],
                [0.999999, 0.0, 0.0, 0.0, -0.0, 0.733124, -0.680094, 0.329779, -0.0, 0.680094, 0.733125, -0.0, 0.0, 0.0, 0.0, 1.0],
                [0.999999, 0.0, -0.0, -0.0, -0.0, 0.860204, -0.509948, 0.329779, -0.0, 0.509949, 0.860204, 0.0, 0.0, 0.0, 0.0, 1.0],
                [1.0, 0.0, 0.0, 0.0, -0.0, 0.94929, -0.314402, 0.329779, -0.0, 0.314402, 0.949289, -0.0, 0.0, 0.0, 0.0, 1.0]
            ]
        },
        {
            "name": "Tool_L",
            "time": [0.0, 0.0833, 0.1167, 0.15, 0.2167, 0.2667, 0.3, 0.4, 0.6, 0.9, 1.1, 1.3, 1.5],
            "transform": [
                [1.000001, 0.0, 0.0, 0.02, -0.0, -0.999999, -0.0, 0.291426, 0.0, 0.0, -1.000001, -0.0, 0.0, 0.0, 0.0, 1.0],
                [1.0, 0.0, 0.0, 0.02, -0.0, -1.0, -0.0, 0.291426, 0.0, -0.0, -1.000001, -0.0, 0.0, 0.0, 0.0, 1.0],
                [1.0, 0.0, 0.0, 0.02, 0.0, -1.000001, -0.0, 0.291426, 0.0, 0.0, -1.0, 0.0, 0.0, 0.0, 0.0, 1.0],
                [1.0, -0.0, 0.0, 0.02, 0.0, -1.000002, 0.0, 0.291426, 0.0, -0.0, -1.0, -0.0, 0.0, 0.0, 0.0, 1.0],
                [1.000001, 0.0, 0.0, 0.02, -0.0, -1.000001, -0.0, 0.291426, 0.0, 0.0, -1.0, 0.0, 0.0, 0.0, 0.0, 1.0],
                [1.000001, 0.0, 0.0, 0.02, 0.0, -1.000001, -0.0, 0.291426, 0.0, 0.0, -1.0, -0.0, 0.0, 0.0, 0.0, 1.0],
                [1.000001, 0.0, 0.0, 0.02, -0.0, -1.000001, 0.0, 0.291426, 0.0, -0.0, -1.0, -0.0, 0.0, 0.0, 0.0, 1.0],
                [1.000001, -0.0, 0.0, 0.02, 0.0, -0.999999, 0.0, 0.291426, 0.0, -0.0, -1.0, 0.0, 0.0, 0.0, 0.0, 1.0],
                [1.000001, -0.0, 0.0, 0.02, -0.0, -0.999999, -0.0, 0.291426, 0.0, -0.0, -1.000001, -0.0, 0.0, 0.0, 0.0, 1.0],
                [1.000001, -0.0, 0.0, 0.02, 0.0, -1.0, 0.0, 0.291426, 0.0, 0.0, -1.000001, -0.0, 0.0, 0.0, 0.0, 1.0],
                [1.000001, -0.0, 0.0, 0.02, 0.0, -0.999999, 0.0, 0.291426, 0.0, -0.0, -1.000001, -0.0, 0.0, 0.0, 0.0, 1.0],
                [1.000001, -0.0, 0.0, 0.02, 0.0, -1.0, 0.0, 0.291426, 0.0, 0.0, -1.000001, 0.0, 0.0, 0.0, 0.0, 1.0],
                [1.0, -0.0, 0.0, 0.02, 0.0, -1.0, 0.0, 0.291426, 0.0, -0.0, -1.000001, 0.0, 0.0, 0.0, 0.0, 1.0]
            ]
