{
    "animation": [
        {
            "name": "Root",
            "time": [0.0, 0.1333, 0.1667, 0.2333, 0.2667, 0.3, 0.3333, 0.4, 0.8, 1.0, 1.1, 1.2, 1.3833, 1.45, 1.5167, 1.5833, 1.65, 1.7167, 1.8833],
            "transform": [
                [0.21778, -0.0, -0.975998, -5e-06, -0.972284, -0.087156, -0.216951, 0.000946, -0.085064, 0.996195, -0.018981, 0.702258, 0.0, 0.0, 0.0, 1.0],
                [0.7297, 0.008767, -0.683711, -5e-06, -0.683279, -0.028417, -0.729604, 0.200946, -0.025826, 0.999558, -0.014746, 0.597955, 0.0, 0.0, 0.0, 1.0],
                [0.897316, -0.0, -0.441388, -5e-06, -0.441388, 0.0, -0.897316, 0.367613, 0.0, 1.0, -0.0, 0.545803, 0.0, 0.0, 0.0, 1.0],
                [0.995772, 0.045681, 0.079692, 0.001097, 0.072464, 0.14249, -0.98714, 0.657007, -0.056448, 0.988742, 0.138578, 0.610944, 0.0, 0.0, 0.0, 1.0],
                [0.783153, 0.003962, 0.621816, 0.0022, 0.592645, 0.297995, -0.748312, 0.946401, -0.188263, 0.954559, 0.231027, 0.676085, 0.0, 0.0, 0.0, 1.0],
                [0.424883, -0.007276, 0.905219, 0.002934, 0.869892, 0.280019, -0.406051, 0.951856, -0.250525, 0.959967, 0.125305, 0.624331, 0.0, 0.0, 0.0, 1.0],
                [-0.192382, -0.013657, 0.981225, 0.001465, 0.949665, 0.249326, 0.189665, 0.976401, -0.247235, 0.968323, -0.034996, 0.608294, 0.0, 0.0, 0.0, 1.0],
                [-0.530205, -0.0, 0.847869, -5e-06, 0.826954, 0.220742, 0.517126, 1.000946, -0.18716, 0.975332, -0.117038, 0.592258, 0.0, 0.0, 0.0, 1.0],
                [-0.873582, 0.036939, 0.485272, -5e-06, 0.486367, 0.101826, 0.867801, 1.000946, -0.017358, 0.994116, -0.106919, 0.633547, 0.0, 0.0, 0.0, 1.0],
                [-0.209801, 0.036939, 0.977046, -5e-06, 0.973415, 0.101826, 0.205172, 1.000946, -0.09191, 0.994116, -0.05732, 0.633547, 0.0, 0.0, 0.0, 1.0],
                [0.157224, 0.036939, 0.986872, -5e-06, 0.981813, 0.101826, -0.16023, 1.000946, -0.106408, 0.994116, -0.020258, 0.633547, 0.0, 0.0, 0.0, 1.0],
                [0.515453, 0.046268, 0.855668, -5e-06, 0.850835, 0.091129, -0.517469, 1.000946, -0.101918, 0.994764, 0.007606, 0.645568, 0.0, 0.0, 0.0, 1.0],
                [0.572823, 0.051074, 0.818086, -5e-06, 0.814519, 0.076338, -0.575092, 1.000946, -0.091823, 0.995773, 0.002128, 0.657588, 0.0, 0.0, 0.0, 1.0],
                [0.561677, 0.050825, 0.825794, -5e-06, 0.822735, 0.071042, -0.563969, 1.004134, -0.08733, 0.996178, -0.001912, 0.683905, 0.0, 0.0, 0.0, 1.0],
                [0.550506, 0.050648, 0.833293, -5e-06, 0.830714, 0.065779, -0.5528, 1.007321, -0.082812, 0.996548, -0.005863, 0.710223, 0.0, 0.0, 0.0, 1.0],
                [0.804424, 0.050564, 0.5919, -5e-06, 0.588941, 0.062581, -0.805749, 1.009198, -0.077784, 0.996758, 0.020562, 0.715708, 0.0, 0.0, 0.0, 1.0],
                [0.917481, 0.049917, 0.394635, -5e-06, 0.391616, 0.060609, -0.91813, 1.010404, -0.069749, 0.996913, 0.036059, 0.719234, 0.0, 0.0, 0.0, 1.0],
                [0.987613, 0.048454, -0.149243, -5e-06, -0.151963, 0.058371, -0.986661, 1.012013, -0.039096, 0.997118, 0.065012, 0.723935, 0.0, 0.0, 0.0, 1.0],
                [0.882948, -0.0, -0.469472, -5e-06, -0.469472, 0.0, -0.882948, 1.000946, 0.0, 1.0, -0.0, 0.743735, 0.0, 0.0, 0.0, 1.0]
            ]
        },
        {
            "name": "Thigh_R",
            "time": [0.0, 0.1333, 0.1667, 0.2333, 0.2667, 0.3, 0.3333, 0.4, 0.8, 1.0, 1.1, 1.2, 1.3833, 1.45, 1.5167, 1.5833, 1.65, 1.7167, 1.8833],
            "transform": [
                [0.998267, 0.05488, -0.021217, 0.124994, 0.057244, -0.822458, 0.565938, -0.002831, 0.013609, -0.566172, -0.824175, -1.2e-05, 0.0, 0.0, 0.0, 1.0],
                [0.993914, -0.096283, 0.053507, 0.124994, -0.101189, -0.606152, 0.788885, -0.002831, -0.043523, -0.789499, -0.612207, -1.2e-05, 0.0, 0.0, 0.0, 1.0],
                [0.963367, -0.242101, 0.11537, 0.124994, -0.226071, -0.501674, 0.834993, -0.002831, -0.144275, -0.830488, -0.538028, -1.2e-05, 0.0, 0.0, 0.0, 1.0],
                [0.998892, 0.040879, -0.023321, 0.124994, 0.043925, -0.63187, 0.773829, -0.002831, 0.016897, -0.773996, -0.632966, -1.2e-05, 0.0, 0.0, 0.0, 1.0],
                [0.998853, -0.047874, -6.8e-05, 0.124994, -0.047642, -0.993871, -0.099746, -0.002831, 0.004708, 0.099635, -0.995013, -1.2e-05, 0.0, 0.0, 0.0, 1.0],
                [0.986879, -0.153281, 0.050761, 0.124994, -0.161345, -0.948399, 0.272961, -0.002831, 0.006302, -0.277569, -0.960686, -1.2e-05, 0.0, 0.0, 0.0, 1.0],
                [0.94502, -0.318125, 0.075713, 0.124994, -0.32675, -0.909359, 0.257486, -0.002831, -0.013062, -0.268068, -0.963311, -1.2e-05, 0.0, 0.0, 0.0, 1.0],
                [0.908717, -0.408278, 0.086837, 0.124994, -0.413393, -0.851479, 0.322628, -0.00283, -0.057782, -0.329074, -0.942535, -1.2e-05, 0.0, 0.0, 0.0, 1.0],
                [0.954509, -0.292244, 0.059178, 0.124994, -0.298082, -0.930224, 0.214059, -0.00283, -0.007509, -0.221961, -0.975024, -1.2e-05, 0.0, 0.0, 0.0, 1.0],
                [0.995993, -0.089178, -0.006537, 0.124994, -0.083309, -0.952019, 0.294465, -0.00283, -0.032483, -0.29274, -0.955637, -1.2e-05, 0.0, 0.0, 0.0, 1.0],
                [0.999544, -0.009049, -0.028735, 0.124994, 0.002316, -0.927911, 0.372782, -0.00283, -0.030037, -0.372678, -0.927471, -1.2e-05, 0.0, 0.0, 0.0, 1.0],
                [0.999732, 0.015156, 0.01745, 0.124994, 0.007154, -0.920829, 0.389891, -0.002831, 0.021977, -0.389661, -0.920693, -1.2e-05, 0.0, 0.0, 0.0, 1.0],
                [0.993813, -0.070033, 0.086193, 0.124994, -0.088616, -0.96786, 0.235344, -0.00283, 0.066941, -0.241525, -0.968081, -1.2e-05, 0.0, 0.0, 0.0, 1.0],
                [0.989019, -0.112304, 0.096053, 0.124994, -0.1208, -0.988788, 0.087746, -0.00283, 0.085122, -0.098385, -0.991499, -1.2e-05, 0.0, 0.0, 0.0, 1.0],
                [0.984145, -0.155766, 0.084816, 0.124994, -0.144002, -0.98092, -0.130592, -0.002831, 0.10354, 0.116307, -0.9878, -1.2e-05, 0.0, 0.0, 0.0, 1.0],
                [0.992353, -0.081275, 0.092889, 0.124994, -0.069916, -0.990354, -0.119603, -0.002831, 0.101714, 0.112194, -0.988465, -1.2e-05, 0.0, 0.0, 0.0, 1.0],
                [0.994721, -0.027939, 0.098733, 0.124994, -0.01957, -0.996207, -0.084743, -0.002831, 0.100727, 0.082363, -0.991498, -1.2e-05, 0.0, 0.0, 0.0, 1.0],
                [0.991724, 0.085982, 0.095334, 0.124994, 0.07885, -0.993966, 0.076218, -0.002831, 0.101313, -0.06807, -0.992522, -1.2e-05, 0.0, 0.0, 0.0, 1.0],
                [0.980432, 0.09371, 0.173115, 0.124994, 0.110912, -0.989515, -0.092502, -0.002831, 0.162632, 0.109892, -0.980548, -1.2e-05, 0.0, 0.0, 0.0, 1.0]
            ]
        },
        {
            "name": "Leg_R",
            "time": [0.0, 0.1333, 0.1667, 0.2333, 0.2667, 0.3, 0.3333, 0.4, 0.8, 1.0, 1.1, 1.2, 1.3833, 1.45, 1.5167, 1.5833, 1.65, 1.7167, 1.8833],
            "transform": [
                [1.0, 2e-06, 4e-06, -0.0, -4e-06, 0.777314, 0.629113, 0.37472, -2e-06, -0.629112, 0.777315, -0.0, 0.0, 0.0, 0.0, 1.0],
                [1.0, 0.0, 5e-06, -0.0, -4e-06, 0.547403, 0.836869, 0.37472, -2e-06, -0.836869, 0.547403, 0.0, 0.0, 0.0, 0.0, 1.0],
                [1.0, 1e-06, 5e-06, 0.0, -4e-06, 0.69254, 0.72138, 0.37472, -3e-06, -0.72138, 0.692541, 0.0, 0.0, 0.0, 0.0, 1.0],
                [1.0, -1e-06, 5e-06, -0.0, -4e-06, 0.308803, 0.951126, 0.37472, -2e-06, -0.951126, 0.308803, -0.0, 0.0, 0.0, 0.0, 1.0],
                [0.999999, 4e-06, 2e-06, 0.0, -4e-06, 1.0, 5e-06, 0.37472, -3e-06, -6e-06, 1.0, 0.0, 0.0, 0.0, 0.0, 1.0],
                [0.999999, 1e-06, 5e-06, -0.0, -4e-06, 0.629652, 0.776878, 0.37472, -2e-06, -0.776878, 0.629651, 0.0, 0.0, 0.0, 0.0, 1.0],
                [1.0, 1e-06, 5e-06, -0.0, -4e-06, 0.700177, 0.71397, 0.37472, -2e-06, -0.713971, 0.700175, 0.0, 0.0, 0.0, 0.0, 1.0],
                [1.000001, 1e-06, 4e-06, -0.0, -4e-06, 0.716277, 0.697817, 0.37472, -3e-06, -0.697817, 0.716274, -0.0, 0.0, 0.0, 0.0, 1.0],
                [1.000002, 0.0, 5e-06, 0.0, -4e-06, 0.59042, 0.807102, 0.37472, -2e-06, -0.807101, 0.590419, -0.0, 0.0, 0.0, 0.0, 1.0],
                [1.000002, -0.0, 5e-06, 0.0, -4e-06, 0.461026, 0.887392, 0.37472, -2e-06, -0.887391, 0.461025, -0.0, 0.0, 0.0, 0.0, 1.0],
                [1.000002, -1e-06, 5e-06, 0.0, -4e-06, 0.415068, 0.909796, 0.37472, -2e-06, -0.909794, 0.415067, -0.0, 0.0, 0.0, 0.0, 1.0],
                [1.000002, -0.0, 5e-06, 0.0, -4e-06, 0.464612, 0.885519, 0.37472, -2e-06, -0.885517, 0.464611, 0.0, 0.0, 0.0, 0.0, 1.0],
                [1.000002, 0.0, 5e-06, -0.0, -4e-06, 0.609201, 0.79302, 0.37472, -3e-06, -0.793019, 0.6092, -0.0, 0.0, 0.0, 0.0, 1.0],
                [1.000002, 2e-06, 4e-06, -0.0, -4e-06, 0.785539, 0.618817, 0.37472, -2e-06, -0.618816, 0.785538, 0.0, 0.0, 0.0, 0.0, 1.0],
                [1.000001, 3e-06, 3e-06, -0.0, -4e-06, 0.965193, 0.261549, 0.37472, -2e-06, -0.261548, 0.965192, 0.0, 0.0, 0.0, 0.0, 1.0],
                [1.000001, 3e-06, 4e-06, -0.0, -4e-06, 0.961473, 0.274911, 0.37472, -2e-06, -0.27491, 0.961471, -0.0, 0.0, 0.0, 0.0, 1.0],
                [1.000002, 3e-06, 4e-06, 0.0, -4e-06, 0.952715, 0.303876, 0.37472, -2e-06, -0.303876, 0.952713, -0.0, 0.0, 0.0, 0.0, 1.0],
                [1.000001, 3e-06, 4e-06, -0.0, -4e-06, 0.912792, 0.408431, 0.37472, -2e-06, -0.40843, 0.912791, -0.0, 0.0, 0.0, 0.0, 1.0],
                [1.000002, 4e-06, 3e-06, -0.0, -4e-06, 0.999989, 0.004986, 0.37472, -3e-06, -0.004986, 0.999988, -0.0, 0.0, 0.0, 0.0, 1.0]
            ]
        },
        {
            "name": "Knee_R",
            "time": [0.0, 0.1333, 0.1667, 0.2333, 0.3, 0.3333, 0.4, 0.8, 1.0, 1.1, 1.2, 1.3833, 1.45, 1.5167, 1.5833, 1.65, 1.7167, 1.8833],
            "transform": [
                [1.0, 2e-06, -4e-06, -0.0, -4e-06, 3e-06, -1.0, 0.37472, -2e-06, 1.0, 3e-06, -0.0, 0.0, 0.0, 0.0, 1.0],
                [1.0, 2e-06, -4e-06, -0.0, -4e-06, 3e-06, -1.0, 0.37472, -2e-06, 1.0, 3e-06, 0.0, 0.0, 0.0, 0.0, 1.0],
                [1.0, 2e-06, -4e-06, 0.0, -4e-06, 3e-06, -1.0, 0.37472, -2e-06, 1.0, 3e-06, 0.0, 0.0, 0.0, 0.0, 1.0],
                [1.0, 2e-06, -4e-06, -0.0, -4e-06, 3e-06, -1.0, 0.37472, -2e-06, 1.0, 3e-06, -0.0, 0.0, 0.0, 0.0, 1.0],
                [1.0, 2e-06, -4e-06, -0.0, -4e-06, 3e-06, -1.0, 0.37472, -2e-06, 1.0, 3e-06, 0.0, 0.0, 0.0, 0.0, 1.0],
                [1.0, 2e-06, -4e-06, 0.0, -4e-06, 3e-06, -1.0, 0.37472, -2e-06, 1.0, 3e-06, 0.0, 0.0, 0.0, 0.0, 1.0],
                [1.0, 2e-06, -4e-06, -0.0, -4e-06, 3e-06, -1.0, 0.37472, -2e-06, 1.0, 3e-06, -0.0, 0.0, 0.0, 0.0, 1.0],
                [1.0, 2e-06, -4e-06, -0.0, -4e-06, 3e-06, -1.0, 0.37472, -2e-06, 1.0, 3e-06, -0.0, 0.0, 0.0, 0.0, 1.0],
                [1.0, 2e-06, -4e-06, 0.0, -4e-06, 3e-06, -1.0, 0.37472, -2e-06, 1.0, 3e-06, -0.0, 0.0, 0.0, 0.0, 1.0],
                [1.0, 2e-06, -4e-06, 0.0, -4e-06, 3e-06, -1.0, 0.37472, -2e-06, 1.0, 3e-06, -0.0, 0.0, 0.0, 0.0, 1.0],
                [1.0, 2e-06, -4e-06, 0.0, -4e-06, 3e-06, -1.0, 0.37472, -2e-06, 1.0, 3e-06, 0.0, 0.0, 0.0, 0.0, 1.0],
                [1.0, 2e-06, -4e-06, -0.0, -4e-06, 3e-06, -1.0, 0.37472, -2e-06, 1.0, 3e-06, -0.0, 0.0, 0.0, 0.0, 1.0],
                [1.0, 2e-06, -4e-06, -0.0, -4e-06, 3e-06, -1.0, 0.37472, -2e-06, 1.0, 3e-06, 0.0, 0.0, 0.0, 0.0, 1.0],
                [1.0, 2e-06, -4e-06, -0.0, -4e-06, 3e-06, -1.0, 0.37472, -2e-06, 1.0, 3e-06, -0.0, 0.0, 0.0, 0.0, 1.0],
                [1.0, 2e-06, -4e-06, -0.0, -4e-06, 3e-06, -1.0, 0.37472, -2e-06, 1.0, 3e-06, -0.0, 0.0, 0.0, 0.0, 1.0],
                [1.0, 2e-06, -4e-06, 0.0, -4e-06, 3e-06, -1.0, 0.37472, -2e-06, 1.0, 3e-06, -0.0, 0.0, 0.0, 0.0, 1.0],
                [1.0, 2e-06, -4e-06, -0.0, -4e-06, 3e-06, -1.0, 0.37472, -2e-06, 1.0, 3e-06, -0.0, 0.0, 0.0, 0.0, 1.0],
                [1.0, 2e-06, -4e-06, -0.0, -4e-06, 3e-06, -1.0, 0.37472, -2e-06, 1.0, 3e-06, -0.0, 0.0, 0.0, 0.0, 1.0]
            ]
        },
        {
            "name": "Thigh_L",
            "time": [0.0, 0.1333, 0.1667, 0.2333, 0.3, 0.3333, 0.4, 0.8, 1.0, 1.1, 1.2, 1.3833, 1.45, 1.5167, 1.5833, 1.65, 1.7167, 1.8833],
            "transform": [
                [0.993476, 0.114037, -0.001368, -0.125006, 0.113966, -0.993164, -0.025273, -0.00283, -0.00424, 0.024952, -0.99968, -1.2e-05, 0.0, 0.0, 0.0, 1.0],
                [0.987801, 0.154214, -0.021583, -0.125006, 0.155699, -0.97607, 0.151804, -0.002831, 0.002344, -0.153313, -0.988177, -1.2e-05, 0.0, 0.0, 0.0, 1.0],
                [0.993198, 0.113423, -0.026323, -0.125006, 0.11424, -0.99294, 0.031936, -0.002831, -0.022515, -0.034726, -0.999143, -1.2e-05, 0.0, 0.0, 0.0, 1.0],
                [0.997434, -0.068337, 0.021337, -0.125006, -0.070075, -0.992945, 0.09566, -0.00283, 0.014649, -0.09691, -0.995186, -1.2e-05, 0.0, 0.0, 0.0, 1.0],
                [0.971395, -0.231585, 0.052523, -0.125006, -0.228942, -0.854599, 0.466097, -0.002831, -0.063055, -0.46479, -0.883173, -1.2e-05, 0.0, 0.0, 0.0, 1.0],
                [0.987948, -0.148665, 0.043093, -0.125006, -0.148277, -0.829112, 0.539062, -0.00283, -0.04441, -0.538954, -0.841163, -1.2e-05, 0.0, 0.0, 0.0, 1.0],
                [0.997259, -0.072316, 0.015656, -0.125006, -0.071616, -0.89019, 0.449926, -0.002831, -0.0186, -0.449814, -0.892929, -1.2e-05, 0.0, 0.0, 0.0, 1.0],
                [0.995457, 0.090392, 0.029935, -0.125006, 0.059495, -0.835899, 0.545649, -0.002831, 0.074345, -0.541388, -0.837479, -1.2e-05, 0.0, 0.0, 0.0, 1.0],
                [0.949671, -0.312939, 0.01395, -0.125006, -0.298497, -0.890542, 0.343272, -0.00283, -0.095, -0.330159, -0.939133, -1.2e-05, 0.0, 0.0, 0.0, 1.0],
                [0.912978, -0.404971, -0.049697, -0.125006, -0.391542, -0.903861, 0.172427, -0.00283, -0.114747, -0.137964, -0.983768, -1.2e-05, 0.0, 0.0, 0.0, 1.0],
                [0.991533, -0.129214, -0.0129, -0.125006, -0.102719, -0.841223, 0.530842, -0.002831, -0.079444, -0.525023, -0.847373, -1.2e-05, 0.0, 0.0, 0.0, 1.0],
                [0.974103, 0.164827, -0.154779, -0.125006, 0.224873, -0.777646, 0.587111, -0.00283, -0.023591, -0.606712, -0.794572, -1.2e-05, 0.0, 0.0, 0.0, 1.0],
                [0.974503, 0.164993, -0.15206, -0.125006, 0.218877, -0.84816, 0.482408, -0.002831, -0.049377, -0.50339, -0.862647, -1.2e-05, 0.0, 0.0, 0.0, 1.0],
                [0.974593, 0.183202, -0.128866, -0.125006, 0.209963, -0.947603, 0.24076, -0.002831, -0.078006, -0.2617, -0.961992, -1.2e-05, 0.0, 0.0, 0.0, 1.0],
                [0.986777, 0.069119, -0.146609, -0.125006, 0.11851, -0.92474, 0.361681, -0.00283, -0.110576, -0.374273, -0.920702, -1.2e-05, 0.0, 0.0, 0.0, 1.0],
                [0.989321, 0.009368, -0.145459, -0.125006, 0.063454, -0.926088, 0.371933, -0.00283, -0.131223, -0.37719, -0.916792, -1.2e-05, 0.0, 0.0, 0.0, 1.0],
                [0.985922, -0.09041, -0.140652, -0.125006, -0.039124, -0.942592, 0.331647, -0.002831, -0.162562, -0.321475, -0.93286, -1.2e-05, 0.0, 0.0, 0.0, 1.0],
                [0.9679, -0.096806, -0.231947, -0.125006, -0.062809, -0.986731, 0.149725, -0.002831, -0.243364, -0.13035, -0.961137, -1.2e-05, 0.0, 0.0, 0.0, 1.0]
            ]
        },
        {
            "name": "Leg_L",
            "time": [0.0, 0.1333, 0.1667, 0.2333, 0.3, 0.3333, 0.4, 0.8, 1.0, 1.1, 1.2, 1.3833, 1.45, 1.5167, 1.5833, 1.65, 1.7167, 1.8833],
            "transform": [
                [0.999999, 1e-06, 1e-06, -0.0, -1e-06, 0.889262, 0.457395, 0.37472, -1e-06, -0.457395, 0.889262, 0.0, 0.0, 0.0, 0.0, 1.0],
                [1.0, -0.0, 2e-06, 0.0, -1e-06, 0.474175, 0.88043, 0.37472, -1e-06, -0.880429, 0.474174, -0.0, 0.0, 0.0, 0.0, 1.0],
                [0.999999, -0.0, 2e-06, 0.0, -1e-06, 0.421108, 0.907009, 0.37472, -1e-06, -0.90701, 0.421109, 0.0, 0.0, 0.0, 0.0, 1.0],
                [0.999999, -0.0, 2e-06, -0.0, -1e-06, 0.681938, 0.778196, 0.37472, -1e-06, -0.779687, 0.680634, 0.0, 0.0, 0.0, 0.0, 1.0],
                [1.0, 0.0, 2e-06, -0.0, -1e-06, 0.842819, 0.714629, 0.37472, -1e-06, -0.718486, 0.838296, 0.0, 0.0, 0.0, 0.0, 1.0],
                [1.0, 1e-06, 2e-06, 0.0, -1e-06, 0.957186, 0.439426, 0.37472, -1e-06, -0.440669, 0.954486, 0.0, 0.0, 0.0, 0.0, 1.0],
                [1.0, 1e-06, 1e-06, -0.0, -1e-06, 0.999985, 0.005466, 0.37472, -1e-06, -0.005466, 0.999984, 0.0, 0.0, 0.0, 0.0, 1.0],
                [1.0, 1e-06, 1e-06, -0.0, -1e-06, 0.999985, 0.005442, 0.37472, -1e-06, -0.005442, 0.999984, -0.0, 0.0, 0.0, 0.0, 1.0],
                [1.0, 1e-06, 1e-06, -0.0, -1e-06, 0.999985, 0.00554, 0.37472, -1e-06, -0.00554, 0.999984, 0.0, 0.0, 0.0, 0.0, 1.0],
                [1.0, 1e-06, 1e-06, 0.0, -1e-06, 0.999987, 0.005065, 0.37472, -1e-06, -0.005064, 0.999986, 0.0, 0.0, 0.0, 0.0, 1.0],
                [0.999999, -0.0, 2e-06, -0.0, -1e-06, 0.621236, 0.783623, 0.37472, -1e-06, -0.783622, 0.621236, -0.0, 0.0, 0.0, 0.0, 1.0],
                [0.999999, 0.0, 1e-06, -0.0, -1e-06, 0.764045, 0.645162, 0.37472, -1e-06, -0.645162, 0.764045, -0.0, 0.0, 0.0, 0.0, 1.0],
                [0.999999, 1e-06, 1e-06, -0.0, -1e-06, 0.881625, 0.471949, 0.37472, -1e-06, -0.47195, 0.881624, 0.0, 0.0, 0.0, 0.0, 1.0],
                [0.999999, 1e-06, 1e-06, 0.0, -1e-06, 0.999987, 0.004952, 0.37472, -1e-06, -0.004952, 0.999987, 0.0, 0.0, 0.0, 0.0, 1.0],
                [0.999999, 1e-06, 1e-06, -0.0, -1e-06, 0.961478, 0.274879, 0.37472, -1e-06, -0.274879, 0.961477, -0.0, 0.0, 0.0, 0.0, 1.0],
                [0.999999, 1e-06, 1e-06, -0.0, -1e-06, 0.941286, 0.337607, 0.37472, -1e-06, -0.337607, 0.941286, 0.0, 0.0, 0.0, 0.0, 1.0],
                [0.999999, 1e-06, 1e-06, -0.0, -1e-06, 0.902174, 0.43137, 0.37472, -1e-06, -0.43137, 0.902173, 0.0, 0.0, 0.0, 0.0, 1.0],
                [0.999999, 1e-06, 1e-06, 0.0, -1e-06, 0.968024, 0.250854, 0.37472, -1e-06, -0.250854, 0.968023, -0.0, 0.0, 0.0, 0.0, 1.0]
            ]
        },
        {
            "name": "Knee_L",
            "time": [0.0, 0.1333, 0.1667, 0.2333, 0.3, 0.3333, 0.4, 0.8, 1.0, 1.1, 1.2, 1.3833, 1.45, 1.5167, 1.5833, 1.65, 1.7167, 1.8833],
            "transform": [
                [1.0, 1e-06, -1e-06, 0.0, -1e-06, 0.235306, -0.971921, 0.37472, -0.0, 0.971921, 0.235306, -0.0, 0.0, 0.0, 0.0, 1.0],
                [1.0, 1e-06, -1e-06, 0.0, -1e-06, 0.512751, -0.858538, 0.37472, -0.0, 0.858537, 0.512751, 0.0, 0.0, 0.0, 0.0, 1.0],
                [1.0, 1e-06, -1e-06, 0.0, -1e-06, 0.538003, -0.842943, 0.37472, -0.0, 0.842943, 0.538003, 0.0, 0.0, 0.0, 0.0, 1.0],
                [1.0, 1e-06, -1e-06, -0.0, -1e-06, 0.413313, -0.910589, 0.37472, -0.0, 0.910589, 0.413313, 0.0, 0.0, 0.0, 0.0, 1.0],
                [1.0, 1e-06, -1e-06, -0.0, -1e-06, 0.345683, -0.938351, 0.37472, -0.0, 0.938351, 0.345684, 0.0, 0.0, 0.0, 0.0, 1.0],
                [1.0, 1e-06, -1e-06, 0.0, -1e-06, 0.214058, -0.976821, 0.37472, -0.0, 0.976821, 0.214058, -0.0, 0.0, 0.0, 0.0, 1.0],
                [0.999997, 2e-06, -2e-06, -0.0, -2e-06, 0.002733, -0.999996, 0.37472, -2e-06, 0.999994, 0.002735, 0.0, 0.0, 0.0, 0.0, 1.0],
                [0.999997, 2e-06, -1e-06, -0.0, -2e-06, 0.002722, -0.999996, 0.37472, -1e-06, 0.999994, 0.002724, -0.0, 0.0, 0.0, 0.0, 1.0],
                [0.999997, 2e-06, -2e-06, 0.0, -2e-06, 0.00277, -0.999996, 0.37472, -2e-06, 0.999994, 0.002772, 0.0, 0.0, 0.0, 0.0, 1.0],
                [0.999999, 2e-06, -2e-06, -0.0, -2e-06, 0.002533, -0.999997, 0.37472, -2e-06, 0.999996, 0.002534, -0.0, 0.0, 0.0, 0.0, 1.0],
                [1.0, 1e-06, -1e-06, 0.0, -1e-06, 0.435181, -0.900343, 0.37472, -0.0, 0.900343, 0.435181, -0.0, 0.0, 0.0, 0.0, 1.0],
                [1.0, 1e-06, -1e-06, -0.0, -1e-06, 0.343479, -0.93916, 0.37472, -0.0, 0.93916, 0.343479, 0.0, 0.0, 0.0, 0.0, 1.0],
                [1.0, 1e-06, -1e-06, -0.0, -1e-06, 0.243286, -0.969955, 0.37472, -0.0, 0.969955, 0.243286, 0.0, 0.0, 0.0, 0.0, 1.0],
                [0.999999, 2e-06, -1e-06, 0.0, -2e-06, 0.002477, -0.999997, 0.37472, -2e-06, 0.999996, 0.002478, 0.0, 0.0, 0.0, 0.0, 1.0],
                [1.0, 0.0, -1e-06, -0.0, -1e-06, 0.138784, -0.990323, 0.37472, -0.0, 0.990323, 0.138784, 0.0, 0.0, 0.0, 0.0, 1.0],
                [1.0, 1e-06, -1e-06, 0.0, -1e-06, 0.171338, -0.985212, 0.37472, -0.0, 0.985212, 0.171339, 0.0, 0.0, 0.0, 0.0, 1.0],
                [1.0, 1e-06, -1e-06, -0.0, -1e-06, 0.221163, -0.975237, 0.37472, -0.0, 0.975237, 0.221163, -0.0, 0.0, 0.0, 0.0, 1.0],
                [1.0, 1e-06, -1e-06, -0.0, -1e-06, 0.126443, -0.991974, 0.37472, -0.0, 0.991974, 0.126443, -0.0, 0.0, 0.0, 0.0, 1.0]
            ]
        },
        {
            "name": "Torso",
            "time": [0.0, 0.1333, 0.1667, 0.2333, 0.3, 0.3333, 0.4, 0.8, 1.0, 1.1, 1.2, 1.3833, 1.45, 1.5167, 1.5833, 1.65, 1.7167, 1.8833],
            "transform": [
                [0.998156, 0.017467, -0.058133, -0.0, -0.025823, 0.98891, -0.146256, 0.05, 0.054933, 0.147488, 0.987537, -0.0, 0.0, 0.0, 0.0, 1.0],
                [0.997993, -0.038736, -0.050094, -0.0, 0.031563, 0.990096, -0.136802, 0.05, 0.054897, 0.134947, 0.989331, 0.0, 0.0, 0.0, 0.0, 1.0],
                [0.99669, -0.066836, -0.046279, 0.0, 0.060225, 0.989432, -0.1319, 0.05, 0.054606, 0.128677, 0.990182, 0.0, 0.0, 0.0, 0.0, 1.0],
                [0.997957, -0.047416, -0.04282, 0.0, 0.042491, 0.993089, -0.109404, 0.05, 0.047712, 0.107361, 0.993075, -0.0, 0.0, 0.0, 0.0, 1.0],
                [0.999364, -0.008777, -0.034583, -0.0, 0.006533, 0.997899, -0.064462, 0.05, 0.035076, 0.064195, 0.997321, -0.0, 0.0, 0.0, 0.0, 1.0],
                [0.997021, -0.016933, -0.075257, -0.0, 0.008746, 0.994133, -0.107816, 0.05, 0.076641, 0.106836, 0.991318, -0.0, 0.0, 0.0, 0.0, 1.0],
                [0.992956, -0.026817, -0.115408, 0.0, 0.009144, 0.988489, -0.15102, 0.05, 0.118129, 0.148901, 0.981771, -0.0, 0.0, 0.0, 0.0, 1.0],
                [0.995623, -0.030659, -0.088293, 0.0, 0.019446, 0.991945, -0.125168, 0.05, 0.091419, 0.122903, 0.988199, -0.0, 0.0, 0.0, 0.0, 1.0],
                [0.995623, -0.030659, -0.088293, -0.0, 0.019446, 0.991945, -0.125168, 0.05, 0.091419, 0.122903, 0.988199, 0.0, 0.0, 0.0, 0.0, 1.0],
                [0.995623, -0.030659, -0.088293, -0.0, 0.019446, 0.991945, -0.125168, 0.05, 0.091419, 0.122903, 0.988199, 0.0, 0.0, 0.0, 0.0, 1.0],
                [0.99497, -0.033214, -0.094507, -0.0, 0.023951, 0.994946, -0.097516, 0.05, 0.097268, 0.094762, 0.990737, 0.0, 0.0, 0.0, 0.0, 1.0],
                [0.994271, -0.035591, -0.100787, 0.0, 0.028617, 0.99715, -0.069811, 0.05, 0.102984, 0.066527, 0.992456, -0.0, 0.0, 0.0, 0.0, 1.0],
                [0.994029, -0.036343, -0.102894, 0.0, 0.030208, 0.997707, -0.06057, 0.05, 0.104859, 0.0571, 0.992846, 0.0, 0.0, 0.0, 0.0, 1.0],
                [0.99378, -0.037075, -0.105007, 0.0, 0.031816, 0.998175, -0.051328, 0.05, 0.106718, 0.047667, 0.993146, 0.0, 0.0, 0.0, 0.0, 1.0],
                [0.997959, 0.004249, -0.06372, 0.0, -0.006931, 0.999096, -0.041934, 0.05, 0.063484, 0.04229, 0.997086, 0.0, 0.0, 0.0, 0.0, 1.0],
                [0.998847, 0.030676, -0.036928, -0.0, -0.032034, 0.998811, -0.03675, 0.05, 0.035756, 0.03789, 0.998642, 0.0, 0.0, 0.0, 0.0, 1.0],
                [0.997844, 0.06563, -0.001015, -0.0, -0.06563, 0.997366, -0.030897, 0.05, -0.001015, 0.030897, 0.999522, 0.0, 0.0, 0.0, 0.0, 1.0],
                [0.991907, -0.041629, -0.119948, -0.0, 0.043531, 0.998964, 0.013283, 0.05, 0.119271, -0.018397, 0.992691, 0.0, 0.0, 0.0, 0.0, 1.0]
            ]
        },
        {
            "name": "Chest",
            "time": [0.0, 0.1333, 0.1667, 0.2333, 0.3, 0.3333, 0.4, 0.8, 1.0, 1.1, 1.2, 1.3833, 1.45, 1.5167, 1.5833, 1.65, 1.7167, 1.8833],
            "transform": [
                [0.342021, 0.021069, -0.939456, -0.0, -0.144881, 0.988976, -0.030567, 0.3, 0.928456, 0.146564, 0.341304, -0.0, 0.0, 0.0, 0.0, 1.0],
                [0.342021, 0.021069, -0.939456, -0.0, -0.144881, 0.988977, -0.030567, 0.3, 0.928456, 0.146564, 0.341304, 0.0, 0.0, 0.0, 0.0, 1.0],
                [0.342021, 0.021069, -0.939456, 0.0, -0.144881, 0.988976, -0.030567, 0.3, 0.928456, 0.146564, 0.341304, 0.0, 0.0, 0.0, 0.0, 1.0],
                [0.879828, -0.019513, -0.474892, -0.0, -0.037506, 0.993191, -0.110296, 0.3, 0.473811, 0.114853, 0.873105, 0.0, 0.0, 0.0, 0.0, 1.0],
                [0.458314, -0.110589, 0.881884, 0.0, 0.194985, 0.980568, 0.02163, 0.3, -0.867139, 0.16204, 0.470971, -0.0, 0.0, 0.0, 0.0, 1.0],
                [0.494667, -0.097478, 0.863598, -0.0, 0.080127, 0.994573, 0.066366, 0.3, -0.865381, 0.036369, 0.499793, -0.0, 0.0, 0.0, 0.0, 1.0],
                [0.528676, -0.079329, 0.845109, -0.0, -0.034167, 0.992827, 0.114569, 0.3, -0.848136, -0.089445, 0.522173, -0.0, 0.0, 0.0, 0.0, 1.0],
                [0.309378, -0.126624, 0.942471, 0.0, 0.016211, 0.991653, 0.127911, 0.3, -0.950801, -0.024295, 0.308849, -0.0, 0.0, 0.0, 0.0, 1.0],
                [0.309378, -0.126624, 0.942471, -0.0, 0.016211, 0.991653, 0.127911, 0.3, -0.950801, -0.024295, 0.308849, -0.0, 0.0, 0.0, 0.0, 1.0],
                [0.309378, -0.126624, 0.942471, -0.0, 0.016211, 0.991653, 0.127911, 0.3, -0.950801, -0.024295, 0.308849, -0.0, 0.0, 0.0, 0.0, 1.0],
                [0.641196, -0.112927, 0.759023, 0.0, 0.046895, 0.99303, 0.108127, 0.3, -0.765943, -0.033736, 0.642023, 0.0, 0.0, 0.0, 0.0, 1.0],
                [0.899099, -0.094866, 0.427341, 0.0, 0.069514, 0.994789, 0.074582, 0.3, -0.432189, -0.03735, 0.901009, -0.0, 0.0, 0.0, 0.0, 1.0],
                [0.9521, -0.088547, 0.292686, 0.0, 0.073729, 0.995392, 0.061299, 0.3, -0.296765, -0.036784, 0.954242, -0.0, 0.0, 0.0, 0.0, 1.0],
                [0.984883, -0.082402, 0.152364, -0.0, 0.075966, 0.995973, 0.047604, 0.3, -0.155673, -0.03531, 0.987178, 0.0, 0.0, 0.0, 0.0, 1.0],
                [0.993772, -0.046578, -0.101233, 0.0, 0.049264, 0.998492, 0.024196, 0.3, 0.099954, -0.029032, 0.994569, -0.0, 0.0, 0.0, 0.0, 1.0],
                [0.96795, -0.026486, -0.249743, -0.0, 0.030905, 0.999427, 0.013788, 0.3, 0.249234, -0.021064, 0.968214, 0.0, 0.0, 0.0, 0.0, 1.0],
                [0.906045, -0.003933, -0.423163, -0.0, 0.006682, 0.999965, 0.005011, 0.3, 0.423129, -0.007368, 0.90604, -0.0, 0.0, 0.0, 0.0, 1.0],
                [0.862121, -0.002923, -0.506694, 0.0, -0.015575, 0.999358, -0.032265, 0.3, 0.506463, 0.035709, 0.861522, 0.0, 0.0, 0.0, 0.0, 1.0]
            ]
        },
        {
            "name": "Head",
            "time": [0.0, 0.1333, 0.1667, 0.2333, 0.3, 0.3333, 0.4, 0.8, 1.0, 1.1, 1.2, 1.3833, 1.45, 1.5167, 1.5833, 1.65, 1.7167, 1.8833],
            "transform": [
                [-0.064464, -0.328392, 0.942339, 0.0, -0.000761, 0.94432, 0.329029, 0.4, -0.997919, 0.020493, -0.061125, 0.0, 0.0, 0.0, 0.0, 1.0],
                [0.12694, -0.439088, 0.889431, -0.0, -0.051921, 0.892514, 0.44802, 0.4, -0.990551, -0.103052, 0.090498, 0.0, 0.0, 0.0, 0.0, 1.0],
                [0.159495, -0.245216, 0.956258, 0.0, -0.094173, 0.960462, 0.262001, 0.4, -0.982697, -0.131841, 0.130097, -0.0, 0.0, 0.0, 0.0, 1.0],
                [0.894046, -0.029171, 0.447024, -0.0, -0.009226, 0.996467, 0.083477, 0.400001, -0.44788, -0.078757, 0.890618, 0.0, 0.0, 0.0, 0.0, 1.0],
                [-0.096956, 0.146471, -0.984452, -0.0, 0.157534, 0.978902, 0.13013, 0.4, 0.982742, -0.142468, -0.117984, -0.0, 0.0, 0.0, 0.0, 1.0],
                [-0.291214, 0.167792, -0.941828, 0.0, 0.250686, 0.963481, 0.094137, 0.400001, 0.923228, -0.208689, -0.322642, 0.0, 0.0, 0.0, 0.0, 1.0],
                [-0.234757, 0.170681, -0.956952, 0.0, 0.272443, 0.956559, 0.103776, 0.400001, 0.933094, -0.236352, -0.27106, -0.0, 0.0, 0.0, 0.0, 1.0],
                [-0.829846, 0.292094, -0.475433, 0.0, 0.234105, 0.95568, 0.178526, 0.4, 0.506508, 0.036847, -0.861447, 0.0, 0.0, 0.0, 0.0, 1.0],
                [-0.610156, 0.190466, -0.769046, -0.0, 0.16189, 0.980166, 0.11431, 0.4, 0.775565, -0.054754, -0.628889, -0.0, 0.0, 0.0, 0.0, 1.0],
                [-0.491759, 0.129818, -0.861, -0.0, 0.118313, 0.989615, 0.081636, 0.4, 0.862656, -0.061723, -0.502011, -0.0, 0.0, 0.0, 0.0, 1.0],
                [0.126681, 0.047695, -0.990796, -0.0, 0.044229, 0.997579, 0.053676, 0.4, 0.990957, -0.050622, 0.124265, -0.0, 0.0, 0.0, 0.0, 1.0],
                [0.343585, 0.029393, -0.938662, -0.0, 0.03278, 0.998526, 0.043267, 0.4, 0.938549, -0.045635, 0.342114, 0.0, 0.0, 0.0, 0.0, 1.0],
                [0.500014, 0.02893, -0.865534, -0.0, 0.026149, 0.998482, 0.04848, 0.4, 0.865622, -0.046873, 0.498498, -0.0, 0.0, 0.0, 0.0, 1.0],
                [0.641067, 0.028874, -0.766941, 0.0, 0.019776, 0.998339, 0.054116, 0.400001, 0.76723, -0.049859, 0.639431, -0.0, 0.0, 0.0, 0.0, 1.0],
                [0.935791, -0.057748, -0.347792, -0.0, 0.061291, 0.99812, -0.000816, 0.4, 0.347185, -0.020553, 0.937571, -0.0, 0.0, 0.0, 0.0, 1.0],
                [0.994692, -0.098376, -0.030153, 0.0, 0.097989, 0.995088, -0.014061, 0.4, 0.031388, 0.011032, 0.999446, -0.0, 0.0, 0.0, 0.0, 1.0],
                [0.79442, -0.118418, 0.595713, -0.0, 0.139635, 0.990146, 0.010613, 0.400001, -0.5911, 0.074751, 0.803127, -0.0, 0.0, 0.0, 0.0, 1.0],
                [0.510053, -0.039893, 0.859217, -0.0, -0.027636, 0.997648, 0.062726, 0.400001, -0.859699, -0.055739, 0.507751, 0.0, 0.0, 0.0, 0.0, 1.0]
            ]
        },
        {
            "name": "Shoulder_R",
            "time": [0.0, 0.1333, 0.1667, 0.2333, 0.2667, 0.3, 0.3333, 0.4, 0.8, 1.0, 1.1, 1.2, 1.3833, 1.45, 1.5167, 1.5833, 1.65, 1.7167, 1.8833],
            "transform": [
                [-0.227018, 0.918035, 0.325074, 0.0, 0.069446, -0.31768, 0.945652, 0.4, 0.971412, 0.237255, 0.008365, 0.0, 0.0, 0.0, 0.0, 1.0],
                [0.398831, 0.902995, 0.159789, -0.0, -0.084506, -0.137315, 0.986916, 0.4, 0.913123, -0.407116, 0.021543, -0.0, 0.0, 0.0, 0.0, 1.0],
                [0.149097, 0.974395, 0.168296, 0.0, -0.032578, -0.165265, 0.985711, 0.4, 0.988286, -0.152449, 0.007104, -0.0, 0.0, 0.0, 0.0, 1.0],
                [0.189624, 0.94939, 0.2504, -0.0, -0.049905, -0.245378, 0.968142, 0.400001, 0.980588, -0.196079, 0.00085, 0.0, 0.0, 0.0, 0.0, 1.0],
                [0.135882, 0.98628, 0.093738, -0.0, -0.024359, -0.091261, 0.995529, 0.400001, 0.990426, -0.137558, 0.011625, -0.0, 0.0, 0.0, 0.0, 1.0],
                [0.170739, 0.980453, 0.097768, 0.0, -0.030926, -0.093844, 0.995107, 0.4, 0.984831, -0.172927, 0.014298, 0.0, 0.0, 0.0, 0.0, 1.0],
                [0.11703, 0.972507, 0.201325, 0.0, -0.027661, -0.199448, 0.979519, 0.400001, 0.992743, -0.120201, 0.003559, -0.0, 0.0, 0.0, 0.0, 1.0],
                [0.14107, 0.917977, 0.370696, 0.0, -0.046915, -0.36782, 0.928713, 0.400001, 0.988887, -0.148404, -0.008822, -0.0, 0.0, 0.0, 0.0, 1.0],
                [0.471926, 0.832411, 0.290477, 0.0, -0.135365, -0.257154, 0.956843, 0.4, 0.871184, -0.490879, -0.008678, -0.0, 0.0, 0.0, 0.0, 1.0],
                [0.479971, 0.845142, 0.235291, -0.0, -0.121915, -0.201344, 0.971904, 0.4, 0.868772, -0.49517, 0.006396, -0.0, 0.0, 0.0, 0.0, 1.0],
                [0.173641, 0.979905, 0.098151, -0.0, -0.031482, -0.09409, 0.995066, 0.4, 0.984305, -0.175875, 0.014512, -0.0, 0.0, 0.0, 0.0, 1.0],
                [0.03132, 0.995684, 0.087357, -0.0, -0.005526, -0.087226, 0.996174, 0.400001, 0.999494, -0.031682, 0.00277, 0.0, 0.0, 0.0, 0.0, 1.0],
                [-0.045112, 0.994941, 0.089756, -0.0, 0.008007, -0.089485, 0.995956, 0.4, 0.99895, 0.045649, -0.003929, 0.0, 0.0, 0.0, 0.0, 1.0],
                [-0.052138, 0.994513, 0.09069, -0.0, 0.009279, -0.090327, 0.995869, 0.4, 0.998597, 0.052764, -0.004518, -0.0, 0.0, 0.0, 0.0, 1.0],
                [-0.063144, 0.993713, 0.092438, 0.0, 0.011293, -0.091906, 0.995704, 0.400001, 0.997941, 0.063916, -0.005419, -0.0, 0.0, 0.0, 0.0, 1.0],
                [0.06588, 0.993888, 0.088564, -0.0, -0.011656, -0.087984, 0.996054, 0.4, 0.997759, -0.066653, 0.005788, 0.0, 0.0, 0.0, 0.0, 1.0],
                [0.201975, 0.963744, 0.174363, -0.0, -0.044741, -0.168766, 0.98464, 0.4, 0.978368, -0.206674, 0.009033, -0.0, 0.0, 0.0, 0.0, 1.0],
                [0.444538, 0.850821, 0.280159, -0.0, -0.124696, -0.250937, 0.959939, 0.4, 0.887038, -0.461664, -0.005457, -0.0, 0.0, 0.0, 0.0, 1.0],
                [-0.017204, 0.956067, 0.292642, -0.0, 0.004932, -0.292601, 0.956222, 0.4, 0.99984, 0.017894, 0.000319, 0.0, 0.0, 0.0, 0.0, 1.0]
            ]
        },
        {
            "name": "Arm_R",
            "time": [0.0, 0.1333, 0.1667, 0.2333, 0.2667, 0.3, 0.3333, 0.4, 0.8, 1.0, 1.1, 1.2, 1.3833, 1.45, 1.5167, 1.5833, 1.65, 1.7167, 1.8833],
            "transform": [
                [-0.295786, -0.917177, 0.267012, -1.9e-05, -0.054035, 0.295134, 0.953926, 0.388502, -0.953723, 0.267731, -0.136857, -0.00091, 0.0, 0.0, 0.0, 1.0],
                [0.221788, -0.248862, 0.942803, -1.9e-05, 0.028445, 0.968122, 0.248855, 0.388502, -0.974678, -0.028375, 0.221797, -0.00091, 0.0, 0.0, 0.0, 1.0],
                [0.287131, -0.75414, 0.590618, -1.9e-05, 0.054678, 0.628478, 0.775902, 0.388503, -0.956328, -0.190491, 0.221692, -0.00091, 0.0, 0.0, 0.0, 1.0],
                [0.225503, -0.360907, 0.904928, -1.9e-05, 0.050947, 0.931949, 0.358988, 0.388503, -0.972907, -0.03485, 0.228545, -0.00091, 0.0, 0.0, 0.0, 1.0],
                [-0.245573, -0.128874, 0.960774, -1.9e-05, 0.100859, 0.982346, 0.157547, 0.388503, -0.964115, 0.135594, -0.22824, -0.00091, 0.0, 0.0, 0.0, 1.0],
                [0.201388, -0.308496, 0.929663, -2e-05, 0.297553, 0.923523, 0.242002, 0.388502, -0.933222, 0.227889, 0.27778, -0.00091, 0.0, 0.0, 0.0, 1.0],
                [0.20306, -0.739649, 0.641627, -2e-05, 0.371061, 0.66453, 0.648621, 0.388503, -0.906134, 0.106375, 0.409396, -0.00091, 0.0, 0.0, 0.0, 1.0],
                [0.170492, -0.982023, 0.081005, -1.9e-05, 0.496076, 0.156574, 0.854043, 0.388502, -0.851375, -0.105423, 0.513855, -0.00091, 0.0, 0.0, 0.0, 1.0],
                [0.168739, -0.889982, 0.423625, -1.9e-05, 0.138762, 0.446957, 0.883727, 0.388502, -0.975844, -0.090336, 0.198915, -0.00091, 0.0, 0.0, 0.0, 1.0],
                [-0.081399, -0.991111, 0.105225, -1.9e-05, 0.879686, -0.121074, -0.459882, 0.388503, 0.468536, 0.055131, 0.881723, -0.00091, 0.0, 0.0, 0.0, 1.0],
                [0.291623, -0.71696, 0.633186, -1.9e-05, 0.772214, -0.21418, -0.598172, 0.388503, 0.564481, 0.663397, 0.491187, -0.00091, 0.0, 0.0, 0.0, 1.0],
                [0.246749, -0.179162, 0.952373, -1.9e-05, 0.962388, -0.069985, -0.26251, 0.388503, 0.113683, 0.981326, 0.155154, -0.00091, 0.0, 0.0, 0.0, 1.0],
                [0.352877, 0.256286, 0.899886, -1.9e-05, 0.931643, -0.007105, -0.363306, 0.388502, -0.086716, 0.966573, -0.241274, -0.00091, 0.0, 0.0, 0.0, 1.0],
                [0.947129, 0.293799, 0.128947, -1.9e-05, 0.104805, 0.096558, -0.989794, 0.388503, -0.303252, 0.950977, 0.06066, -0.00091, 0.0, 0.0, 0.0, 1.0],
                [-0.37537, 0.331392, -0.865607, -1.9e-05, -0.522715, 0.695533, 0.492953, 0.388502, 0.76542, 0.637506, -0.087858, -0.00091, 0.0, 0.0, 0.0, 1.0],
                [0.250872, -0.049976, -0.966729, -1.9e-05, -0.096309, 0.992422, -0.076297, 0.388503, 0.963217, 0.112245, 0.244158, -0.00091, 0.0, 0.0, 0.0, 1.0],
                [0.261737, -0.008504, -0.965102, -1.9e-05, 0.00487, 0.999959, -0.007491, 0.388503, 0.965126, -0.002739, 0.261768, -0.00091, 0.0, 0.0, 0.0, 1.0],
                [0.428032, -0.008601, -0.903722, -1.9e-05, 0.005837, 0.999959, -0.006752, 0.388502, 0.903744, -0.002385, 0.428065, -0.00091, 0.0, 0.0, 0.0, 1.0],
                [0.108427, -0.146796, -0.983206, -1.9e-05, 0.815474, 0.578783, 0.003515, 0.388502, 0.568547, -0.80216, 0.182464, -0.00091, 0.0, 0.0, 0.0, 1.0]
            ]
        },
        {
            "name": "Hand_R",
            "time": [0.0, 0.1333, 0.1667, 0.2333, 0.2667, 0.3, 0.3333, 0.4, 0.8, 1.0, 1.1, 1.2, 1.3833, 1.45, 1.5167, 1.5833, 1.65, 1.7167, 1.8833],
            "transform": [
                [1.000001, 0.0, 0.0, 0.0, -0.0, 1.0, -0.0, 0.329779, -0.0, 0.0, 1.0, -0.0, 0.0, 0.0, 0.0, 1.0],
                [1.000001, 0.0, 0.0, 0.0, -1e-06, 0.986332, -0.164773, 0.329779, -0.0, 0.164773, 0.986331, 0.0, 0.0, 0.0, 0.0, 1.0],
                [1.000001, 0.0, 0.0, -0.0, -0.0, 0.990995, -0.133903, 0.329779, -0.0, 0.133904, 0.990994, 0.0, 0.0, 0.0, 0.0, 1.0],
                [1.000002, 0.0, 0.0, 0.0, -0.0, 0.989973, -0.141263, 0.329779, -0.0, 0.141263, 0.989971, 0.0, 0.0, 0.0, 0.0, 1.0],
                [1.000001, 0.0, 0.0, 0.0, -0.0, 0.997905, -0.064712, 0.329779, -0.0, 0.064712, 0.997903, 0.0, 0.0, 0.0, 0.0, 1.0],
                [1.0, 0.0, 0.0, -0.0, -0.0, 0.993923, -0.110093, 0.329779, -0.0, 0.110092, 0.99392, -0.0, 0.0, 0.0, 0.0, 1.0],
                [1.0, 0.0, 0.0, -0.0, -0.0, 0.99186, -0.127341, 0.329779, -0.0, 0.127341, 0.991858, -0.0, 0.0, 0.0, 0.0, 1.0],
                [1.000001, 0.0, 0.0, -0.0, -0.0, 0.997068, -0.076536, 0.329779, -0.0, 0.076536, 0.997068, -0.0, 0.0, 0.0, 0.0, 1.0],
                [1.0, 1e-06, 0.0, -0.0, -0.0, 0.93537, -0.353672, 0.329779, -0.0, 0.353673, 0.93537, -0.0, 0.0, 0.0, 0.0, 1.0],
                [1.0, 0.0, 0.0, -0.0, -0.0, 1.000001, -0.0, 0.329779, -0.0, 0.0, 1.0, 0.0, 0.0, 0.0, 0.0, 1.0],
                [1.000001, 1e-06, 1e-06, 0.0, -0.0, 1.0, -0.0, 0.329779, -0.0, 1e-06, 1.0, 0.0, 0.0, 0.0, 0.0, 1.0],
                [1.0, 1e-06, 0.0, -0.0, -0.0, 1.000001, -0.0, 0.32978, -0.0, 0.0, 1.000001, 0.0, 0.0, 0.0, 0.0, 1.0],
                [0.999999, 0.0, 0.0, 0.0, -0.0, 1.0, -0.0, 0.329779, -0.0, 0.0, 1.0, -0.0, 0.0, 0.0, 0.0, 1.0],
                [1.0, 1e-06, 0.0, -0.0, -0.0, 1.0, -0.0, 0.329779, -0.0, 0.0, 1.000001, 0.0, 0.0, 0.0, 0.0, 1.0],
                [1.0, 0.0, 0.0, -0.0, -0.0, 0.976782, -0.214237, 0.329779, -0.0, 0.214237, 0.976782, -0.0, 0.0, 0.0, 0.0, 1.0],
                [1.0, 0.0, 0.0, -0.0, -0.0, 1.0, 0.0, 0.329779, -0.0, 1e-06, 1.0, 0.0, 0.0, 0.0, 0.0, 1.0],
                [1.0, 0.0, 0.0, 0.0, -1e-06, 1.0, 0.0, 0.329779, -0.0, 0.0, 1.0, 0.0, 0.0, 0.0, 0.0, 1.0],
                [1.0, 0.0, 0.0, -0.0, -0.0, 1.0, -0.0, 0.329779, -0.0, 0.0, 1.0, -0.0, 0.0, 0.0, 0.0, 1.0],
                [1.0, 0.0, 0.0, -0.0, -0.0, 0.982614, -0.185664, 0.329779, -0.0, 0.185664, 0.982613, 0.0, 0.0, 0.0, 0.0, 1.0]
            ]
        },
        {
            "name": "Tool_R",
            "time": [0.0, 0.1333, 0.1667, 0.2333, 0.3, 0.3333, 0.4, 0.8, 1.0, 1.1, 1.2, 1.3833, 1.45, 1.5167, 1.5833, 1.65, 1.7167, 1.8833],
            "transform": [
                [1.0, -0.0, 0.0, -0.02, 0.0, -0.938271, -0.345903, 0.291425, 0.0, 0.345903, -0.938271, 0.0, 0.0, 0.0, 0.0, 1.0],
                [1.0, -0.0, 0.0, -0.02, 0.0, -0.677406, -0.73561, 0.291425, 0.0, 0.735609, -0.677406, -0.0, 0.0, 0.0, 0.0, 1.0],
                [1.000001, 0.0, 0.0, -0.02, 0.0, -0.812178, -0.583411, 0.291425, 0.0, 0.583411, -0.812178, -0.0, 0.0, 0.0, 0.0, 1.0],
                [1.0, 0.0, -0.0, -0.02, 0.0, -0.726383, -0.687291, 0.509536, -0.0, 0.687291, -0.726384, 0.168537, 0.0, 0.0, 0.0, 1.0],
                [1.0, 0.0, -0.0, -0.02, -0.0, -0.516506, -0.856284, 0.701269, -0.0, 0.856284, -0.516506, 0.247215, 0.0, 0.0, 0.0, 1.0],
                [1.000001, 0.0, -0.0, -0.02, 0.0, -0.76532, -0.64365, 0.568761, -0.0, 0.64365, -0.76532, 0.310038, 0.0, 0.0, 0.0, 1.0],
                [1.0, -0.0, 0.0, -0.02, 0.0, -0.932151, -0.362068, 0.436253, 0.0, 0.362068, -0.932152, 0.372861, 0.0, 0.0, 0.0, 1.0],
                [1.0, 0.0, 0.0, -0.02, 0.0, -0.871322, -0.490712, 0.291425, 0.0, 0.490712, -0.871322, 0.0, 0.0, 0.0, 0.0, 1.0],
                [1.000001, 0.0, 0.0, -0.02, 0.0, -0.840102, -0.542427, 0.291425, -0.0, 0.542428, -0.840103, -0.0, 0.0, 0.0, 0.0, 1.0],
                [0.513828, -0.857894, -1e-06, -0.02, -0.846884, -0.507234, 0.159684, 0.291425, -0.136992, -0.082049, -0.987168, -0.0, 0.0, 0.0, 0.0, 1.0],
                [0.0, -1.000001, 0.0, -0.02, -1.0, -0.0, -0.0, 0.291426, 0.0, -0.0, -1.0, 0.0, 0.0, 0.0, 0.0, 1.0],
                [-7e-06, 0.965926, -0.258819, -0.02, -1.000001, -7e-06, 4e-06, 0.291425, 2e-06, 0.258819, 0.965926, -0.0, 0.0, 0.0, 0.0, 1.0],
                [0.022568, 0.573203, -0.819103, 0.023608, -0.997296, 0.070222, 0.021664, 0.38287, 0.069937, 0.816399, 0.573238, -0.037381, 0.0, 0.0, 0.0, 1.0],
                [-0.583173, -0.343514, -0.736144, 0.067217, -0.758935, 0.553559, 0.342916, 0.474314, 0.289703, 0.758665, -0.583526, -0.074762, 0.0, 0.0, 0.0, 1.0],
