{
    "animation": [
        {
            "name": "Root",
            "time": [0.0, 0.1, 0.2, 0.3, 0.4, 0.5, 0.6, 0.7333, 0.7667, 0.8, 0.8333, 0.85, 0.8667, 0.9, 0.9167, 0.95, 1.0, 1.0333, 1.2, 1.5, 1.6, 1.7833, 2.0333, 2.3],
            "transform": [
                [-0.937433, 0.240109, -0.252125, -5e-06, -0.19358, 0.242454, 0.950654, 0.000946, 0.28939, 0.939981, -0.180804, 0.626424, 0.0, 0.0, 0.0, 1.0],
                [-0.953358, 0.288197, 0.089727, -5e-06, 0.115728, 0.074451, 0.990486, 0.093711, 0.278775, 0.954672, -0.104331, 0.629341, 0.0, 0.0, 0.0, 1.0],
                [-0.801227, 0.251696, 0.542849, -5e-06, 0.541571, -0.080726, 0.83677, 0.300946, 0.254434, 0.964434, -0.071632, 0.632258, 0.0, 0.0, 0.0, 1.0],
                [-0.617918, 0.213128, 0.756805, -5e-06, 0.771165, -0.023315, 0.636208, 0.541887, 0.153238, 0.976746, -0.14995, 0.682258, 0.0, 0.0, 0.0, 1.0],
                [-0.232433, 0.189032, 0.954066, -5e-06, 0.97196, 0.081063, 0.220731, 0.712636, -0.035614, 0.978619, -0.202574, 0.692258, 0.0, 0.0, 0.0, 1.0],
                [0.796143, 0.23687, 0.556821, -5e-06, 0.57901, -0.030875, -0.814735, 0.757831, -0.175794, 0.971051, -0.161731, 0.712258, 0.0, 0.0, 0.0, 1.0],
                [0.67753, 0.096624, -0.729121, -5e-06, -0.735469, 0.097461, -0.670513, 1.017131, 0.006273, 0.990538, 0.137096, 0.632258, 0.0, 0.0, 0.0, 1.0],
                [-0.997915, 0.058826, 0.02655, -5e-06, 0.024261, -0.039291, 0.998933, 1.789039, 0.059806, 0.997495, 0.037782, 0.632258, 0.0, 0.0, 0.0, 1.0],
                [-0.668677, -0.016324, 0.743374, -5e-06, 0.735221, 0.134734, 0.664302, 1.979821, -0.111002, 0.990747, -0.078092, 0.632258, 0.0, 0.0, 0.0, 1.0],
                [0.078881, 0.058825, 0.995147, -5e-06, 0.948031, 0.304242, -0.093131, 2.200946, -0.308244, 0.950777, -0.031769, 0.632258, 0.0, 0.0, 0.0, 1.0],
                [0.622378, 0.138072, 0.770442, -5e-06, 0.702368, 0.335886, -0.627582, 2.34428, -0.345433, 0.931728, 0.112071, 0.627936, 0.0, 0.0, 0.0, 1.0],
                [0.840551, 0.188153, 0.508008, -5e-06, 0.432792, 0.330786, -0.838613, 2.440947, -0.32583, 0.924759, 0.196611, 0.625775, 0.0, 0.0, 0.0, 1.0],
                [0.923368, 0.178146, 0.34008, -5e-06, 0.265063, 0.344988, -0.900402, 2.567613, -0.277727, 0.921546, 0.271332, 0.523614, 0.0, 0.0, 0.0, 1.0],
                [0.992182, 0.045938, -0.116035, 0.008708, -0.124782, 0.379921, -0.916564, 2.610946, 0.001979, 0.923877, 0.382684, 0.399273, 0.0, 0.0, 0.0, 1.0],
                [0.945122, 0.087549, -0.314768, -0.048634, -0.322816, 0.398668, -0.858402, 2.637613, 0.050336, 0.912907, 0.405052, 0.399324, 0.0, 0.0, 0.0, 1.0],
                [0.697396, 0.023738, -0.716293, -5e-06, -0.653283, 0.432059, -0.621729, 2.710946, 0.294722, 0.901533, 0.316824, 0.41281, 0.0, 0.0, 0.0, 1.0],
                [0.232812, 0.090461, -0.968306, -5e-06, -0.924079, 0.330903, -0.191264, 2.710946, 0.303113, 0.939319, 0.160631, 0.441698, 0.0, 0.0, 0.0, 1.0],
                [-0.098334, 0.099744, -0.990142, -5e-06, -0.959185, 0.255579, 0.121006, 2.710946, 0.265129, 0.961629, 0.070541, 0.460956, 0.0, 0.0, 0.0, 1.0],
                [-0.453041, 0.079229, -0.887962, -5e-06, -0.871126, 0.172332, 0.459828, 2.710946, 0.189456, 0.981847, -0.009055, 0.485717, 0.0, 0.0, 0.0, 1.0],
                [-0.601816, 0.058826, -0.796465, -5e-06, -0.785515, 0.136423, 0.603618, 2.710946, 0.144165, 0.988903, -0.035893, 0.499473, 0.0, 0.0, 0.0, 1.0],
                [-0.29398, 0.028579, -0.955384, -5e-06, -0.947711, 0.121141, 0.295243, 2.710946, 0.124173, 0.992224, -0.008529, 0.533208, 0.0, 0.0, 0.0, 1.0],
                [0.255882, -0.00375, -0.966701, -5e-06, -0.963671, 0.078212, -0.255383, 2.710946, 0.076565, 0.99693, 0.0164, 0.595054, 0.0, 0.0, 0.0, 1.0],
                [0.6918, -0.009184, -0.722031, -5e-06, -0.721556, 0.029633, -0.691722, 2.710946, 0.027749, 0.999519, 0.013874, 0.671958, 0.0, 0.0, 0.0, 1.0],
                [0.882948, -0.0, -0.469472, -5e-06, -0.469472, 0.0, -0.882948, 2.710946, 0.0, 1.0, -0.0, 0.743735, 0.0, 0.0, 0.0, 1.0]
            ]
        },
        {
            "name": "Thigh_R",
            "time": [0.0, 0.1, 0.2, 0.3, 0.4, 0.5, 0.6, 0.7333, 0.8, 0.85, 0.8667, 0.9, 0.95, 1.0, 1.0333, 1.2, 1.5, 1.6, 1.7833, 2.0333, 2.3],
            "transform": [
                [0.984904, -0.155817, 0.075386, 0.124994, -0.173009, -0.899927, 0.400248, -0.00283, 0.005477, -0.407249, -0.9133, -1.2e-05, 0.0, 0.0, 0.0, 1.0],
                [0.983571, -0.175935, 0.040419, 0.124994, -0.180419, -0.965491, 0.187812, -0.00283, 0.005982, -0.192019, -0.981373, -1.2e-05, 0.0, 0.0, 0.0, 1.0],
                [0.997461, -0.022701, -0.06749, 0.124994, -0.014266, -0.992311, 0.122944, -0.002831, -0.069762, -0.121669, -0.990117, -1.2e-05, 0.0, 0.0, 0.0, 1.0],
                [0.987415, -0.154273, 0.034781, 0.124994, -0.156568, -0.922639, 0.352452, -0.00283, -0.022283, -0.353462, -0.935184, -1.2e-05, 0.0, 0.0, 0.0, 1.0],
                [0.957735, -0.283487, 0.048763, 0.124994, -0.28652, -0.955177, 0.074457, -0.00283, 0.02547, -0.085281, -0.996032, -1.2e-05, 0.0, 0.0, 0.0, 1.0],
                [0.974136, -0.225088, -0.019786, 0.124994, -0.22318, -0.944793, -0.239907, -0.002831, 0.035307, 0.238118, -0.970594, -1.2e-05, 0.0, 0.0, 0.0, 1.0],
                [0.987229, 0.138748, 0.078262, 0.124994, 0.151695, -0.968797, -0.196004, -0.00283, 0.048625, 0.205373, -0.977475, -1.2e-05, 0.0, 0.0, 0.0, 1.0],
                [0.999601, 0.027583, -0.006037, 0.124994, 0.026941, -0.995709, -0.088527, -0.002831, -0.008453, 0.088329, -0.996056, -1.2e-05, 0.0, 0.0, 0.0, 1.0],
                [0.999547, -0.01538, 0.025854, 0.124994, -0.028923, -0.727642, 0.685347, -0.00283, 0.008272, -0.685784, -0.727758, -1.2e-05, 0.0, 0.0, 0.0, 1.0],
                [0.958119, -0.25147, 0.137002, 0.124994, -0.264457, -0.960517, 0.086426, -0.00283, 0.109858, -0.119037, -0.986793, -1.2e-05, 0.0, 0.0, 0.0, 1.0],
                [0.932876, -0.32049, 0.164399, 0.124994, -0.31144, -0.946988, -0.078865, -0.002831, 0.180959, 0.022371, -0.983236, -1.2e-05, 0.0, 0.0, 0.0, 1.0],
                [0.924481, -0.299647, 0.235682, 0.124994, -0.288424, -0.954021, -0.08158, -0.00283, 0.249291, 0.007442, -0.9684, -1.2e-05, 0.0, 0.0, 0.0, 1.0],
                [0.980604, 0.069311, 0.183331, 0.124994, 0.106431, -0.973765, -0.201135, -0.002831, 0.16458, 0.216746, -0.962255, -1.2e-05, 0.0, 0.0, 0.0, 1.0],
                [0.920533, 0.386944, 0.053778, 0.124994, 0.379465, -0.918357, 0.112364, -0.00283, 0.092866, -0.083028, -0.992211, -1.2e-05, 0.0, 0.0, 0.0, 1.0],
                [0.873131, 0.483293, -0.063786, 0.124994, 0.478441, -0.824482, 0.302198, -0.002831, 0.09346, -0.294376, -0.951109, -1.2e-05, 0.0, 0.0, 0.0, 1.0],
                [0.852484, 0.492696, -0.174698, 0.124994, 0.510947, -0.71471, 0.477622, -0.002831, 0.110464, -0.496427, -0.861021, -1.2e-05, 0.0, 0.0, 0.0, 1.0],
                [0.858982, 0.468951, -0.205505, 0.124994, 0.499327, -0.678515, 0.538784, -0.002831, 0.113225, -0.565421, -0.816994, -1.2e-05, 0.0, 0.0, 0.0, 1.0],
                [0.837905, 0.538864, -0.08683, 0.124994, 0.532483, -0.772084, 0.346911, -0.002831, 0.119898, -0.336914, -0.93387, -1.2e-05, 0.0, 0.0, 0.0, 1.0],
                [0.86599, 0.474863, 0.156729, 0.124994, 0.489397, -0.869199, -0.070583, -0.002831, 0.102711, 0.137827, -0.985116, -1.2e-05, 0.0, 0.0, 0.0, 1.0],
                [0.978386, 0.17758, 0.10595, 0.124994, 0.149934, -0.962061, 0.227939, -0.002831, 0.142408, -0.207127, -0.967894, -1.2e-05, 0.0, 0.0, 0.0, 1.0],
                [0.980433, 0.09371, 0.173115, 0.124994, 0.110911, -0.989515, -0.092502, -0.002831, 0.162632, 0.109892, -0.980548, -1.2e-05, 0.0, 0.0, 0.0, 1.0]
            ]
        },
        {
            "name": "Leg_R",
            "time": [0.0, 0.1, 0.2, 0.3, 0.4, 0.5, 0.6, 0.7333, 0.8, 0.85, 0.8667, 0.9, 0.95, 1.0, 1.0333, 1.2, 1.5, 1.6, 1.7833, 2.0333, 2.3],
            "transform": [
                [1.000002, 0.0, 5e-06, -0.0, -4e-06, 0.594879, 0.803816, 0.37472, -2e-06, -0.803815, 0.594879, 0.0, 0.0, 0.0, 0.0, 1.0],
                [1.000002, 0.0, 5e-06, -0.0, -4e-06, 0.607893, 0.794019, 0.37472, -2e-06, -0.794018, 0.607893, -0.0, 0.0, 0.0, 0.0, 1.0],
                [1.000001, 1e-06, 5e-06, 0.0, -4e-06, 0.721384, 0.692536, 0.37472, -2e-06, -0.692535, 0.721383, -0.0, 0.0, 0.0, 0.0, 1.0],
                [1.000001, 2e-06, 5e-06, -0.0, -4e-06, 0.791055, 0.611746, 0.37472, -2e-06, -0.611744, 0.791054, 0.0, 0.0, 0.0, 0.0, 1.0],
                [1.000001, 4e-06, 3e-06, -0.0, -4e-06, 0.999987, 0.005012, 0.37472, -2e-06, -0.005012, 0.999987, 0.0, 0.0, 0.0, 0.0, 1.0],
                [1.000001, 4e-06, 2e-06, -0.0, -4e-06, 0.999984, 0.005558, 0.37472, -2e-06, -0.005558, 0.999984, 0.0, 0.0, 0.0, 0.0, 1.0],
                [1.000001, 3e-06, 4e-06, 0.0, -4e-06, 0.93176, 0.363074, 0.37472, -3e-06, -0.363073, 0.93176, -0.0, 0.0, 0.0, 0.0, 1.0],
                [1.000001, 2e-06, 4e-06, -0.0, -4e-06, 0.79441, 0.607381, 0.37472, -2e-06, -0.60738, 0.79441, -0.0, 0.0, 0.0, 0.0, 1.0],
                [1.0, -0.0, 5e-06, 0.0, -4e-06, 0.495321, 0.868709, 0.37472, -2e-06, -0.868708, 0.495322, 0.0, 0.0, 0.0, 0.0, 1.0],
                [1.0, 3e-06, 4e-06, 0.0, -4e-06, 0.936576, 0.350464, 0.37472, -2e-06, -0.350463, 0.936576, -0.0, 0.0, 0.0, 0.0, 1.0],
                [1.0, 2e-06, 4e-06, 0.0, -4e-06, 0.890438, 0.455103, 0.374721, -2e-06, -0.455103, 0.890438, 0.0, 0.0, 0.0, 0.0, 1.0],
                [1.0, 0.0, 5e-06, -0.0, -4e-06, 0.605131, 0.796125, 0.37472, -3e-06, -0.796125, 0.605131, -0.0, 0.0, 0.0, 0.0, 1.0],
                [1.0, 2e-06, 4e-06, -0.0, -4e-06, 0.821433, 0.570304, 0.374721, -2e-06, -0.570304, 0.821433, -0.0, 0.0, 0.0, 0.0, 1.0],
                [1.0, 1e-06, 5e-06, 0.0, -4e-06, 0.708578, 0.705632, 0.37472, -3e-06, -0.705631, 0.708578, -0.0, 0.0, 0.0, 0.0, 1.0],
                [1.0, 1e-06, 5e-06, 0.0, -4e-06, 0.690535, 0.723298, 0.37472, -2e-06, -0.723297, 0.690535, -0.0, 0.0, 0.0, 0.0, 1.0],
                [1.0, 1e-06, 5e-06, 0.0, -4e-06, 0.737167, 0.67571, 0.37472, -2e-06, -0.675709, 0.737167, 0.0, 0.0, 0.0, 0.0, 1.0],
                [1.0, 2e-06, 4e-06, 0.0, -4e-06, 0.788379, 0.615189, 0.374721, -3e-06, -0.615189, 0.788378, 0.0, 0.0, 0.0, 0.0, 1.0],
                [1.0, 2e-06, 4e-06, -0.0, -4e-06, 0.783715, 0.62112, 0.37472, -3e-06, -0.621119, 0.783715, -0.0, 0.0, 0.0, 0.0, 1.0],
                [1.000001, 3e-06, 3e-06, -0.0, -4e-06, 0.962636, 0.270801, 0.37472, -3e-06, -0.270801, 0.962635, 0.0, 0.0, 0.0, 0.0, 1.0],
                [1.000001, 1e-06, 4e-06, -0.0, -4e-06, 0.71314, 0.701023, 0.37472, -2e-06, -0.701022, 0.713139, 0.0, 0.0, 0.0, 0.0, 1.0],
                [1.000002, 4e-06, 3e-06, -0.0, -4e-06, 0.99999, 0.004986, 0.37472, -3e-06, -0.004986, 0.999988, -0.0, 0.0, 0.0, 0.0, 1.0]
            ]
        },
        {
            "name": "Knee_R",
            "time": [0.0, 0.1, 0.2, 0.3, 0.4, 0.5, 0.6, 0.7333, 0.8, 0.85, 0.8667, 0.9, 0.95, 1.0, 1.0333, 1.2, 1.5, 1.6, 1.7833, 2.0333, 2.3],
            "transform": [
                [1.0, 2e-06, -4e-06, 0.0, -4e-06, 3e-06, -1.0, 0.37472, -2e-06, 1.0, 3e-06, -0.0, 0.0, 0.0, 0.0, 1.0],
                [1.0, 2e-06, -4e-06, 0.0, -4e-06, 3e-06, -1.0, 0.37472, -2e-06, 1.0, 3e-06, -0.0, 0.0, 0.0, 0.0, 1.0],
                [1.0, 2e-06, -4e-06, 0.0, -4e-06, 3e-06, -1.0, 0.37472, -2e-06, 1.0, 3e-06, -0.0, 0.0, 0.0, 0.0, 1.0],
                [1.0, 2e-06, -4e-06, -0.0, -4e-06, 3e-06, -1.0, 0.37472, -2e-06, 1.0, 3e-06, 0.0, 0.0, 0.0, 0.0, 1.0],
                [1.0, 2e-06, -4e-06, -0.0, -4e-06, 3e-06, -1.0, 0.37472, -2e-06, 1.0, 3e-06, -0.0, 0.0, 0.0, 0.0, 1.0],
                [1.0, 2e-06, -4e-06, 0.0, -4e-06, 3e-06, -1.0, 0.37472, -2e-06, 1.0, 3e-06, -0.0, 0.0, 0.0, 0.0, 1.0],
                [1.0, 2e-06, -4e-06, 0.0, -4e-06, 3e-06, -1.0, 0.37472, -2e-06, 1.0, 3e-06, -0.0, 0.0, 0.0, 0.0, 1.0],
                [1.0, 2e-06, -4e-06, -0.0, -4e-06, 3e-06, -1.0, 0.37472, -2e-06, 1.0, 3e-06, 0.0, 0.0, 0.0, 0.0, 1.0],
                [1.0, 2e-06, -4e-06, -0.0, -4e-06, 3e-06, -1.0, 0.37472, -2e-06, 1.0, 3e-06, 0.0, 0.0, 0.0, 0.0, 1.0],
                [1.0, 2e-06, -4e-06, -0.0, -4e-06, 3e-06, -1.0, 0.37472, -2e-06, 1.0, 3e-06, -0.0, 0.0, 0.0, 0.0, 1.0],
                [1.0, 2e-06, -4e-06, 0.0, -4e-06, 3e-06, -1.0, 0.37472, -2e-06, 1.0, 3e-06, 0.0, 0.0, 0.0, 0.0, 1.0],
                [1.0, 2e-06, -4e-06, -0.0, -4e-06, 3e-06, -1.0, 0.37472, -2e-06, 1.0, 3e-06, -0.0, 0.0, 0.0, 0.0, 1.0],
                [1.0, 2e-06, -4e-06, 0.0, -4e-06, 3e-06, -1.0, 0.374721, -2e-06, 1.0, 3e-06, -0.0, 0.0, 0.0, 0.0, 1.0],
                [1.0, 2e-06, -4e-06, -0.0, -4e-06, 3e-06, -1.0, 0.37472, -2e-06, 1.0, 3e-06, 0.0, 0.0, 0.0, 0.0, 1.0],
                [1.0, 2e-06, -4e-06, 0.0, -4e-06, 3e-06, -1.0, 0.374721, -2e-06, 1.0, 3e-06, -0.0, 0.0, 0.0, 0.0, 1.0],
                [1.0, 2e-06, -4e-06, -0.0, -4e-06, 3e-06, -1.0, 0.37472, -2e-06, 1.0, 3e-06, 0.0, 0.0, 0.0, 0.0, 1.0],
                [1.0, 2e-06, -4e-06, -0.0, -4e-06, 3e-06, -1.0, 0.37472, -2e-06, 1.0, 3e-06, 0.0, 0.0, 0.0, 0.0, 1.0],
                [1.0, 2e-06, -4e-06, -0.0, -4e-06, 3e-06, -1.0, 0.37472, -2e-06, 1.0, 3e-06, -0.0, 0.0, 0.0, 0.0, 1.0],
                [1.0, 2e-06, -4e-06, -0.0, -4e-06, 3e-06, -1.0, 0.37472, -2e-06, 1.0, 3e-06, -0.0, 0.0, 0.0, 0.0, 1.0],
                [1.0, 2e-06, -4e-06, 0.0, -4e-06, 3e-06, -1.0, 0.37472, -2e-06, 1.0, 3e-06, 0.0, 0.0, 0.0, 0.0, 1.0],
                [1.0, 2e-06, -4e-06, -0.0, -4e-06, 3e-06, -1.0, 0.37472, -2e-06, 1.0, 3e-06, -0.0, 0.0, 0.0, 0.0, 1.0]
            ]
        },
        {
            "name": "Thigh_L",
            "time": [0.0, 0.1, 0.2, 0.3, 0.4, 0.5, 0.6, 0.7333, 0.8, 0.85, 0.8667, 0.9, 0.95, 1.0, 1.0333, 1.2, 1.5, 1.6, 1.7833, 2.0333, 2.3],
            "transform": [
                [0.949379, -0.287813, 0.125867, -0.125006, -0.296607, -0.689352, 0.660923, -0.00283, -0.103455, -0.664799, -0.739824, -1.2e-05, 0.0, 0.0, 0.0, 1.0],
                [0.923728, -0.334392, 0.186839, -0.125006, -0.362169, -0.603592, 0.71029, -0.00283, -0.12474, -0.723782, -0.67866, -1.2e-05, 0.0, 0.0, 0.0, 1.0],
                [0.807067, -0.546606, 0.223304, -0.125006, -0.558781, -0.584832, 0.587994, -0.002831, -0.190805, -0.599329, -0.777431, -1.2e-05, 0.0, 0.0, 0.0, 1.0],
                [0.851642, -0.521809, 0.049209, -0.125006, -0.510675, -0.804991, 0.301994, -0.00283, -0.11797, -0.28232, -0.952039, -1.2e-05, 0.0, 0.0, 0.0, 1.0],
                [0.986169, 0.002035, 0.165732, -0.125006, -0.101285, -0.784104, 0.61231, -0.00283, 0.131197, -0.620627, -0.773053, -1.2e-05, 0.0, 0.0, 0.0, 1.0],
                [0.997171, 0.073289, -0.016658, -0.125006, 0.074981, -0.95485, 0.287471, -0.002831, 0.005163, -0.287907, -0.957645, -1.2e-05, 0.0, 0.0, 0.0, 1.0],
                [0.987234, -0.137122, 0.081027, -0.125006, -0.152258, -0.663185, 0.732804, -0.00283, -0.046748, -0.735787, -0.675598, -1.2e-05, 0.0, 0.0, 0.0, 1.0],
                [0.998824, -0.047499, 0.009659, -0.125006, -0.037499, -0.630965, 0.774905, -0.002831, -0.030713, -0.774357, -0.632005, -1.2e-05, 0.0, 0.0, 0.0, 1.0],
                [0.997783, -0.033436, -0.057545, -0.125006, -0.028756, -0.996354, 0.080323, -0.002831, -0.060021, -0.07849, -0.995106, -1.2e-05, 0.0, 0.0, 0.0, 1.0],
                [0.92841, 0.359453, -0.094069, -0.125006, 0.32279, -0.654891, 0.683319, -0.00283, 0.184015, -0.664765, -0.724034, -1.2e-05, 0.0, 0.0, 0.0, 1.0],
                [0.970141, 0.196494, -0.142182, -0.125006, 0.191629, -0.261635, 0.945953, -0.002831, 0.148673, -0.944954, -0.291477, -1.2e-05, 0.0, 0.0, 0.0, 1.0],
                [0.920761, 0.25107, -0.2986, -0.125006, 0.241287, 0.234951, 0.941583, -0.002831, 0.30656, -0.939022, 0.155753, -1.1e-05, 0.0, 0.0, 0.0, 1.0],
                [0.965302, -0.083692, 0.247361, -0.125006, -0.202282, 0.359414, 0.910991, -0.002831, -0.165147, -0.929418, 0.330014, -1.2e-05, 0.0, 0.0, 0.0, 1.0],
                [0.797614, -0.32343, 0.509121, -0.125006, -0.49436, 0.133052, 0.859014, -0.002831, -0.34557, -0.936851, -0.053767, -1.2e-05, 0.0, 0.0, 0.0, 1.0],
                [0.698513, -0.501746, 0.510225, -0.125006, -0.638211, -0.114301, 0.761329, -0.002831, -0.323674, -0.85743, -0.400061, -1.2e-05, 0.0, 0.0, 0.0, 1.0],
                [0.726781, -0.596803, 0.34002, -0.125006, -0.651215, -0.441291, 0.617398, -0.00283, -0.218417, -0.67014, -0.70937, -1.2e-05, 0.0, 0.0, 0.0, 1.0],
                [0.765338, -0.601388, 0.229322, -0.125006, -0.619953, -0.593063, 0.513744, -0.002831, -0.172957, -0.535357, -0.826728, -1.2e-05, 0.0, 0.0, 0.0, 1.0],
                [0.945267, -0.285134, 0.158641, -0.125006, -0.274197, -0.430591, 0.859887, -0.002831, -0.176874, -0.856323, -0.485207, -1.2e-05, 0.0, 0.0, 0.0, 1.0],
                [0.978712, -0.148725, -0.141431, -0.125006, -0.064789, -0.877765, 0.474691, -0.002831, -0.194741, -0.455423, -0.868715, -1.2e-05, 0.0, 0.0, 0.0, 1.0],
                [0.974572, -0.16493, -0.151683, -0.125006, -0.091117, -0.91013, 0.404181, -0.002831, -0.204713, -0.380082, -0.902015, -1.1e-05, 0.0, 0.0, 0.0, 1.0],
                [0.9679, -0.096806, -0.231947, -0.125006, -0.062809, -0.986731, 0.149725, -0.002831, -0.243364, -0.13035, -0.961137, -1.2e-05, 0.0, 0.0, 0.0, 1.0]
            ]
        },
        {
            "name": "Leg_L",
            "time": [0.0, 0.1, 0.2, 0.3, 0.4, 0.5, 0.6, 0.7333, 0.8, 0.85, 0.8667, 0.9, 0.95, 1.0, 1.0333, 1.2, 1.5, 1.6, 1.7833, 2.0333, 2.3],
            "transform": [
                [0.999999, -1e-06, 1e-06, -0.0, -1e-06, 0.340875, 0.940107, 0.37472, -1e-06, -0.940108, 0.340874, -0.0, 0.0, 0.0, 0.0, 1.0],
                [1.0, -0.0, 2e-06, -0.0, -1e-06, 0.440212, 0.897892, 0.37472, -1e-06, -0.897893, 0.440213, 0.0, 0.0, 0.0, 0.0, 1.0],
                [0.999999, 0.0, 1e-06, -0.0, -1e-06, 0.820072, 0.572259, 0.37472, -1e-06, -0.572259, 0.820072, 0.0, 0.0, 0.0, 0.0, 1.0],
                [0.999999, 0.0, 1e-06, 0.0, -1e-06, 0.839935, 0.542686, 0.37472, -1e-06, -0.542686, 0.839935, 0.0, 0.0, 0.0, 0.0, 1.0],
                [0.999999, -0.0, 1e-06, -0.0, -1e-06, 0.383547, 0.923521, 0.37472, -1e-06, -0.923521, 0.383547, 0.0, 0.0, 0.0, 0.0, 1.0],
                [0.999999, 1e-06, 1e-06, 0.0, -1e-06, 0.999987, 0.004883, 0.37472, -1e-06, -0.004883, 0.999987, -0.0, 0.0, 0.0, 0.0, 1.0],
                [0.999999, 1e-06, 1e-06, -0.0, -1e-06, 0.95351, 0.301357, 0.37472, -1e-06, -0.301357, 0.95351, 0.0, 0.0, 0.0, 0.0, 1.0],
                [0.999999, 0.0, 2e-06, -0.0, -1e-06, 0.73946, 0.673198, 0.37472, -1e-06, -0.673197, 0.73946, 0.0, 0.0, 0.0, 0.0, 1.0],
                [0.999999, 0.0, 2e-06, -0.0, -1e-06, 0.827423, 0.561578, 0.37472, -1e-06, -0.561578, 0.827423, 0.0, 0.0, 0.0, 0.0, 1.0],
                [0.999999, 1e-06, 1e-06, 0.0, -1e-06, 0.999987, 0.004869, 0.37472, -1e-06, -0.004869, 0.999987, -0.0, 0.0, 0.0, 0.0, 1.0],
                [0.999999, 0.0, 2e-06, -0.0, -1e-06, 0.790958, 0.611869, 0.37472, -1e-06, -0.611869, 0.790958, 0.0, 0.0, 0.0, 0.0, 1.0],
                [0.999999, -0.0, 2e-06, -0.0, -1e-06, 0.419082, 0.907947, 0.37472, -1e-06, -0.907947, 0.419082, -0.0, 0.0, 0.0, 0.0, 1.0],
                [0.999999, -1e-06, 1e-06, -0.0, -1e-06, 0.059196, 0.998245, 0.374721, -1e-06, -0.998245, 0.059196, -0.0, 0.0, 0.0, 0.0, 1.0],
                [1.0, -1e-06, 1e-06, -1e-06, -1e-06, -0.066128, 0.99781, 0.374721, -1e-06, -0.997809, -0.066128, -0.0, 0.0, 0.0, 0.0, 1.0],
                [1.0, -1e-06, 1e-06, 0.0, -1e-06, -0.039821, 0.999206, 0.37472, -1e-06, -0.999205, -0.039821, -0.0, 0.0, 0.0, 0.0, 1.0],
                [1.0, -1e-06, 1e-06, -0.0, -1e-06, 0.007096, 0.999973, 0.37472, -1e-06, -0.999973, 0.007097, -0.0, 0.0, 0.0, 0.0, 1.0],
                [1.0, -1e-06, 1e-06, 0.0, -1e-06, 0.076247, 0.997088, 0.37472, -1e-06, -0.997087, 0.076247, -0.0, 0.0, 0.0, 0.0, 1.0],
                [1.0, -1e-06, 1e-06, -0.0, -1e-06, -0.368201, 0.929744, 0.37472, -1e-06, -0.929744, -0.368202, 0.0, 0.0, 0.0, 0.0, 1.0],
                [1.0, -1e-06, 1e-06, -0.0, -1e-06, 0.251804, 0.967776, 0.37472, -1e-06, -0.967777, 0.251804, 0.0, 0.0, 0.0, 0.0, 1.0],
                [1.0, -0.0, 1e-06, -0.0, -1e-06, 0.59392, 0.804522, 0.37472, -1e-06, -0.804523, 0.59392, 0.0, 0.0, 0.0, 0.0, 1.0],
                [0.999999, 1e-06, 1e-06, -0.0, -1e-06, 0.968024, 0.250853, 0.37472, -1e-06, -0.250853, 0.968024, -0.0, 0.0, 0.0, 0.0, 1.0]
            ]
        },
        {
            "name": "Knee_L",
            "time": [0.0, 0.1, 0.2, 0.3, 0.4, 0.5, 0.6, 0.7333, 0.8, 0.85, 0.8667, 0.9, 0.95, 1.0, 1.0333, 1.2, 1.5, 1.6, 1.7833, 2.0333, 2.3],
            "transform": [
                [1.0, 1e-06, -1e-06, -0.0, -1e-06, 0.574077, -0.818802, 0.37472, -1e-06, 0.818802, 0.574076, -0.0, 0.0, 0.0, 0.0, 1.0],
                [1.0, 1e-06, -1e-06, 0.0, -2e-06, 0.529051, -0.84859, 0.37472, -0.0, 0.84859, 0.529051, -0.0, 0.0, 0.0, 0.0, 1.0],
                [1.000001, 1e-06, -1e-06, -0.0, -1e-06, 0.299941, -0.953958, 0.37472, -0.0, 0.953958, 0.299941, -0.0, 0.0, 0.0, 0.0, 1.0],
                [1.0, 1e-06, -1e-06, 0.0, -1e-06, 0.282901, -0.959149, 0.37472, -1e-06, 0.959149, 0.282901, 0.0, 0.0, 0.0, 0.0, 1.0],
                [1.0, 1e-06, -1e-06, 0.0, -2e-06, 0.555183, -0.831728, 0.37472, -1e-06, 0.831729, 0.555183, -0.0, 0.0, 0.0, 0.0, 1.0],
                [1.0, 1e-06, -2e-06, 0.0, -2e-06, 0.002443, -0.999997, 0.37472, -1e-06, 0.999997, 0.002443, 0.0, 0.0, 0.0, 0.0, 1.0],
                [1.0, 1e-06, -1e-06, 0.0, -1e-06, 0.152462, -0.988309, 0.37472, -1e-06, 0.988309, 0.152462, 0.0, 0.0, 0.0, 0.0, 1.0],
                [1.0, 1e-06, -1e-06, 0.0, -1e-06, 0.360929, -0.932593, 0.37472, -0.0, 0.932593, 0.36093, -0.0, 0.0, 0.0, 0.0, 1.0],
                [1.0, 1e-06, -1e-06, -0.0, -1e-06, 0.29375, -0.955882, 0.37472, -1e-06, 0.955882, 0.29375, 0.0, 0.0, 0.0, 0.0, 1.0],
                [1.0, 1e-06, -1e-06, 0.0, -2e-06, 0.002436, -0.999997, 0.37472, -1e-06, 0.999996, 0.002437, 0.0, 0.0, 0.0, 0.0, 1.0],
                [1.0, 1e-06, -1e-06, -0.0, -1e-06, 0.323298, -0.946298, 0.37472, -0.0, 0.946298, 0.323298, 0.0, 0.0, 0.0, 0.0, 1.0],
                [1.0, 1e-06, -1e-06, -0.0, -1e-06, 0.538943, -0.842342, 0.37472, -0.0, 0.842342, 0.538943, -0.0, 0.0, 0.0, 0.0, 1.0],
                [1.0, 1e-06, -1e-06, -0.0, -1e-06, 0.68586, -0.727734, 0.37472, -0.0, 0.727734, 0.68586, -0.0, 0.0, 0.0, 0.0, 1.0],
                [1.0, 1e-06, -1e-06, -1e-06, -1e-06, 0.730113, -0.683327, 0.374721, -0.0, 0.683326, 0.730113, -0.0, 0.0, 0.0, 0.0, 1.0],
                [1.0, 1e-06, -1e-06, -0.0, -2e-06, 0.721049, -0.692884, 0.37472, -0.0, 0.692884, 0.721049, -0.0, 0.0, 0.0, 0.0, 1.0],
                [1.0, 1e-06, -1e-06, -0.0, -1e-06, 0.704594, -0.709611, 0.37472, -0.0, 0.709611, 0.704594, -0.0, 0.0, 0.0, 0.0, 1.0],
                [1.0, 1e-06, -1e-06, 0.0, -1e-06, 0.679616, -0.733569, 0.37472, -0.0, 0.733568, 0.679616, -0.0, 0.0, 0.0, 0.0, 1.0],
                [1.0, 1e-06, -0.0, -0.0, -2e-06, 0.827105, -0.562048, 0.37472, -1e-06, 0.562048, 0.827105, 0.0, 0.0, 0.0, 0.0, 1.0],
                [1.0, 1e-06, -1e-06, -0.0, -1e-06, 0.611636, -0.791139, 0.37472, -0.0, 0.791139, 0.611636, 0.0, 0.0, 0.0, 0.0, 1.0],
                [1.0, 1e-06, -1e-06, -0.0, -1e-06, 0.4506, -0.892726, 0.37472, -1e-06, 0.892726, 0.4506, -0.0, 0.0, 0.0, 0.0, 1.0],
                [1.0, 0.0, -1e-06, 0.0, -1e-06, 0.126443, -0.991974, 0.37472, -0.0, 0.991974, 0.126443, -0.0, 0.0, 0.0, 0.0, 1.0]
            ]
        },
        {
            "name": "Torso",
            "time": [0.0, 0.1, 0.2, 0.3, 0.4, 0.5, 0.6, 0.7333, 0.8, 0.85, 0.8667, 0.9, 0.95, 1.0, 1.0333, 1.2, 1.5, 1.6, 1.7833, 2.0333, 2.3],
            "transform": [
                [0.998234, 0.049471, -0.032888, -0.0, -0.051088, 0.997428, -0.050267, 0.05, 0.030317, 0.051858, 0.998194, -0.0, 0.0, 0.0, 0.0, 1.0],
                [0.998243, 0.054343, -0.023632, 0.0, -0.054608, 0.998451, -0.01069, 0.05, 0.023014, 0.011962, 0.999663, 0.0, 0.0, 0.0, 0.0, 1.0],
                [0.998167, 0.058838, -0.014194, 0.0, -0.058411, 0.997876, 0.028846, 0.05, 0.015861, -0.027964, 0.999483, 0.0, 0.0, 0.0, 0.0, 1.0],
                [0.999999, -0.000367, 0.001258, -0.0, 0.000281, 0.997719, 0.067504, 0.05, -0.00128, -0.067504, 0.997718, 0.0, 0.0, 0.0, 0.0, 1.0],
                [0.998081, -0.060227, 0.0144, 0.0, 0.05835, 0.99255, 0.106959, 0.05, -0.020735, -0.105914, 0.994159, -0.0, 0.0, 0.0, 0.0, 1.0],
                [0.996653, -0.081148, 0.009923, -0.0, 0.080625, 0.995729, 0.044983, 0.05, -0.013531, -0.044032, 0.998938, 0.0, 0.0, 0.0, 0.0, 1.0],
                [0.994734, -0.102268, 0.006759, 0.0, 0.102371, 0.994597, -0.017252, 0.05, -0.004958, 0.017853, 0.999828, -0.0, 0.0, 0.0, 0.0, 1.0],
                [0.992339, -0.12345, 0.004924, -0.0, 0.12345, 0.989174, -0.079339, 0.05, 0.004924, 0.079339, 0.996835, 0.0, 0.0, 0.0, 0.0, 1.0],
                [0.993257, -0.115865, 0.003994, 0.0, 0.115865, 0.990891, -0.068631, 0.05, 0.003994, 0.068631, 0.997634, -0.0, 0.0, 0.0, 0.0, 1.0],
                [0.999162, 0.035719, 0.020004, -0.0, -0.033506, 0.994245, -0.101751, 0.05, -0.023523, 0.100995, 0.994609, -0.0, 0.0, 0.0, 0.0, 1.0],
                [0.999337, 0.031283, 0.018646, 0.0, -0.029039, 0.993463, -0.110396, 0.05, -0.021977, 0.109781, 0.993713, -0.0, 0.0, 0.0, 0.0, 1.0],
                [0.999621, 0.02237, 0.016044, 0.0, -0.020142, 0.99161, -0.127684, 0.05, -0.018766, 0.127312, 0.991685, 0.0, 0.0, 0.0, 0.0, 1.0],
                [0.999883, 0.008911, 0.012434, 0.0, -0.006896, 0.98811, -0.153591, 0.05, -0.013654, 0.153487, 0.988056, -0.0, 0.0, 0.0, 0.0, 1.0],
                [0.999947, -0.00464, 0.009176, 0.0, 0.006212, 0.98375, -0.179436, 0.05, -0.008195, 0.179484, 0.983727, -0.0, 0.0, 0.0, 0.0, 1.0],
                [0.99988, -0.013717, 0.007203, 0.0, 0.014865, 0.980368, -0.196616, 0.05, -0.004365, 0.196699, 0.980454, 0.0, 0.0, 0.0, 0.0, 1.0],
                [0.999665, -0.025426, 0.004902, 0.0, 0.025882, 0.975465, -0.218625, 0.05, 0.000777, 0.218678, 0.975797, 0.0, 0.0, 0.0, 0.0, 1.0],
                [0.999483, -0.031946, 0.003738, -0.0, 0.031946, 0.972475, -0.230807, 0.05, 0.003739, 0.230807, 0.972992, -0.0, 0.0, 0.0, 0.0, 1.0],
                [0.999296, -0.035128, -0.01315, 0.0, 0.031841, 0.979763, -0.197613, 0.05, 0.019825, 0.197055, 0.980192, 0.0, 0.0, 0.0, 0.0, 1.0],
                [0.998234, -0.039446, -0.044414, 0.0, 0.033073, 0.99015, -0.136048, 0.05, 0.049343, 0.134339, 0.989706, -0.0, 0.0, 0.0, 0.0, 1.0],
                [0.995618, -0.042027, -0.083542, -0.0, 0.037176, 0.997578, -0.058795, 0.05, 0.085811, 0.055432, 0.994768, -0.0, 0.0, 0.0, 0.0, 1.0],
                [0.991907, -0.041629, -0.119948, -0.0, 0.043531, 0.998964, 0.013283, 0.05, 0.119271, -0.018397, 0.992691, 0.0, 0.0, 0.0, 0.0, 1.0]
            ]
        },
        {
            "name": "Chest",
            "time": [0.0, 0.1, 0.2, 0.3, 0.4, 0.5, 0.6, 0.7333, 0.8, 0.8333, 0.85, 0.8667, 0.9, 0.95, 1.0, 1.0333, 1.2, 1.5, 1.6, 1.7833, 2.0333, 2.3],
            "transform": [
                [0.987853, 0.070771, -0.138339, 0.0, -0.079386, 0.995168, -0.057775, 0.3, 0.133582, 0.068055, 0.988698, -0.0, 0.0, 0.0, 0.0, 1.0],
                [0.756405, 0.14897, -0.636914, 0.0, -0.110516, 0.988828, 0.10003, 0.3, 0.6447, -0.005274, 0.764418, -0.0, 0.0, 0.0, 0.0, 1.0],
                [0.8449, 0.119235, -0.521467, 0.0, -0.054957, 0.989032, 0.137102, 0.3, 0.532095, -0.087179, 0.842185, -0.0, 0.0, 0.0, 0.0, 1.0],
                [0.772446, 0.108783, -0.625694, -0.0, -0.036542, 0.991202, 0.127219, 0.3, 0.634028, -0.075406, 0.769625, -0.0, 0.0, 0.0, 0.0, 1.0],
                [0.686997, 0.096837, -0.720179, 0.0, -0.019443, 0.993176, 0.114997, 0.3, 0.726401, -0.065, 0.684191, 0.0, 0.0, 0.0, 0.0, 1.0],
                [0.788888, 0.062586, -0.611342, 0.0, -0.016052, 0.99656, 0.081308, 0.3, 0.614328, -0.05433, 0.787178, -0.0, 0.0, 0.0, 0.0, 1.0],
                [0.987754, 0.019773, 0.154764, 0.0, -0.024932, 0.999194, 0.031466, 0.3, -0.154018, -0.034939, 0.98745, 0.0, 0.0, 0.0, 0.0, 1.0],
                [0.594297, 0.004431, 0.804234, -0.0, 0.003375, 0.999963, -0.008003, 0.3, -0.804239, 0.00747, 0.594259, -0.0, 0.0, 0.0, 0.0, 1.0],
                [0.76376, 0.179101, 0.620156, -0.0, 0.166186, 0.873793, -0.45702, 0.3, -0.623741, 0.452115, 0.637605, -0.0, 0.0, 0.0, 0.0, 1.0],
                [0.884434, -0.026501, 0.465913, -0.0, 0.126541, 0.974601, -0.184775, 0.3, -0.449183, 0.222378, 0.865323, -0.0, 0.0, 0.0, 0.0, 1.0],
                [0.93534, -0.041645, 0.351292, 0.0, 0.120358, 0.971267, -0.205319, 0.3, -0.332648, 0.234324, 0.913476, -0.0, 0.0, 0.0, 0.0, 1.0],
                [0.895253, 0.019663, 0.445125, -0.0, 0.08587, 0.972683, -0.215673, 0.3, -0.437207, 0.231305, 0.869108, -0.0, 0.0, 0.0, 0.0, 1.0],
                [0.999267, 0.016077, 0.034748, -0.0, -0.010432, 0.987558, -0.156912, 0.3, -0.036838, 0.156434, 0.987001, 0.0, 0.0, 0.0, 0.0, 1.0],
                [0.552785, 0.023147, -0.833003, -0.0, -0.074744, 0.996963, -0.021897, 0.3, 0.829966, 0.074366, 0.552836, 0.0, 0.0, 0.0, 0.0, 1.0],
                [0.521278, 0.1152, -0.845576, -0.0, -0.042908, 0.993132, 0.108851, 0.3, 0.852308, -0.02046, 0.52264, 0.0, 0.0, 0.0, 0.0, 1.0],
                [0.503818, 0.170545, -0.846807, -0.0, -0.021784, 0.982513, 0.184915, 0.3, 0.863536, -0.074717, 0.498723, 0.0, 0.0, 0.0, 0.0, 1.0],
                [0.484926, 0.234712, -0.842471, 0.0, 0.004513, 0.962629, 0.270786, 0.3, 0.874544, -0.135114, 0.465745, -0.0, 0.0, 0.0, 0.0, 1.0],
                [0.475933, 0.267128, -0.837932, -0.0, 0.018534, 0.949499, 0.313222, 0.3, 0.879287, -0.164603, 0.446947, -0.0, 0.0, 0.0, 0.0, 1.0],
                [0.538944, 0.225349, -0.811639, -0.0, 0.002684, 0.963086, 0.26918, 0.3, 0.842338, -0.147252, 0.518444, 0.0, 0.0, 0.0, 0.0, 1.0],
                [0.649124, 0.150645, -0.745617, 0.0, -0.017601, 0.982906, 0.183264, 0.3, 0.760479, -0.105837, 0.64068, 0.0, 0.0, 0.0, 0.0, 1.0],
                [0.770473, 0.06518, -0.634132, 0.0, -0.025576, 0.997118, 0.071416, 0.3, 0.63696, -0.038806, 0.76992, -0.0, 0.0, 0.0, 0.0, 1.0],
                [0.862121, -0.002923, -0.506694, -0.0, -0.015575, 0.999358, -0.032265, 0.3, 0.506463, 0.035709, 0.861522, -0.0, 0.0, 0.0, 0.0, 1.0]
            ]
        },
        {
            "name": "Head",
            "time": [0.0, 0.1, 0.2, 0.3, 0.4, 0.5, 0.6, 0.7333, 0.7667, 0.8, 0.8333, 0.85, 0.8667, 0.9, 0.9167, 0.95, 1.0, 1.0333, 1.2, 1.5, 1.6, 1.7833, 2.0333, 2.3],
            "transform": [
                [0.922036, 0.233544, -0.308719, 0.0, -0.095213, 0.90983, 0.40391, 0.400001, 0.375212, -0.343025, 0.861133, -0.0, 0.0, 0.0, 0.0, 1.0],
                [0.592524, 0.066766, -0.802781, 0.0, 0.052506, 0.991239, 0.121194, 0.4, 0.80384, -0.113961, 0.583828, 0.0, 0.0, 0.0, 0.0, 1.0],
                [0.542424, 0.159917, -0.824744, 0.0, -0.10773, 0.98685, 0.120497, 0.4, 0.833169, 0.023489, 0.552519, 0.0, 0.0, 0.0, 0.0, 1.0],
                [0.762637, 0.100525, -0.638968, 0.0, -0.057024, 0.994452, 0.08839, 0.4, 0.644308, -0.030973, 0.764139, 0.0, 0.0, 0.0, 0.0, 1.0],
                [0.966181, -0.01681, -0.257318, 0.0, 0.015445, 0.999853, -0.007324, 0.4, 0.257403, 0.003102, 0.966299, -0.0, 0.0, 0.0, 0.0, 1.0],
                [0.855401, -0.155347, 0.494121, -0.0, 0.136453, 0.987852, 0.07435, 0.4, -0.499669, 0.003825, 0.866208, 0.0, 0.0, 0.0, 0.0, 1.0],
                [0.986977, 0.083622, -0.137421, -0.0, -0.094253, 0.992885, -0.072762, 0.4, 0.130359, 0.084767, 0.987837, -0.0, 0.0, 0.0, 0.0, 1.0],
                [0.571737, 0.086478, -0.815867, -0.0, -0.084384, 0.995353, 0.046369, 0.4, 0.816087, 0.042335, 0.576378, 0.0, 0.0, 0.0, 0.0, 1.0],
                [0.547581, 0.122116, -0.827794, -0.0, 0.208638, 0.938121, 0.276405, 0.4, 0.810325, -0.324063, 0.488219, -0.0, 0.0, 0.0, 0.0, 1.0],
                [0.538411, 0.025753, -0.842289, 0.0, 0.466477, 0.823311, 0.323356, 0.400001, 0.701793, -0.567006, 0.431267, -0.0, 0.0, 0.0, 0.0, 1.0],
                [0.690607, -0.062734, -0.720504, 0.0, 0.154567, 0.986016, 0.062301, 0.400001, 0.706521, -0.154392, 0.690646, -0.0, 0.0, 0.0, 0.0, 1.0],
                [0.785013, -0.022072, -0.619085, -0.0, 0.085473, 0.993666, 0.072954, 0.4, 0.613554, -0.110184, 0.781928, 0.0, 0.0, 0.0, 0.0, 1.0],
                [0.83187, -0.023591, -0.554469, -0.0, 0.073221, 0.995027, 0.067518, 0.4, 0.55012, -0.096765, 0.829461, 0.0, 0.0, 0.0, 0.0, 1.0],
                [0.994274, 0.059943, 0.088458, 0.0, -0.054281, 0.996402, -0.065081, 0.4, -0.092041, 0.059907, 0.993951, 0.0, 0.0, 0.0, 0.0, 1.0],
                [0.842968, 0.150621, 0.516447, -0.0, -0.116009, 0.988313, -0.098886, 0.400001, -0.525306, 0.023445, 0.850591, -0.0, 0.0, 0.0, 0.0, 1.0],
                [-0.090153, 0.160912, 0.982842, 0.0, -0.260922, 0.948575, -0.179235, 0.4, -0.961142, -0.272604, -0.043531, -0.0, 0.0, 0.0, 0.0, 1.0],
                [-0.174554, -0.029335, 0.98421, 0.0, -0.231421, 0.972779, -0.012049, 0.4, -0.957066, -0.22987, -0.176591, 0.0, 0.0, 0.0, 0.0, 1.0],
                [-0.22032, -0.149818, 0.963854, 0.0, -0.175176, 0.978146, 0.111997, 0.4, -0.959569, -0.144169, -0.241749, -0.0, 0.0, 0.0, 0.0, 1.0],
                [-0.27313, -0.26207, 0.925591, -0.0, -0.071941, 0.965046, 0.252012, 0.4, -0.959283, 0.002244, -0.282437, 0.0, 0.0, 0.0, 0.0, 1.0],
                [-0.300028, -0.301588, 0.905002, 0.0, -0.007815, 0.949454, 0.313811, 0.4, -0.953898, 0.087079, -0.287219, 0.0, 0.0, 0.0, 0.0, 1.0],
                [-0.078374, -0.253475, 0.964162, 0.0, 0.014077, 0.966759, 0.255302, 0.4, -0.996824, 0.033581, -0.072201, -0.0, 0.0, 0.0, 0.0, 1.0],
                [0.244202, -0.167872, 0.955083, 0.0, 0.019142, 0.985545, 0.168332, 0.4, -0.969535, -0.022824, 0.243886, -0.0, 0.0, 0.0, 0.0, 1.0],
                [0.446734, -0.090393, 0.890089, 0.0, -0.00305, 0.994723, 0.102549, 0.400001, -0.894662, -0.048527, 0.444101, 0.0, 0.0, 0.0, 0.0, 1.0],
                [0.510053, -0.039893, 0.859218, 0.0, -0.027636, 0.997648, 0.062725, 0.400001, -0.859699, -0.055738, 0.507751, 0.0, 0.0, 0.0, 0.0, 1.0]
            ]
        },
        {
            "name": "Shoulder_R",
            "time": [0.0, 0.1, 0.2, 0.3, 0.4, 0.5, 0.6, 0.7333, 0.8, 0.85, 0.8667, 0.9, 0.95, 1.0, 1.0333, 1.2, 1.5, 1.6, 1.7833, 2.0333, 2.3],
            "transform": [
                [0.269807, 0.878665, 0.393893, 0.0, -0.093874, -0.383112, 0.918919, 0.400001, 0.958327, -0.284907, -0.020882, -0.0, 0.0, 0.0, 0.0, 1.0],
                [0.339022, 0.863138, 0.374237, 0.0, -0.114139, -0.357119, 0.927058, 0.4, 0.933828, -0.357009, -0.022553, 0.0, 0.0, 0.0, 0.0, 1.0],
                [0.45134, 0.835108, 0.314458, 0.0, -0.135973, -0.283916, 0.949158, 0.4, 0.88193, -0.471152, -0.01459, 0.0, 0.0, 0.0, 0.0, 1.0],
                [0.277963, 0.876992, 0.391942, 0.0, -0.096405, -0.380493, 0.919745, 0.4, 0.95574, -0.29344, -0.021217, 0.0, 0.0, 0.0, 0.0, 1.0],
                [0.161221, 0.903309, 0.397539, 0.0, -0.056272, -0.393739, 0.917498, 0.4, 0.985311, -0.170291, -0.012648, -0.0, 0.0, 0.0, 0.0, 1.0],
                [0.268367, 0.878955, 0.394228, 0.0, -0.093425, -0.383563, 0.918777, 0.4, 0.958775, -0.2834, -0.02082, 0.0, 0.0, 0.0, 0.0, 1.0],
                [0.398101, 0.899626, 0.179408, -0.0, -0.088686, -0.156914, 0.983622, 0.4, 0.913043, -0.407492, 0.017316, -0.0, 0.0, 0.0, 0.0, 1.0],
                [0.172688, 0.894943, 0.411407, 0.0, -0.061778, -0.407018, 0.911328, 0.4, 0.983036, -0.182791, -0.014999, 0.0, 0.0, 0.0, 0.0, 1.0],
                [0.304831, 0.920619, 0.243999, -0.0, -0.079097, -0.230835, 0.969772, 0.400001, 0.949115, -0.314916, 0.002453, -0.0, 0.0, 0.0, 0.0, 1.0],
                [0.481342, 0.843026, 0.24003, -0.0, -0.123598, -0.205825, 0.970752, 0.4, 0.867773, -0.49693, 0.005124, -0.0, 0.0, 0.0, 0.0, 1.0],
                [0.45826, 0.865722, 0.201296, -0.0, -0.107463, -0.170848, 0.979419, 0.4, 0.882296, -0.47046, 0.01474, 0.0, 0.0, 0.0, 0.0, 1.0],
                [0.089543, 0.955621, 0.280658, 0.0, -0.025083, -0.279536, 0.959806, 0.400001, 0.995665, -0.092983, -0.001061, 0.0, 0.0, 0.0, 0.0, 1.0],
                [-0.198712, 0.95885, 0.202775, 0.0, 0.047073, -0.197324, 0.979207, 0.400001, 0.978925, 0.204126, -0.005925, -0.0, 0.0, 0.0, 0.0, 1.0],
                [-0.193037, 0.969264, 0.15252, 1e-06, 0.040506, -0.147438, 0.988241, 0.4, 0.980353, 0.196945, -0.0108, -0.0, 0.0, 0.0, 0.0, 1.0],
                [-0.164103, 0.97385, 0.157111, 0.0, 0.034861, -0.153445, 0.987541, 0.4, 0.985825, 0.167536, -0.008769, -0.0, 0.0, 0.0, 0.0, 1.0],
                [-0.182889, 0.973067, 0.14032, -0.0, 0.037201, -0.135775, 0.99004, 0.400001, 0.982427, 0.186287, -0.011368, 0.0, 0.0, 0.0, 0.0, 1.0],
                [-0.086808, 0.991441, 0.097496, 0.0, 0.015748, -0.096487, 0.995209, 0.400001, 0.996098, 0.087928, -0.007237, -0.0, 0.0, 0.0, 0.0, 1.0],
                [0.37723, 0.913942, 0.14968, -0.0, -0.077939, -0.129718, 0.988482, 0.4, 0.922832, -0.384552, 0.022298, -0.0, 0.0, 0.0, 0.0, 1.0],
                [0.423876, 0.841427, 0.335153, 0.0, -0.132954, -0.308225, 0.941976, 0.4, 0.895907, -0.443842, -0.018778, -0.0, 0.0, 0.0, 0.0, 1.0],
                [-0.053451, 0.927072, 0.371052, -0.0, 0.017766, -0.370641, 0.928606, 0.400001, 0.998412, 0.056227, 0.003341, 0.0, 0.0, 0.0, 0.0, 1.0],
                [-0.017204, 0.956067, 0.292641, 0.0, 0.004932, -0.2926, 0.956222, 0.4, 0.99984, 0.017894, 0.000319, 0.0, 0.0, 0.0, 0.0, 1.0]
            ]
        },
        {
            "name": "Arm_R",
            "time": [0.0, 0.1, 0.2, 0.3, 0.4, 0.5, 0.6, 0.7333, 0.8, 0.85, 0.8667, 0.9, 0.9167, 0.95, 1.0, 1.0333, 1.2, 1.5, 1.6, 1.7833, 2.0333, 2.3],
            "transform": [
                [0.025692, -0.825235, -0.564203, -1.9e-05, 0.766228, 0.378744, -0.51908, 0.388502, 0.642052, -0.418972, 0.64205, -0.00091, 0.0, 0.0, 0.0, 1.0],
                [-0.315868, -0.942199, -0.111741, -1.9e-05, 0.552168, -0.086771, -0.829204, 0.388502, 0.77158, -0.323618, 0.54766, -0.00091, 0.0, 0.0, 0.0, 1.0],
                [-0.043389, -0.989168, -0.140227, -1.9e-05, 0.678043, 0.073929, -0.731292, 0.388503, 0.733739, -0.12681, 0.667491, -0.00091, 0.0, 0.0, 0.0, 1.0],
                [-0.197655, -0.822279, -0.533652, -1.9e-05, 0.456216, 0.40468, -0.792524, 0.388503, 0.867637, -0.40011, 0.295151, -0.00091, 0.0, 0.0, 0.0, 1.0],
                [-0.451557, -0.832912, -0.31992, -1.9e-05, 0.856944, -0.305005, -0.415468, 0.388502, 0.248473, -0.461765, 0.851487, -0.00091, 0.0, 0.0, 0.0, 1.0],
                [-0.402563, -0.85309, -0.331928, -1.9e-05, 0.894543, -0.289671, -0.340414, 0.388503, 0.194256, -0.433964, 0.879737, -0.00091, 0.0, 0.0, 0.0, 1.0],
                [0.178258, -0.750151, 0.636784, -2e-05, 0.028497, -0.642944, -0.765381, 0.388503, 0.983569, 0.154583, -0.093234, -0.00091, 0.0, 0.0, 0.0, 1.0],
                [-0.217233, -0.532923, 0.817804, -1.9e-05, -0.424216, -0.70301, -0.570803, 0.388503, 0.879116, -0.470922, -0.073358, -0.00091, 0.0, 0.0, 0.0, 1.0],
                [0.146316, -0.988845, -0.027761, -2e-05, -0.001998, 0.027768, -0.99961, 0.388503, 0.989234, 0.146315, 0.002087, -0.00091, 0.0, 0.0, 0.0, 1.0],
                [0.068263, -0.862556, 0.50133, -1.9e-05, -0.056811, -0.505048, -0.861218, 0.388502, 0.996048, 0.030311, -0.083479, -0.00091, 0.0, 0.0, 0.0, 1.0],
                [0.10741, -0.968411, 0.225028, -1.9e-05, 0.057007, -0.219966, -0.973839, 0.388502, 0.992577, 0.11743, 0.03158, -0.00091, 0.0, 0.0, 0.0, 1.0],
                [-0.03006, -0.972573, 0.230637, -1.9e-05, 0.100001, -0.23251, -0.967438, 0.388502, 0.99453, -0.006016, 0.104248, -0.00091, 0.0, 0.0, 0.0, 1.0],
                [-0.150267, -0.943099, 0.296613, -2e-05, 0.143687, -0.317669, -0.93725, 0.388503, 0.978145, -0.098219, 0.183247, -0.00091, 0.0, 0.0, 0.0, 1.0],
                [-0.524225, -0.74112, 0.419434, -1.9e-05, -0.144279, -0.40812, -0.901453, 0.388503, 0.839265, -0.533081, 0.107019, -0.00091, 0.0, 0.0, 0.0, 1.0],
                [-0.417878, -0.857475, -0.300182, -2e-05, -0.30755, 0.444424, -0.841366, 0.388503, 0.854861, -0.259268, -0.449432, -0.00091, 0.0, 0.0, 0.0, 1.0],
