{
    "animation": [
        {
            "name": "Root",
            "time": [0.0, 0.1, 0.2, 0.3, 0.4, 0.5, 0.6, 0.7333, 0.7667, 0.8, 0.8333, 0.85, 0.8667, 0.9, 0.9167, 0.95, 1.0, 1.0333, 1.2, 1.5, 1.6, 1.7833, 2.0333, 2.3],
            "transform": [
                [-0.937433, 0.240109, -0.252125, -5e-06, -0.19358, 0.242454, 0.950654, 0.000946, 0.28939, 0.939981, -0.180804, 0.626424, 0.0, 0.0, 0.0, 1.0],
                [-0.953358, 0.288197, 0.089727, -5e-06, 0.115728, 0.074451, 0.990486, 0.093711, 0.278775, 0.954672, -0.104331, 0.629341, 0.0, 0.0, 0.0, 1.0],
                [-0.801227, 0.251696, 0.542849, -5e-06, 0.541571, -0.080726, 0.83677, 0.300946, 0.254434, 0.964434, -0.071632, 0.632258, 0.0, 0.0, 0.0, 1.0],
                [-0.617918, 0.213128, 0.756805, -5e-06, 0.771165, -0.023315, 0.636208, 0.541887, 0.153238, 0.976746, -0.14995, 0.682258, 0.0, 0.0, 0.0, 1.0],
                [-0.232433, 0.189032, 0.954066, -5e-06, 0.97196, 0.081063, 0.220731, 0.712636, -0.035614, 0.978619, -0.202574, 0.692258, 0.0, 0.0, 0.0, 1.0],
                [0.796143, 0.23687, 0.556821, -5e-06, 0.57901, -0.030875, -0.814735, 0.757831, -0.175794, 0.971051, -0.161731, 0.712258, 0.0, 0.0, 0.0, 1.0],
                [0.67753, 0.096624, -0.729121, -5e-06, -0.735469, 0.097461, -0.670513, 1.017131, 0.006273, 0.990538, 0.137096, 0.632258, 0.0, 0.0, 0.0, 1.0],
                [-0.997915, 0.058826, 0.02655, -5e-06, 0.024261, -0.039291, 0.998933, 1.789039, 0.059806, 0.997495, 0.037782, 0.632258, 0.0, 0.0, 0.0, 1.0],
                [-0.668677, -0.016324, 0.743374, -5e-06, 0.735221, 0.134734, 0.664302, 1.979821, -0.111002, 0.990747, -0.078092, 0.632258, 0.0, 0.0, 0.0, 1.0],
                [0.078881, 0.058825, 0.995147, -5e-06, 0.948031, 0.304242, -0.093131, 2.200946, -0.308244, 0.950777, -0.031769, 0.632258, 0.0, 0.0, 0.0, 1.0],
                [0.622378, 0.138072, 0.770442, -5e-06, 0.702368, 0.335886, -0.627582, 2.34428, -0.345433, 0.931728, 0.112071, 0.627936, 0.0, 0.0, 0.0, 1.0],
                [0.840551, 0.188153, 0.508008, -5e-06, 0.432792, 0.330786, -0.838613, 2.440947, -0.32583, 0.924759, 0.196611, 0.625775, 0.0, 0.0, 0.0, 1.0],
                [0.923368, 0.178146, 0.34008, -5e-06, 0.265063, 0.344988, -0.900402, 2.567613, -0.277727, 0.921546, 0.271332, 0.523614, 0.0, 0.0, 0.0, 1.0],
                [0.992182, 0.045938, -0.116035, 0.008708, -0.124782, 0.379921, -0.916564, 2.610946, 0.001979, 0.923877, 0.382684, 0.399273, 0.0, 0.0, 0.0, 1.0],
                [0.945122, 0.087549, -0.314768, -0.048634, -0.322816, 0.398668, -0.858402, 2.637613, 0.050336, 0.912907, 0.405052, 0.399324, 0.0, 0.0, 0.0, 1.0],
                [0.697396, 0.023738, -0.716293, -5e-06, -0.653283, 0.432059, -0.621729, 2.710946, 0.294722, 0.901533, 0.316824, 0.41281, 0.0, 0.0, 0.0, 1.0],
                [0.232812, 0.090461, -0.968306, -5e-06, -0.924079, 0.330903, -0.191264, 2.710946, 0.303113, 0.939319, 0.160631, 0.441698, 0.0, 0.0, 0.0, 1.0],
                [-0.098334, 0.099744, -0.990142, -5e-06, -0.959185, 0.255579, 0.121006, 2.710946, 0.265129, 0.961629, 0.070541, 0.460956, 0.0, 0.0, 0.0, 1.0],
                [-0.453041, 0.079229, -0.887962, -5e-06, -0.871126, 0.172332, 0.459828, 2.710946, 0.189456, 0.981847, -0.009055, 0.485717, 0.0, 0.0, 0.0, 1.0],
                [-0.601816, 0.058826, -0.796465, -5e-06, -0.785515, 0.136423, 0.603618, 2.710946, 0.144165, 0.988903, -0.035893, 0.499473, 0.0, 0.0, 0.0, 1.0],
                [-0.29398, 0.028579, -0.955384, -5e-06, -0.947711, 0.121141, 0.295243, 2.710946, 0.124173, 0.992224, -0.008529, 0.533208, 0.0, 0.0, 0.0, 1.0],
                [0.255882, -0.00375, -0.966701, -5e-06, -0.963671, 0.078212, -0.255383, 2.710946, 0.076565, 0.99693, 0.0164, 0.595054, 0.0, 0.0, 0.0, 1.0],
                [0.6918, -0.009184, -0.722031, -5e-06, -0.721556, 0.029633, -0.691722, 2.710946, 0.027749, 0.999519, 0.013874, 0.671958, 0.0, 0.0, 0.0, 1.0],
                [0.882948, -0.0, -0.469472, -5e-06, -0.469472, 0.0, -0.882948, 2.710946, 0.0, 1.0, -0.0, 0.743735, 0.0, 0.0, 0.0, 1.0]
            ]
        },
        {
            "name": "Thigh_R",
            "time": [0.0, 0.1, 0.2, 0.3, 0.4, 0.5, 0.6, 0.7333, 0.8, 0.85, 0.8667, 0.9, 0.95, 1.0, 1.0333, 1.2, 1.5, 1.6, 1.7833, 2.0333, 2.3],
            "transform": [
                [0.936048, -0.298371, -0.186512, 0.124994, -0.188434, 0.022584, -0.981826, -0.00283, 0.297161, 0.954182, -0.035084, -1.2e-05, 0.0, 0.0, 0.0, 1.0],
                [0.974075, -0.207111, 0.091003, 0.124994, -0.222429, -0.803476, 0.552222, -0.00283, -0.041252, -0.558148, -0.828716, -1.2e-05, 0.0, 0.0, 0.0, 1.0],
                [0.961069, -0.248773, 0.120237, 0.124994, -0.272901, -0.786538, 0.55397, -0.002831, -0.043242, -0.565216, -0.82381, -1.2e-05, 0.0, 0.0, 0.0, 1.0],
                [0.990439, -0.136127, 0.022314, 0.124994, -0.135534, -0.930223, 0.341048, -0.00283, -0.025669, -0.340812, -0.939781, -1.2e-05, 0.0, 0.0, 0.0, 1.0],
                [0.957855, -0.28311, 0.04858, 0.124994, -0.286121, -0.95532, 0.074148, -0.00283, 0.025417, -0.084923, -0.996064, -1.2e-05, 0.0, 0.0, 0.0, 1.0],
                [0.945334, -0.325792, -0.014169, 0.124994, -0.319647, -0.91715, -0.238034, -0.002831, 0.064555, 0.229551, -0.971154, -1.2e-05, 0.0, 0.0, 0.0, 1.0],
                [0.984955, 0.159287, 0.067001, 0.124994, 0.16766, -0.974777, -0.147298, -0.00283, 0.041849, 0.156315, -0.986821, -1.2e-05, 0.0, 0.0, 0.0, 1.0],
                [0.997742, -0.049194, 0.045713, 0.124994, -0.062656, -0.436976, 0.897288, -0.002831, -0.024166, -0.898126, -0.439073, -1.2e-05, 0.0, 0.0, 0.0, 1.0],
                [0.99706, -0.043955, 0.062757, 0.124994, -0.074397, -0.751224, 0.655841, -0.00283, 0.018317, -0.658581, -0.752287, -1.2e-05, 0.0, 0.0, 0.0, 1.0],
                [0.955017, -0.282312, 0.090784, 0.124994, -0.271332, -0.95539, -0.116654, -0.00283, 0.119667, 0.086774, -0.989014, -1.2e-05, 0.0, 0.0, 0.0, 1.0],
                [0.933055, -0.322621, 0.159132, 0.124994, -0.310437, -0.945638, -0.096947, -0.002831, 0.181758, 0.041056, -0.982486, -1.2e-05, 0.0, 0.0, 0.0, 1.0],
                [0.926231, -0.299151, 0.229357, 0.124994, -0.282292, -0.953686, -0.103892, -0.00283, 0.249814, 0.031483, -0.967782, -1.2e-05, 0.0, 0.0, 0.0, 1.0],
                [0.981413, 0.062614, 0.181402, 0.124994, 0.092339, -0.98273, -0.160362, -0.002831, 0.168228, 0.174132, -0.970246, -1.2e-05, 0.0, 0.0, 0.0, 1.0],
                [0.920859, 0.386032, 0.054741, 0.124994, 0.378629, -0.918901, 0.110729, -0.00283, 0.093046, -0.08124, -0.992342, -1.2e-05, 0.0, 0.0, 0.0, 1.0],
                [0.873597, 0.482631, -0.062402, 0.124994, 0.477578, -0.825596, 0.300517, -0.002831, 0.09352, -0.292333, -0.951733, -1.2e-05, 0.0, 0.0, 0.0, 1.0],
                [0.852963, 0.492483, -0.172953, 0.124994, 0.510164, -0.716501, 0.475771, -0.002831, 0.110388, -0.49405, -0.862397, -1.2e-05, 0.0, 0.0, 0.0, 1.0],
                [0.859415, 0.468979, -0.203626, 0.124994, 0.498611, -0.680684, 0.536708, -0.002831, 0.1131, -0.562785, -0.818829, -1.2e-05, 0.0, 0.0, 0.0, 1.0],
                [0.822002, 0.567832, -0.043347, 0.124994, 0.556908, -0.78561, 0.269569, -0.002831, 0.119016, -0.245726, -0.962005, -1.2e-05, 0.0, 0.0, 0.0, 1.0],
                [0.868338, 0.42233, 0.260048, 0.124994, 0.486396, -0.827664, -0.279982, -0.002831, 0.096987, 0.369605, -0.924113, -1.2e-05, 0.0, 0.0, 0.0, 1.0],
                [0.968146, 0.228976, 0.101302, 0.124994, 0.207588, -0.960257, 0.186576, -0.002831, 0.139997, -0.159604, -0.977204, -1.2e-05, 0.0, 0.0, 0.0, 1.0],
                [0.980433, 0.0689, 0.184401, 0.124994, 0.112323, -0.965089, -0.23661, -0.002831, 0.161661, 0.252693, -0.953946, -1.2e-05, 0.0, 0.0, 0.0, 1.0]
            ]
        },
        {
            "name": "Leg_R",
            "time": [0.0, 0.1, 0.2, 0.3, 0.4, 0.5, 0.6, 0.7333, 0.8, 0.85, 0.8667, 0.9, 0.95, 1.0, 1.0333, 1.2, 1.5, 1.6, 1.7833, 2.0333, 2.3],
            "transform": [
                [1.000001, 4e-06, 3e-06, -0.0, -4e-06, 0.999987, 0.004851, 0.37472, -2e-06, -0.004852, 0.999988, -0.0, 0.0, 0.0, 0.0, 1.0],
                [1.0, 1e-06, 4e-06, -0.0, -4e-06, 0.770926, 0.636924, 0.37472, -2e-06, -0.636924, 0.770927, -0.0, 0.0, 0.0, 0.0, 1.0],
                [1.0, 1e-06, 4e-06, 0.0, -4e-06, 0.653132, 0.757243, 0.37472, -2e-06, -0.757244, 0.653133, 0.0, 0.0, 0.0, 0.0, 1.0],
                [1.0, 2e-06, 4e-06, 0.0, -4e-06, 0.785318, 0.619092, 0.37472, -3e-06, -0.619092, 0.785319, 0.0, 0.0, 0.0, 0.0, 1.0],
                [1.0, 4e-06, 3e-06, -0.0, -4e-06, 0.999986, 0.005009, 0.37472, -2e-06, -0.00501, 0.999987, 0.0, 0.0, 0.0, 0.0, 1.0],
                [1.0, 4e-06, 2e-06, 0.0, -4e-06, 0.999984, 0.005316, 0.37472, -2e-06, -0.005318, 0.999986, -0.0, 0.0, 0.0, 0.0, 1.0],
                [1.0, 3e-06, 4e-06, 0.0, -4e-06, 0.90767, 0.419682, 0.37472, -2e-06, -0.419682, 0.907671, 0.0, 0.0, 0.0, 0.0, 1.0],
                [1.0, 4e-06, 2e-06, -0.0, -4e-06, 0.999998, 0.001376, 0.37472, -2e-06, -0.001376, 0.999999, -0.0, 0.0, 0.0, 0.0, 1.0],
                [1.0, 0.0, 5e-06, 0.0, -4e-06, 0.544106, 0.839016, 0.37472, -2e-06, -0.839015, 0.544107, 0.0, 0.0, 0.0, 0.0, 1.0],
                [1.0, 4e-06, 2e-06, -0.0, -4e-06, 0.999986, 0.005015, 0.37472, -2e-06, -0.005015, 0.999987, -0.0, 0.0, 0.0, 0.0, 1.0],
                [1.0, 3e-06, 4e-06, -0.0, -4e-06, 0.904605, 0.426249, 0.37472, -2e-06, -0.426249, 0.904606, 0.0, 0.0, 0.0, 0.0, 1.0],
                [1.0, 1e-06, 5e-06, -0.0, -4e-06, 0.632684, 0.774409, 0.37472, -2e-06, -0.774408, 0.632685, 0.0, 0.0, 0.0, 0.0, 1.0],
                [0.999999, 2e-06, 4e-06, -0.0, -4e-06, 0.777143, 0.629323, 0.37472, -2e-06, -0.629323, 0.777143, 0.0, 0.0, 0.0, 0.0, 1.0],
                [0.999999, 1e-06, 5e-06, 0.0, -4e-06, 0.711868, 0.702312, 0.37472, -2e-06, -0.702311, 0.711869, -0.0, 0.0, 0.0, 0.0, 1.0],
                [0.999999, 1e-06, 5e-06, 0.0, -4e-06, 0.693925, 0.720045, 0.374721, -2e-06, -0.720045, 0.693926, -0.0, 0.0, 0.0, 0.0, 1.0],
                [0.999999, 1e-06, 4e-06, 0.0, -4e-06, 0.740663, 0.671875, 0.37472, -3e-06, -0.671875, 0.740663, 0.0, 0.0, 0.0, 0.0, 1.0],
                [0.999999, 2e-06, 4e-06, 0.0, -4e-06, 0.79193, 0.61061, 0.37472, -2e-06, -0.61061, 0.79193, 0.0, 0.0, 0.0, 0.0, 1.0],
                [1.0, 2e-06, 4e-06, -0.0, -4e-06, 0.875136, 0.483873, 0.37472, -2e-06, -0.483874, 0.875137, 0.0, 0.0, 0.0, 0.0, 1.0],
                [1.0, 4e-06, 3e-06, 0.0, -4e-06, 0.999987, 0.004942, 0.37472, -3e-06, -0.004943, 0.999987, 0.0, 0.0, 0.0, 0.0, 1.0],
                [1.000001, -0.0, 5e-06, -0.0, -4e-06, 0.495129, 0.86882, 0.37472, -2e-06, -0.868819, 0.495129, 0.0, 0.0, 0.0, 0.0, 1.0],
                [1.000001, 4e-06, 3e-06, -0.0, -4e-06, 0.999986, 0.005302, 0.37472, -3e-06, -0.005303, 0.999987, 0.0, 0.0, 0.0, 0.0, 1.0]
            ]
        },
        {
            "name": "Knee_R",
            "time": [0.0, 0.1, 0.2, 0.3, 0.4, 0.5, 0.6, 0.7333, 0.8, 0.85, 0.8667, 0.9, 0.95, 1.0, 1.0333, 1.2, 1.5, 1.6, 1.7833, 2.0333, 2.3],
            "transform": [
                [1.0, 2e-06, -4e-06, 0.0, -4e-06, 3e-06, -1.0, 0.37472, -2e-06, 1.0, 3e-06, -0.0, 0.0, 0.0, 0.0, 1.0],
                [1.0, 2e-06, -4e-06, -0.0, -4e-06, 3e-06, -1.0, 0.37472, -2e-06, 1.0, 3e-06, -0.0, 0.0, 0.0, 0.0, 1.0],
                [1.0, 2e-06, -4e-06, 0.0, -4e-06, 3e-06, -1.0, 0.37472, -2e-06, 1.0, 3e-06, 0.0, 0.0, 0.0, 0.0, 1.0],
                [1.0, 2e-06, -4e-06, 0.0, -4e-06, 3e-06, -1.0, 0.37472, -2e-06, 1.0, 3e-06, -0.0, 0.0, 0.0, 0.0, 1.0],
                [1.0, 2e-06, -4e-06, 0.0, -4e-06, 3e-06, -1.0, 0.37472, -2e-06, 1.0, 3e-06, -0.0, 0.0, 0.0, 0.0, 1.0],
                [1.0, 2e-06, -4e-06, 0.0, -4e-06, 3e-06, -1.0, 0.37472, -2e-06, 1.0, 3e-06, -0.0, 0.0, 0.0, 0.0, 1.0],
                [1.0, 2e-06, -4e-06, 0.0, -4e-06, 3e-06, -1.0, 0.37472, -2e-06, 1.0, 3e-06, 0.0, 0.0, 0.0, 0.0, 1.0],
                [1.0, 2e-06, -4e-06, -0.0, -4e-06, 3e-06, -1.0, 0.37472, -2e-06, 1.0, 3e-06, 0.0, 0.0, 0.0, 0.0, 1.0],
                [1.0, 2e-06, -4e-06, -0.0, -4e-06, 3e-06, -1.0, 0.37472, -2e-06, 1.0, 3e-06, 0.0, 0.0, 0.0, 0.0, 1.0],
                [1.0, 2e-06, -4e-06, -0.0, -4e-06, 3e-06, -1.0, 0.37472, -2e-06, 1.0, 3e-06, -0.0, 0.0, 0.0, 0.0, 1.0],
                [1.0, 2e-06, -4e-06, -0.0, -4e-06, 3e-06, -1.0, 0.37472, -2e-06, 1.0, 3e-06, 0.0, 0.0, 0.0, 0.0, 1.0],
                [1.0, 2e-06, -4e-06, -0.0, -4e-06, 3e-06, -1.0, 0.37472, -2e-06, 1.0, 3e-06, 0.0, 0.0, 0.0, 0.0, 1.0],
                [1.0, 2e-06, -4e-06, -0.0, -4e-06, 3e-06, -1.0, 0.37472, -2e-06, 1.0, 3e-06, 0.0, 0.0, 0.0, 0.0, 1.0],
                [1.0, 2e-06, -4e-06, 0.0, -4e-06, 3e-06, -1.0, 0.37472, -2e-06, 1.0, 3e-06, 0.0, 0.0, 0.0, 0.0, 1.0],
                [1.0, 2e-06, -4e-06, 0.0, -4e-06, 3e-06, -1.0, 0.37472, -2e-06, 1.0, 3e-06, -0.0, 0.0, 0.0, 0.0, 1.0],
                [1.0, 2e-06, -4e-06, 0.0, -4e-06, 3e-06, -1.0, 0.37472, -2e-06, 1.0, 3e-06, 0.0, 0.0, 0.0, 0.0, 1.0],
                [1.0, 2e-06, -4e-06, 0.0, -4e-06, 3e-06, -1.0, 0.37472, -2e-06, 1.0, 3e-06, -0.0, 0.0, 0.0, 0.0, 1.0],
                [1.0, 2e-06, -4e-06, 0.0, -4e-06, 3e-06, -1.0, 0.37472, -2e-06, 1.0, 3e-06, 0.0, 0.0, 0.0, 0.0, 1.0],
                [1.0, 2e-06, -4e-06, 0.0, -4e-06, 3e-06, -1.0, 0.37472, -2e-06, 1.0, 3e-06, -0.0, 0.0, 0.0, 0.0, 1.0],
                [1.0, 2e-06, -4e-06, -0.0, -4e-06, 3e-06, -1.0, 0.37472, -2e-06, 1.0, 3e-06, 0.0, 0.0, 0.0, 0.0, 1.0],
                [1.0, 2e-06, -4e-06, -0.0, -4e-06, 3e-06, -1.0, 0.37472, -2e-06, 1.0, 3e-06, 0.0, 0.0, 0.0, 0.0, 1.0]
            ]
        },
        {
            "name": "Thigh_L",
            "time": [0.0, 0.1, 0.2, 0.3, 0.4, 0.5, 0.6, 0.7333, 0.8, 0.85, 0.8667, 0.9, 0.95, 1.0, 1.0333, 1.2, 1.5, 1.6, 1.7833, 2.0333, 2.3],
            "transform": [
                [0.819119, -0.163489, -0.549832, -0.125006, -0.55508, 0.015837, -0.831646, -0.00283, 0.144673, 0.986418, -0.077777, -1.2e-05, 0.0, 0.0, 0.0, 1.0],
                [0.923723, -0.335493, 0.18488, -0.125006, -0.362178, -0.607726, 0.706752, -0.00283, -0.124753, -0.719802, -0.682878, -1.2e-05, 0.0, 0.0, 0.0, 1.0],
                [0.808177, -0.545726, 0.221434, -0.125006, -0.557447, -0.587528, 0.58657, -0.002831, -0.190008, -0.597491, -0.779039, -1.2e-05, 0.0, 0.0, 0.0, 1.0],
                [0.718849, -0.694726, 0.024763, -0.125006, -0.667115, -0.679387, 0.3056, -0.00283, -0.195484, -0.2362, -0.951838, -1.2e-05, 0.0, 0.0, 0.0, 1.0],
                [0.863974, -0.50352, -0.004073, -0.125006, -0.487478, -0.834366, -0.257296, -0.00283, 0.126155, 0.224282, -0.966325, -1.2e-05, 0.0, 0.0, 0.0, 1.0],
                [0.99821, -0.022374, 0.055466, -0.125006, -0.02384, -0.99938, 0.025922, -0.002831, 0.054852, -0.027198, -0.998124, -1.2e-05, 0.0, 0.0, 0.0, 1.0],
                [0.993474, -0.109431, -0.032153, -0.125006, -0.109876, -0.993867, -0.012408, -0.00283, -0.030598, 0.01586, -0.999406, -1.2e-05, 0.0, 0.0, 0.0, 1.0],
                [0.998053, -0.061007, 0.012973, -0.125006, -0.049269, -0.643626, 0.763753, -0.002831, -0.038245, -0.762905, -0.645379, -1.2e-05, 0.0, 0.0, 0.0, 1.0],
                [0.921901, -0.34955, -0.167071, -0.125006, -0.376014, -0.911167, -0.168487, -0.002831, -0.093335, 0.218149, -0.971442, -1.2e-05, 0.0, 0.0, 0.0, 1.0],
                [0.948878, 0.248496, -0.194625, -0.125006, 0.313111, -0.663142, 0.679857, -0.00283, 0.039877, -0.706041, -0.707047, -1.2e-05, 0.0, 0.0, 0.0, 1.0],
                [0.980376, 0.112054, -0.16219, -0.125006, 0.18421, -0.227746, 0.956138, -0.002831, 0.070201, -0.967252, -0.243918, -1.2e-05, 0.0, 0.0, 0.0, 1.0],
                [0.951625, -0.129563, 0.27861, -0.125006, -0.235004, 0.277247, 0.931616, -0.002831, -0.197947, -0.952023, 0.233387, -1.1e-05, 0.0, 0.0, 0.0, 1.0],
                [0.992006, -0.048604, 0.11645, -0.125006, -0.094685, 0.32331, 0.941544, -0.002831, -0.083413, -0.945044, 0.316124, -1.2e-05, 0.0, 0.0, 0.0, 1.0],
                [0.777881, -0.342315, 0.526992, -0.125006, -0.516035, 0.130614, 0.84655, -0.002831, -0.358619, -0.930462, -0.075045, -1.2e-05, 0.0, 0.0, 0.0, 1.0],
                [0.711402, -0.491365, 0.502461, -0.125006, -0.625645, -0.117133, 0.771263, -0.002831, -0.320117, -0.863041, -0.390749, -1.2e-05, 0.0, 0.0, 0.0, 1.0],
                [0.707128, -0.621479, 0.337243, -0.125006, -0.673498, -0.446745, 0.588913, -0.00283, -0.215335, -0.64357, -0.734471, -1.2e-05, 0.0, 0.0, 0.0, 1.0],
                [0.766194, -0.601072, 0.227286, -0.125006, -0.618898, -0.595037, 0.512732, -0.002831, -0.172945, -0.533519, -0.827917, -1.2e-05, 0.0, 0.0, 0.0, 1.0],
                [0.82042, -0.504584, 0.268895, -0.125006, -0.536965, -0.518413, 0.665519, -0.002831, -0.196412, -0.690393, -0.696261, -1.2e-05, 0.0, 0.0, 0.0, 1.0],
                [0.985892, -0.167379, -0.000718, -0.125006, -0.076173, -0.452479, 0.888516, -0.002831, -0.149044, -0.875926, -0.458845, -1.2e-05, 0.0, 0.0, 0.0, 1.0],
                [0.975447, -0.155092, -0.156362, -0.125006, -0.080941, -0.912758, 0.400402, -0.002831, -0.20482, -0.377915, -0.902901, -1.1e-05, 0.0, 0.0, 0.0, 1.0],
                [0.968266, -0.092025, -0.232364, -0.125006, -0.057044, -0.986576, 0.153019, -0.002831, -0.243326, -0.134908, -0.960517, -1.2e-05, 0.0, 0.0, 0.0, 1.0]
            ]
        },
        {
            "name": "Leg_L",
            "time": [0.0, 0.1, 0.2, 0.3, 0.4, 0.5, 0.6, 0.7333, 0.8, 0.85, 0.8667, 0.9, 0.95, 1.0, 1.0333, 1.2, 1.5, 1.6, 1.7833, 2.0333, 2.3],
            "transform": [
                [0.999999, 1e-06, 1e-06, -0.0, -1e-06, 0.999985, 0.005482, 0.37472, -1e-06, -0.005482, 0.999985, 0.0, 0.0, 0.0, 0.0, 1.0],
                [0.999999, -0.0, 2e-06, -0.0, -1e-06, 0.441968, 0.89703, 0.37472, -1e-06, -0.89703, 0.441968, 0.0, 0.0, 0.0, 0.0, 1.0],
                [0.999999, 0.0, 1e-06, -0.0, -1e-06, 0.818819, 0.574051, 0.37472, -1e-06, -0.574051, 0.81882, 0.0, 0.0, 0.0, 0.0, 1.0],
                [0.999999, 1e-06, 1e-06, -0.0, -1e-06, 0.999988, 0.004856, 0.37472, -1e-06, -0.004855, 0.999988, 0.0, 0.0, 0.0, 0.0, 1.0],
                [0.999999, 1e-06, 1e-06, -0.0, -1e-06, 0.999987, 0.004888, 0.37472, -1e-06, -0.004888, 0.999988, 0.0, 0.0, 0.0, 0.0, 1.0],
                [0.999999, 0.0, 2e-06, -0.0, -1e-06, 0.665071, 0.746779, 0.37472, -1e-06, -0.746779, 0.665071, 0.0, 0.0, 0.0, 0.0, 1.0],
                [0.999999, 0.0, 2e-06, -0.0, -1e-06, 0.797909, 0.602777, 0.37472, -1e-06, -0.602777, 0.797909, 0.0, 0.0, 0.0, 0.0, 1.0],
                [0.999999, 0.0, 2e-06, -0.0, -1e-06, 0.792783, 0.609502, 0.37472, -1e-06, -0.609502, 0.792783, 0.0, 0.0, 0.0, 0.0, 1.0],
                [0.999999, 1e-06, 1e-06, -0.0, -1e-06, 0.999988, 0.004627, 0.37472, -1e-06, -0.004627, 0.999989, 0.0, 0.0, 0.0, 0.0, 1.0],
                [0.999999, -0.0, 2e-06, 0.0, -1e-06, 0.589746, 0.807588, 0.37472, -1e-06, -0.807587, 0.589746, -0.0, 0.0, 0.0, 0.0, 1.0],
                [0.999999, -1e-06, 1e-06, 0.0, -1e-06, 0.334516, 0.942389, 0.37472, -1e-06, -0.942389, 0.334516, -0.0, 0.0, 0.0, 0.0, 1.0],
                [0.999999, -1e-06, 1e-06, -0.0, -1e-06, -0.015823, 0.999873, 0.37472, -1e-06, -0.999874, -0.015824, -0.0, 0.0, 0.0, 0.0, 1.0],
                [0.999999, -1e-06, 1e-06, 0.0, -1e-06, -0.120067, 0.992765, 0.37472, -1e-06, -0.992765, -0.120067, -0.0, 0.0, 0.0, 0.0, 1.0],
                [0.999999, -1e-06, 1e-06, -0.0, -1e-06, -0.025106, 0.999683, 0.37472, -1e-06, -0.999683, -0.025106, 0.0, 0.0, 0.0, 0.0, 1.0],
                [0.999999, -1e-06, 1e-06, 0.0, -1e-06, -0.053056, 0.99859, 0.37472, -1e-06, -0.99859, -0.053057, -0.0, 0.0, 0.0, 0.0, 1.0],
                [0.999999, -1e-06, 1e-06, -0.0, -1e-06, 0.048187, 0.998837, 0.37472, -1e-06, -0.998836, 0.048187, 0.0, 0.0, 0.0, 0.0, 1.0],
                [0.999999, -1e-06, 1e-06, -0.0, -1e-06, 0.081292, 0.996689, 0.37472, -1e-06, -0.996688, 0.081292, -0.0, 0.0, 0.0, 0.0, 1.0],
                [0.999999, -1e-06, 1e-06, -0.0, -1e-06, 0.205909, 0.978569, 0.37472, -1e-06, -0.978569, 0.205909, 0.0, 0.0, 0.0, 0.0, 1.0],
                [1.0, -1e-06, 1e-06, 1e-06, -1e-06, -0.038885, 0.999242, 0.37472, -1e-06, -0.999243, -0.038885, -0.0, 0.0, 0.0, 0.0, 1.0],
                [0.999999, -0.0, 2e-06, -0.0, -1e-06, 0.590783, 0.806829, 0.37472, -1e-06, -0.806829, 0.590783, 0.0, 0.0, 0.0, 0.0, 1.0],
                [1.0, 1e-06, 1e-06, -0.0, -1e-06, 0.959887, 0.280385, 0.37472, -1e-06, -0.280385, 0.959886, 0.0, 0.0, 0.0, 0.0, 1.0]
            ]
        },
        {
            "name": "Knee_L",
            "time": [0.0, 0.1, 0.2, 0.3, 0.4, 0.5, 0.6, 0.7333, 0.8, 0.85, 0.8667, 0.9, 0.95, 1.0, 1.0333, 1.2, 1.5, 1.6, 1.7833, 2.0333, 2.3],
            "transform": [
                [0.999997, 0.0, -2e-06, -0.0, -1e-06, 0.002744, -0.999995, 0.37472, 0.0, 0.999994, 0.002741, -0.0, 0.0, 0.0, 0.0, 1.0],
                [1.0, 2e-06, 0.0, -0.0, -1e-06, 0.528221, -0.849107, 0.37472, -1e-06, 0.849107, 0.52822, -0.0, 0.0, 0.0, 0.0, 1.0],
                [1.0, 1e-06, -1e-06, -0.0, -1e-06, 0.300984, -0.953629, 0.37472, -0.0, 0.95363, 0.300983, -0.0, 0.0, 0.0, 0.0, 1.0],
                [0.999997, 1e-06, -2e-06, -0.0, -1e-06, 0.002428, -0.999997, 0.37472, -2e-06, 0.999994, 0.00243, -0.0, 0.0, 0.0, 0.0, 1.0],
                [0.999998, 1e-06, -2e-06, -0.0, -1e-06, 0.002445, -0.999996, 0.37472, -2e-06, 0.999995, 0.002445, -0.0, 0.0, 0.0, 0.0, 1.0],
                [1.0, 1e-06, -1e-06, -0.0, -2e-06, 0.409225, -0.912433, 0.37472, -0.0, 0.912433, 0.409225, 0.0, 0.0, 0.0, 0.0, 1.0],
                [1.0, 1e-06, -1e-06, -0.0, -1e-06, 0.317878, -0.948132, 0.37472, -1e-06, 0.948132, 0.317877, 0.0, 0.0, 0.0, 0.0, 1.0],
                [1.0, 1e-06, -1e-06, 0.0, -1e-06, 0.321883, -0.946779, 0.37472, -0.0, 0.946779, 0.321883, 0.0, 0.0, 0.0, 0.0, 1.0],
                [0.999999, 2e-06, -2e-06, 0.0, -1e-06, 0.002314, -0.999997, 0.37472, -2e-06, 0.999996, 0.002315, 0.0, 0.0, 0.0, 0.0, 1.0],
                [1.0, 1e-06, -1e-06, -0.0, -1e-06, 0.45291, -0.891556, 0.37472, -1e-06, 0.891556, 0.45291, -0.0, 0.0, 0.0, 0.0, 1.0],
                [1.0, 1e-06, -1e-06, 0.0, -1e-06, 0.576839, -0.816858, 0.37472, -0.0, 0.816858, 0.576839, 0.0, 0.0, 0.0, 0.0, 1.0],
                [1.0, 1e-06, -1e-06, 0.0, -1e-06, 0.71268, -0.701489, 0.37472, -0.0, 0.701489, 0.71268, 0.0, 0.0, 0.0, 0.0, 1.0],
                [1.0, 1e-06, -0.0, -0.0, -1e-06, 0.748355, -0.663299, 0.374721, -0.0, 0.663299, 0.748354, 0.0, 0.0, 0.0, 0.0, 1.0],
                [1.0, 1e-06, -1e-06, 0.0, -2e-06, 0.715929, -0.698173, 0.37472, -0.0, 0.698173, 0.715929, 0.0, 0.0, 0.0, 0.0, 1.0],
                [1.0, 1e-06, -1e-06, -0.0, -1e-06, 0.725624, -0.688092, 0.37472, -0.0, 0.688092, 0.725624, -0.0, 0.0, 0.0, 0.0, 1.0],
                [1.0, 1e-06, -1e-06, -0.0, -1e-06, 0.689861, -0.723942, 0.37472, -0.0, 0.723942, 0.68986, 0.0, 0.0, 0.0, 0.0, 1.0],
                [1.0, 1e-06, -1e-06, -0.0, -1e-06, 0.677758, -0.735285, 0.37472, -0.0, 0.735285, 0.677757, -0.0, 0.0, 0.0, 0.0, 1.0],
                [1.0, 1e-06, -1e-06, 0.0, -2e-06, 0.630116, -0.776501, 0.37472, -1e-06, 0.776501, 0.630116, 0.0, 0.0, 0.0, 0.0, 1.0],
                [1.0, 1e-06, -1e-06, 0.0, -1e-06, 0.720725, -0.693221, 0.37472, -0.0, 0.693222, 0.720724, 0.0, 0.0, 0.0, 0.0, 1.0],
                [1.0, 1e-06, -1e-06, -0.0, -1e-06, 0.452337, -0.891847, 0.37472, -0.0, 0.891847, 0.452337, -0.0, 0.0, 0.0, 0.0, 1.0],
                [1.0, 1e-06, -1e-06, 0.0, -1e-06, 0.141621, -0.989921, 0.37472, -0.0, 0.989921, 0.141621, 0.0, 0.0, 0.0, 0.0, 1.0]
            ]
        },
        {
            "name": "Torso",
            "time": [0.0, 0.1, 0.2, 0.3, 0.4, 0.5, 0.6, 0.7333, 0.8, 0.85, 0.8667, 0.9, 0.95, 1.0, 1.0333, 1.2, 1.5, 1.6, 1.7833, 2.0333, 2.3],
            "transform": [
                [0.998234, 0.049471, -0.032888, -0.0, -0.051088, 0.997428, -0.050267, 0.05, 0.030317, 0.051858, 0.998194, -0.0, 0.0, 0.0, 0.0, 1.0],
                [0.998243, 0.054343, -0.023632, 0.0, -0.054608, 0.998451, -0.01069, 0.05, 0.023014, 0.011962, 0.999663, 0.0, 0.0, 0.0, 0.0, 1.0],
                [0.998167, 0.058838, -0.014194, 0.0, -0.058411, 0.997876, 0.028846, 0.05, 0.015861, -0.027964, 0.999483, 0.0, 0.0, 0.0, 0.0, 1.0],
                [0.999999, -0.000367, 0.001258, -0.0, 0.000281, 0.997719, 0.067504, 0.05, -0.00128, -0.067504, 0.997718, 0.0, 0.0, 0.0, 0.0, 1.0],
                [0.998081, -0.060227, 0.0144, 0.0, 0.05835, 0.99255, 0.106959, 0.05, -0.020735, -0.105914, 0.994159, -0.0, 0.0, 0.0, 0.0, 1.0],
                [0.996653, -0.081148, 0.009923, -0.0, 0.080625, 0.995729, 0.044983, 0.05, -0.013531, -0.044032, 0.998938, 0.0, 0.0, 0.0, 0.0, 1.0],
                [0.994734, -0.102268, 0.006759, 0.0, 0.102371, 0.994597, -0.017252, 0.05, -0.004958, 0.017853, 0.999828, -0.0, 0.0, 0.0, 0.0, 1.0],
                [0.992339, -0.12345, 0.004924, -0.0, 0.12345, 0.989174, -0.079339, 0.05, 0.004924, 0.079339, 0.996835, 0.0, 0.0, 0.0, 0.0, 1.0],
                [0.993257, -0.115865, 0.003994, 0.0, 0.115865, 0.990891, -0.068631, 0.05, 0.003994, 0.068631, 0.997634, -0.0, 0.0, 0.0, 0.0, 1.0],
                [0.999162, 0.035719, 0.020004, -0.0, -0.033506, 0.994245, -0.101751, 0.05, -0.023523, 0.100995, 0.994609, -0.0, 0.0, 0.0, 0.0, 1.0],
                [0.999337, 0.031283, 0.018646, 0.0, -0.029039, 0.993463, -0.110396, 0.05, -0.021977, 0.109781, 0.993713, -0.0, 0.0, 0.0, 0.0, 1.0],
                [0.999621, 0.02237, 0.016044, 0.0, -0.020142, 0.99161, -0.127684, 0.05, -0.018766, 0.127312, 0.991685, 0.0, 0.0, 0.0, 0.0, 1.0],
                [0.999883, 0.008911, 0.012434, 0.0, -0.006896, 0.98811, -0.153591, 0.05, -0.013654, 0.153487, 0.988056, -0.0, 0.0, 0.0, 0.0, 1.0],
                [0.999947, -0.00464, 0.009176, 0.0, 0.006212, 0.98375, -0.179436, 0.05, -0.008195, 0.179484, 0.983727, -0.0, 0.0, 0.0, 0.0, 1.0],
                [0.99988, -0.013717, 0.007203, 0.0, 0.014865, 0.980368, -0.196616, 0.05, -0.004365, 0.196699, 0.980454, 0.0, 0.0, 0.0, 0.0, 1.0],
                [0.999665, -0.025426, 0.004902, 0.0, 0.025882, 0.975465, -0.218625, 0.05, 0.000777, 0.218678, 0.975797, 0.0, 0.0, 0.0, 0.0, 1.0],
                [0.999483, -0.031946, 0.003738, -0.0, 0.031946, 0.972475, -0.230807, 0.05, 0.003739, 0.230807, 0.972992, -0.0, 0.0, 0.0, 0.0, 1.0],
                [0.999296, -0.035128, -0.01315, 0.0, 0.031841, 0.979763, -0.197613, 0.05, 0.019825, 0.197055, 0.980192, 0.0, 0.0, 0.0, 0.0, 1.0],
                [0.998234, -0.039446, -0.044414, 0.0, 0.033073, 0.99015, -0.136048, 0.05, 0.049343, 0.134339, 0.989706, -0.0, 0.0, 0.0, 0.0, 1.0],
                [0.995618, -0.042027, -0.083542, -0.0, 0.037176, 0.997578, -0.058795, 0.05, 0.085811, 0.055432, 0.994768, -0.0, 0.0, 0.0, 0.0, 1.0],
                [0.991907, -0.041629, -0.119948, -0.0, 0.043531, 0.998964, 0.013283, 0.05, 0.119271, -0.018397, 0.992691, 0.0, 0.0, 0.0, 0.0, 1.0]
            ]
        },
        {
            "name": "Chest",
            "time": [0.0, 0.1, 0.2, 0.3, 0.4, 0.5, 0.6, 0.7333, 0.8, 0.8333, 0.85, 0.8667, 0.9, 0.95, 1.0, 1.0333, 1.2, 1.5, 1.6, 1.7833, 2.0333, 2.3],
            "transform": [
                [0.987853, 0.070771, -0.138339, 0.0, -0.079386, 0.995168, -0.057775, 0.3, 0.133582, 0.068055, 0.988698, -0.0, 0.0, 0.0, 0.0, 1.0],
                [0.756405, 0.14897, -0.636914, 0.0, -0.110516, 0.988828, 0.10003, 0.3, 0.6447, -0.005274, 0.764418, -0.0, 0.0, 0.0, 0.0, 1.0],
                [0.8449, 0.119235, -0.521467, 0.0, -0.054957, 0.989032, 0.137102, 0.3, 0.532094, -0.087179, 0.842185, -0.0, 0.0, 0.0, 0.0, 1.0],
                [0.772446, 0.108783, -0.625694, -0.0, -0.036542, 0.991202, 0.127219, 0.3, 0.634028, -0.075406, 0.769625, -0.0, 0.0, 0.0, 0.0, 1.0],
                [0.686997, 0.096837, -0.720179, 0.0, -0.019443, 0.993176, 0.114997, 0.3, 0.726401, -0.065, 0.684191, 0.0, 0.0, 0.0, 0.0, 1.0],
                [0.788888, 0.062586, -0.611342, 0.0, -0.016052, 0.99656, 0.081308, 0.3, 0.614328, -0.05433, 0.787178, -0.0, 0.0, 0.0, 0.0, 1.0],
                [0.987754, 0.019773, 0.154764, 0.0, -0.024932, 0.999194, 0.031466, 0.3, -0.154018, -0.034939, 0.98745, 0.0, 0.0, 0.0, 0.0, 1.0],
                [0.594297, 0.004431, 0.804234, -0.0, 0.003375, 0.999963, -0.008003, 0.3, -0.804239, 0.00747, 0.594259, -0.0, 0.0, 0.0, 0.0, 1.0],
                [0.763761, 0.179101, 0.620156, -0.0, 0.166186, 0.873793, -0.45702, 0.3, -0.623741, 0.452115, 0.637605, -0.0, 0.0, 0.0, 0.0, 1.0],
                [0.884434, -0.026501, 0.465913, -0.0, 0.126541, 0.9746, -0.184775, 0.3, -0.449183, 0.222378, 0.865323, -0.0, 0.0, 0.0, 0.0, 1.0],
                [0.93534, -0.041645, 0.351292, 0.0, 0.120358, 0.971267, -0.205319, 0.3, -0.332648, 0.234324, 0.913476, -0.0, 0.0, 0.0, 0.0, 1.0],
                [0.895253, 0.019663, 0.445125, -0.0, 0.08587, 0.972683, -0.215673, 0.3, -0.437207, 0.231305, 0.869108, -0.0, 0.0, 0.0, 0.0, 1.0],
                [0.999267, 0.016077, 0.034748, -0.0, -0.010432, 0.987557, -0.156912, 0.3, -0.036838, 0.156434, 0.987001, 0.0, 0.0, 0.0, 0.0, 1.0],
                [0.552785, 0.023147, -0.833003, -0.0, -0.074744, 0.996962, -0.021897, 0.3, 0.829966, 0.074366, 0.552835, 0.0, 0.0, 0.0, 0.0, 1.0],
                [0.521278, 0.1152, -0.845576, -0.0, -0.042908, 0.993131, 0.108851, 0.3, 0.852308, -0.02046, 0.52264, 0.0, 0.0, 0.0, 0.0, 1.0],
                [0.503818, 0.170545, -0.846807, -0.0, -0.021784, 0.982513, 0.184915, 0.3, 0.863536, -0.074717, 0.498723, 0.0, 0.0, 0.0, 0.0, 1.0],
                [0.484926, 0.234712, -0.842471, 0.0, 0.004513, 0.962629, 0.270786, 0.3, 0.874544, -0.135114, 0.465745, -0.0, 0.0, 0.0, 0.0, 1.0],
                [0.475933, 0.267128, -0.837932, -0.0, 0.018534, 0.949499, 0.313222, 0.3, 0.879287, -0.164603, 0.446947, -0.0, 0.0, 0.0, 0.0, 1.0],
                [0.538944, 0.225349, -0.811639, -0.0, 0.002684, 0.963086, 0.26918, 0.3, 0.842338, -0.147252, 0.518444, 0.0, 0.0, 0.0, 0.0, 1.0],
                [0.649124, 0.150645, -0.745617, 0.0, -0.017601, 0.982906, 0.183264, 0.3, 0.760479, -0.105837, 0.64068, 0.0, 0.0, 0.0, 0.0, 1.0],
                [0.770473, 0.06518, -0.634132, 0.0, -0.025576, 0.997119, 0.071416, 0.3, 0.63696, -0.038806, 0.76992, -0.0, 0.0, 0.0, 0.0, 1.0],
                [0.862121, -0.002923, -0.506694, -0.0, -0.015575, 0.999358, -0.032265, 0.3, 0.506463, 0.035709, 0.861522, -0.0, 0.0, 0.0, 0.0, 1.0]
            ]
        },
        {
            "name": "Head",
            "time": [0.0, 0.1, 0.2, 0.3, 0.4, 0.5, 0.6, 0.7333, 0.7667, 0.8, 0.8333, 0.85, 0.8667, 0.9, 0.9167, 0.95, 1.0, 1.0333, 1.2, 1.5, 1.6, 1.7833, 2.0333, 2.3],
            "transform": [
                [0.922036, 0.233543, -0.308719, 0.0, -0.095213, 0.90983, 0.40391, 0.400001, 0.375213, -0.343025, 0.861133, 0.0, 0.0, 0.0, 0.0, 1.0],
                [0.592525, 0.066766, -0.802781, 0.0, 0.052506, 0.991239, 0.121194, 0.400001, 0.80384, -0.113961, 0.583828, 0.0, 0.0, 0.0, 0.0, 1.0],
                [0.542425, 0.159917, -0.824744, 0.0, -0.10773, 0.98685, 0.120497, 0.4, 0.833169, 0.023489, 0.552519, 0.0, 0.0, 0.0, 0.0, 1.0],
                [0.762637, 0.100525, -0.638968, 0.0, -0.057024, 0.994452, 0.08839, 0.400001, 0.644309, -0.030973, 0.764139, -0.0, 0.0, 0.0, 0.0, 1.0],
                [0.966181, -0.01681, -0.257317, 0.0, 0.015445, 0.999854, -0.007324, 0.4, 0.257403, 0.003102, 0.966299, -0.0, 0.0, 0.0, 0.0, 1.0],
                [0.855401, -0.155347, 0.494122, -0.0, 0.136453, 0.987852, 0.07435, 0.400001, -0.499669, 0.003825, 0.866208, 0.0, 0.0, 0.0, 0.0, 1.0],
                [0.986977, 0.083622, -0.137421, -0.0, -0.094253, 0.992885, -0.072762, 0.4, 0.130359, 0.084767, 0.987837, 0.0, 0.0, 0.0, 0.0, 1.0],
                [0.571737, 0.086478, -0.815867, -0.0, -0.084384, 0.995353, 0.046369, 0.4, 0.816086, 0.042335, 0.576378, -0.0, 0.0, 0.0, 0.0, 1.0],
                [0.547581, 0.122116, -0.827794, -0.0, 0.208638, 0.93812, 0.276405, 0.400001, 0.810325, -0.324063, 0.48822, 0.0, 0.0, 0.0, 0.0, 1.0],
                [0.538411, 0.025753, -0.842289, -0.0, 0.466477, 0.823311, 0.323356, 0.400001, 0.701792, -0.567006, 0.431267, -0.0, 0.0, 0.0, 0.0, 1.0],
                [0.690606, -0.062734, -0.720504, 0.0, 0.154567, 0.986016, 0.062301, 0.400001, 0.706521, -0.154392, 0.690646, -0.0, 0.0, 0.0, 0.0, 1.0],
                [0.785013, -0.022072, -0.619085, 0.0, 0.085473, 0.993666, 0.072954, 0.4, 0.613554, -0.110184, 0.781928, 0.0, 0.0, 0.0, 0.0, 1.0],
                [0.83187, -0.023591, -0.554469, -0.0, 0.073221, 0.995027, 0.067518, 0.4, 0.55012, -0.096765, 0.829461, 0.0, 0.0, 0.0, 0.0, 1.0],
                [0.994274, 0.059943, 0.088458, 0.0, -0.054281, 0.996402, -0.065081, 0.4, -0.092041, 0.059907, 0.993951, -0.0, 0.0, 0.0, 0.0, 1.0],
                [0.842968, 0.150621, 0.516447, -0.0, -0.116009, 0.988313, -0.098886, 0.4, -0.525306, 0.023445, 0.850591, -0.0, 0.0, 0.0, 0.0, 1.0],
                [-0.090153, 0.160912, 0.982842, 0.0, -0.260922, 0.948575, -0.179235, 0.400001, -0.961141, -0.272604, -0.043531, -0.0, 0.0, 0.0, 0.0, 1.0],
                [-0.174554, -0.029335, 0.98421, 0.0, -0.231421, 0.972779, -0.012049, 0.4, -0.957066, -0.22987, -0.17659, -0.0, 0.0, 0.0, 0.0, 1.0],
                [-0.22032, -0.149818, 0.963853, 0.0, -0.175176, 0.978147, 0.111997, 0.4, -0.959569, -0.144169, -0.241749, 0.0, 0.0, 0.0, 0.0, 1.0],
                [-0.27313, -0.26207, 0.925591, 0.0, -0.071942, 0.965047, 0.252012, 0.4, -0.959283, 0.002244, -0.282437, 0.0, 0.0, 0.0, 0.0, 1.0],
                [-0.300028, -0.301588, 0.905002, -0.0, -0.007815, 0.949454, 0.313811, 0.4, -0.953898, 0.087079, -0.287219, -0.0, 0.0, 0.0, 0.0, 1.0],
                [-0.078374, -0.253475, 0.964162, 0.0, 0.014076, 0.96676, 0.255302, 0.400001, -0.996824, 0.033581, -0.0722, -0.0, 0.0, 0.0, 0.0, 1.0],
                [0.244202, -0.167872, 0.955083, 0.0, 0.019142, 0.985545, 0.168332, 0.4, -0.969535, -0.022824, 0.243886, -0.0, 0.0, 0.0, 0.0, 1.0],
                [0.446733, -0.090393, 0.890089, -0.0, -0.00305, 0.994723, 0.102549, 0.400001, -0.894662, -0.048527, 0.444101, -0.0, 0.0, 0.0, 0.0, 1.0],
                [0.510053, -0.039893, 0.859218, 0.0, -0.027636, 0.997648, 0.062725, 0.400001, -0.859699, -0.055738, 0.507751, 0.0, 0.0, 0.0, 0.0, 1.0]
            ]
        },
        {
            "name": "Shoulder_R",
            "time": [0.0, 0.1, 0.2, 0.3, 0.4, 0.5, 0.6, 0.7333, 0.8, 0.85, 0.8667, 0.9, 0.95, 1.0, 1.0333, 1.2, 1.5, 1.6, 1.7833, 2.0333, 2.3],
            "transform": [
                [0.227037, 0.970145, 0.085276, 0.0, 0.0494, -0.098922, 0.993868, 0.400001, 0.972632, -0.221432, -0.070384, 0.0, 0.0, 0.0, 0.0, 1.0],
                [0.231688, 0.970734, 0.063198, 0.0, 0.144525, -0.098593, 0.984577, 0.400001, 0.961994, -0.218981, -0.163138, 0.0, 0.0, 0.0, 0.0, 1.0],
                [0.234198, 0.971329, 0.040851, 0.0, 0.23802, -0.098028, 0.9663, 0.4, 0.942601, -0.216582, -0.254154, 0.0, 0.0, 0.0, 0.0, 1.0],
                [0.130775, 0.94199, 0.309112, 0.0, -0.038754, -0.306694, 0.951018, 0.400001, 0.990653, -0.136348, -0.003602, -0.0, 0.0, 0.0, 0.0, 1.0],
                [0.164583, 0.895986, 0.412454, 0.0, -0.058974, -0.408469, 0.910864, 0.4, 0.984597, -0.174237, -0.014388, -0.0, 0.0, 0.0, 0.0, 1.0],
                [0.358899, 0.858191, 0.367014, -0.0, -0.119325, -0.347798, 0.929945, 0.400001, 0.925717, -0.37755, -0.022421, 0.0, 0.0, 0.0, 0.0, 1.0],
                [0.424218, 0.888653, 0.174164, -0.0, -0.093136, -0.148491, 0.984518, 0.4, 0.900757, -0.433871, 0.019773, 0.0, 0.0, 0.0, 0.0, 1.0],
                [0.542901, 0.822705, 0.168561, -0.0, 0.216062, -0.330795, 0.918635, 0.4, 0.811525, -0.462309, -0.357344, -0.0, 0.0, 0.0, 0.0, 1.0],
                [0.437484, 0.879721, 0.186269, -0.0, -0.098954, -0.158788, 0.98234, 0.400001, 0.893763, -0.448191, 0.017585, -0.0, 0.0, 0.0, 0.0, 1.0],
                [0.490207, 0.87152, 0.012149, 0.0, 0.077199, -0.057298, 0.995367, 0.4, 0.868179, -0.486998, -0.095368, 0.0, 0.0, 0.0, 0.0, 1.0],
                [0.376001, 0.924921, 0.056051, -0.0, 0.021475, -0.069172, 0.997373, 0.4, 0.926369, -0.37381, -0.045872, 0.0, 0.0, 0.0, 0.0, 1.0],
                [0.109718, 0.95352, 0.280642, 0.0, -0.030734, -0.278957, 0.959811, 0.4, 0.993486, -0.113934, -0.001301, -0.0, 0.0, 0.0, 0.0, 1.0],
                [-0.219794, 0.958986, 0.178981, 0.0, 0.04921, -0.172335, 0.983807, 0.400001, 0.974303, 0.225043, -0.009314, -0.0, 0.0, 0.0, 0.0, 1.0],
                [-0.190669, 0.96906, 0.156738, 0.0, 0.040441, -0.151777, 0.987586, 0.4, 0.980819, 0.194641, -0.010251, -0.0, 0.0, 0.0, 0.0, 1.0],
                [-0.171034, 0.974999, 0.141847, 0.0, 0.03494, -0.137876, 0.989832, 0.4, 0.984643, 0.174251, -0.010485, 0.0, 0.0, 0.0, 0.0, 1.0],
                [-0.145567, 0.981714, 0.122657, 0.0, 0.028284, -0.119798, 0.992394, 0.4, 0.988941, 0.14793, -0.010328, 0.0, 0.0, 0.0, 0.0, 1.0],
                [-0.131326, 0.984992, 0.111985, -0.0, 0.024791, -0.109665, 0.993658, 0.4, 0.991027, 0.13327, -0.010017, -0.0, 0.0, 0.0, 0.0, 1.0],
                [-0.112773, 0.983874, 0.138821, 0.0, 0.024357, -0.136933, 0.99028, 0.400001, 0.99332, 0.115059, -0.008521, -0.0, 0.0, 0.0, 0.0, 1.0],
                [-0.078662, 0.979036, 0.187881, 0.0, 0.022222, -0.186696, 0.982166, 0.4, 0.996652, 0.081435, -0.00707, -0.0, 0.0, 0.0, 0.0, 1.0],
                [-0.036312, 0.968006, 0.248286, -0.0, 0.01716, -0.247809, 0.968657, 0.400001, 0.999193, 0.039435, -0.007612, -0.0, 0.0, 0.0, 0.0, 1.0],
                [0.002855, 0.952781, 0.303644, 0.0, 0.010067, -0.303657, 0.952729, 0.400001, 0.999946, 0.000337, -0.010458, 0.0, 0.0, 0.0, 0.0, 1.0]
            ]
        },
        {
            "name": "Arm_R",
            "time": [0.0, 0.1, 0.2, 0.3, 0.4, 0.5, 0.6, 0.7333, 0.8, 0.85, 0.8667, 0.9, 0.9167, 0.95, 1.0, 1.0333, 1.2, 1.5, 1.6, 1.7833, 2.0333, 2.3],
            "transform": [
                [0.639786, 0.755888, 0.138949, -1.9e-05, 0.668303, -0.636446, 0.385105, 0.388503, 0.379529, -0.153526, -0.912351, -0.00091, 0.0, 0.0, 0.0, 1.0],
                [-0.490794, -0.799781, 0.345642, -1.9e-05, 0.424501, -0.56594, -0.706758, 0.388503, 0.760866, -0.200146, 0.617268, -0.00091, 0.0, 0.0, 0.0, 1.0],
                [-0.302603, -0.78786, 0.53638, -1.9e-05, 0.477675, -0.61235, -0.629961, 0.388502, 0.824776, 0.065589, 0.56164, -0.00091, 0.0, 0.0, 0.0, 1.0],
                [-0.677728, -0.707268, 0.201126, -1.9e-05, 0.50636, -0.647247, -0.569795, 0.388503, 0.533178, -0.284325, 0.796791, -0.00091, 0.0, 0.0, 0.0, 1.0],
                [-0.548092, -0.74769, -0.3749, -1.9e-05, 0.815127, -0.377004, -0.439806, 0.388502, 0.187502, -0.54665, 0.816096, -0.00091, 0.0, 0.0, 0.0, 1.0],
                [-0.788067, -0.411464, -0.45787, -1.9e-05, 0.597437, -0.690505, -0.40776, 0.388502, -0.148385, -0.594893, 0.789988, -0.00091, 0.0, 0.0, 0.0, 1.0],
                [-0.138372, -0.712507, 0.687883, -1.9e-05, -0.354089, -0.613066, -0.706236, 0.388503, 0.924917, -0.341295, -0.16746, -0.00091, 0.0, 0.0, 0.0, 1.0],
                [0.596762, -0.721379, 0.351402, -1.9e-05, 0.402091, -0.110142, -0.90895, 0.388502, 0.694401, 0.683723, 0.224332, -0.00091, 0.0, 0.0, 0.0, 1.0],
                [-0.154481, -0.643635, 0.749576, -2e-05, -0.230251, -0.714339, -0.660832, 0.388502, 0.96079, -0.274676, -0.037847, -0.00091, 0.0, 0.0, 0.0, 1.0],
                [0.273549, -0.686095, 0.674121, -1.9e-05, 0.043069, -0.691414, -0.721171, 0.388502, 0.960892, 0.226312, -0.159587, -0.00091, 0.0, 0.0, 0.0, 1.0],
                [0.241584, -0.662588, 0.70895, -2e-05, 0.074354, -0.715803, -0.69433, 0.388502, 0.967525, 0.220453, -0.123662, -0.00091, 0.0, 0.0, 0.0, 1.0],
                [0.14192, -0.408431, 0.901688, -1.9e-05, 0.257503, -0.864313, -0.432032, 0.388502, 0.955796, 0.293501, -0.017491, -0.00091, 0.0, 0.0, 0.0, 1.0],
                [-0.178094, -0.758341, 0.627054, -1.9e-05, 0.136887, -0.650139, -0.74738, 0.388503, 0.974443, -0.047269, 0.219593, -0.00091, 0.0, 0.0, 0.0, 1.0],
                [-0.456851, -0.182391, 0.870641, -1.9e-05, -0.053222, -0.971394, -0.231423, 0.388502, 0.887946, -0.152064, 0.434076, -0.00091, 0.0, 0.0, 0.0, 1.0],
                [-0.407194, -0.446731, 0.79663, -2e-05, -0.301861, -0.757377, -0.579014, 0.388502, 0.862014, -0.476243, 0.173549, -0.00091, 0.0, 0.0, 0.0, 1.0],
