{
  "animation": [
    {
      "name": "Root",
      "time": [0.0, 1.3333, 2.6667],
      "transform": [
        [1.0, 0.0, 0.0, -5e-06, 0.0, 0.0, -1.0, 0.000946, 0.0, 1.0, 0.0, 0.752332, 0.0, 0.0, 0.0, 1.0],
        [1.0, 0.0, 0.0, -5e-06, 0.0, 0.0, -1.0, 0.000946, 0.0, 1.0, 0.0, 0.759402, 0.0, 0.0, 0.0, 1.0],
        [1.0, 0.0, 0.0, -5e-06, 0.0, 0.0, -1.0, 0.000946, 0.0, 1.0, 0.0, 0.752332, 0.0, 0.0, 0.0, 1.0]
      ]
    },
    {
      "name": "Thigh_R",
      "time": [0.0, 1.3333, 2.6667],
      "transform": [
        [0.98149, 0.066211, 0.179705, 0.124994, 0.050206, -0.994474, 0.092202, -0.002831, 0.184817, -0.081472, -0.97939, -1.2e-05, 0.0, 0.0, 0.0, 1.0],
        [0.98149, 0.066211, 0.179705, 0.124994, 0.050206, -0.994474, 0.092202, -0.002831, 0.184817, -0.081472, -0.97939, -1.2e-05, 0.0, 0.0, 0.0, 1.0],
        [0.98149, 0.066211, 0.179705, 0.124994, 0.050206, -0.994474, 0.092202, -0.002831, 0.184817, -0.081472, -0.97939, -1.2e-05, 0.0, 0.0, 0.0, 1.0]
      ]
    },
    {
      "name": "Leg_R",
      "time": [0.0, 1.3333, 2.6667],
      "transform": [
        [0.999209, -0.038574, -0.009659, 0.0, 0.039562, 0.988859, 0.1435, 0.37472, 0.004016, -0.143768, 0.989603, 0.0, 0.0, 0.0, 0.0, 1.0],
        [0.999209, -0.038574, -0.009659, 0.0, 0.039562, 0.988859, 0.1435, 0.37472, 0.004016, -0.143768, 0.989603, -0.0, 0.0, 0.0, 0.0, 1.0],
        [0.999209, -0.038574, -0.009659, 0.0, 0.039562, 0.988859, 0.1435, 0.37472, 0.004016, -0.143768, 0.989603, 0.0, 0.0, 0.0, 0.0, 1.0]
      ]
    },
    {
      "name": "Knee_R",
      "time": [0.0, 1.3333, 2.6667],
      "transform": [
        [1.0, 0.0, -0.0, 0.0, -0.0, 1e-06, -1.0, 0.37472, -0.0, 1.0, 1e-06, 0.0, 0.0, 0.0, 0.0, 1.0],
        [1.0, 0.0, -0.0, 0.0, -0.0, 1e-06, -1.0, 0.37472, -0.0, 1.0, 1e-06, -0.0, 0.0, 0.0, 0.0, 1.0],
        [1.0, 0.0, -0.0, 0.0, -0.0, 1e-06, -1.0, 0.37472, -0.0, 1.0, 1e-06, 0.0, 0.0, 0.0, 0.0, 1.0]
      ]
    },
    {
      "name": "Thigh_L",
      "time": [0.0, 1.3333, 2.6667],
      "transform": [
        [0.997496, -0.050885, -0.049122, -0.125006, -0.047294, -0.996305, 0.071682, -0.002831, -0.052588, -0.069179, -0.996217, -1.2e-05, 0.0, 0.0, 0.0, 1.0],
        [0.997496, -0.050885, -0.049122, -0.125006, -0.047294, -0.996305, 0.071682, -0.002831, -0.052588, -0.069179, -0.996217, -1.2e-05, 0.0, 0.0, 0.0, 1.0],
        [0.997496, -0.050885, -0.049122, -0.125006, -0.047294, -0.996305, 0.071682, -0.002831, -0.052588, -0.069179, -0.996217, -1.2e-05, 0.0, 0.0, 0.0, 1.0]
      ]
    },
    {
      "name": "Leg_L",
      "time": [0.0, 1.3333, 2.6667],
      "transform": [
        [0.999976, 0.003808, 0.005781, -0.0, -0.004344, 0.99541, 0.095607, 0.37472, -0.005391, -0.09563, 0.995402, -0.0, 0.0, 0.0, 0.0, 1.0],
        [0.999976, 0.003808, 0.005781, 0.0, -0.004344, 0.99541, 0.095607, 0.37472, -0.005391, -0.09563, 0.995402, -0.0, 0.0, 0.0, 0.0, 1.0],
        [0.999976, 0.003808, 0.005781, -0.0, -0.004344, 0.99541, 0.095607, 0.37472, -0.005391, -0.09563, 0.995402, -0.0, 0.0, 0.0, 0.0, 1.0]
      ]
    },
    {
      "name": "Knee_L",
      "time": [0.0, 1.3333, 2.6667],
      "transform": [
        [1.0, 0.0, -0.0, -0.0, -0.0, 1e-06, -1.0, 0.37472, -0.0, 1.0, 1e-06, -0.0, 0.0, 0.0, 0.0, 1.0],
        [1.0, 0.0, -0.0, 0.0, -0.0, 1e-06, -1.0, 0.37472, -0.0, 1.0, 1e-06, -0.0, 0.0, 0.0, 0.0, 1.0],
        [1.0, 0.0, -0.0, -0.0, -0.0, 1e-06, -1.0, 0.37472, -0.0, 1.0, 1e-06, -0.0, 0.0, 0.0, 0.0, 1.0]
      ]
    },
    {
      "name": "Torso",
      "time": [0.0, 1.3333, 2.6667],
      "transform": [
        [1.0, 0.0, 0.0, 0.0, 0.0, 0.993606, -0.112905, 0.05, 0.0, 0.112905, 0.993606, 0.0, 0.0, 0.0, 0.0, 1.0],
        [1.0, 0.0, 0.0, 0.0, 0.0, 0.998988, -0.044978, 0.05, 0.0, 0.044978, 0.998988, 0.0, 0.0, 0.0, 0.0, 1.0],
        [1.0, 0.0, 0.0, 0.0, 0.0, 0.993606, -0.112905, 0.05, 0.0, 0.112905, 0.993606, 0.0, 0.0, 0.0, 0.0, 1.0]
      ]
    },
    {
      "name": "Chest",
      "time": [0.0, 1.3333, 2.6667],
      "transform": [
        [1.0, 0.0, 0.0, 0.0, 0.0, 0.983871, 0.178877, 0.3, 0.0, -0.178877, 0.983871, 0.0, 0.0, 0.0, 0.0, 1.0],
        [1.0, 0.0, 0.0, 0.0, 0.0, 0.996057, 0.088712, 0.3, 0.0, -0.088712, 0.996057, -0.0, 0.0, 0.0, 0.0, 1.0],
        [1.0, 0.0, 0.0, 0.0, 0.0, 0.983871, 0.178877, 0.3, 0.0, -0.178877, 0.983871, 0.0, 0.0, 0.0, 0.0, 1.0]
      ]
    },
    {
      "name": "Head",
      "time": [0.0, 1.3333, 2.6667],
      "transform": [
        [1.0, 0.0, 0.0, 0.0, 0.0, 0.997911, -0.064603, 0.4, 0.0, 0.064603, 0.997911, 0.0, 0.0, 0.0, 0.0, 1.0],
        [1.0, 0.0, 0.0, 0.0, 0.0, 0.997983, -0.063476, 0.4, 0.0, 0.063476, 0.997983, 0.0, 0.0, 0.0, 0.0, 1.0],
        [1.0, 0.0, 0.0, 0.0, 0.0, 0.997911, -0.064603, 0.4, 0.0, 0.064603, 0.997911, 0.0, 0.0, 0.0, 0.0, 1.0]
      ]
    },
    {
      "name": "Shoulder_R",
      "time": [0.0, 1.3333, 2.6667],
      "transform": [
        [-0.061502, 0.950371, 0.304978, 0.0, -6e-06, -0.305556, 0.952174, 0.4, 0.998107, 0.058559, 0.018798, 0.0, 0.0, 0.0, 0.0, 1.0],
        [-0.063406, 0.963023, 0.261852, 0.0, -0.002813, -0.262551, 0.964914, 0.4, 0.997984, 0.060445, 0.019357, 0.0, 0.0, 0.0, 0.0, 1.0],
        [-0.061502, 0.950371, 0.304978, 0.0, -6e-06, -0.305556, 0.952174, 0.4, 0.998107, 0.058559, 0.018798, 0.0, 0.0, 0.0, 0.0, 1.0]
      ]
    },
    {
      "name": "Arm_R",
      "time": [0.0, 1.3333, 2.6667],
      "transform": [
        [0.166441, 0.143291, -0.975584, 0.0, 0.88413, 0.416381, 0.211995, 0.39386, 0.436592, -0.897828, -0.057386, 0.0, 0.0, 0.0, 0.0, 1.0],
        [0.166441, 0.143291, -0.975585, 0.0, 0.88413, 0.416381, 0.211995, 0.393861, 0.436592, -0.897828, -0.057386, 0.0, 0.0, 0.0, 0.0, 1.0],
        [0.166441, 0.143291, -0.975584, 0.0, 0.88413, 0.416381, 0.211995, 0.39386, 0.436592, -0.897828, -0.057386, 0.0, 0.0, 0.0, 0.0, 1.0]
      ]
    },
    {
      "name": "Hand_R",
      "time": [0.0, 1.3333, 2.6667],
      "transform": [
        [0.999314, -0.036095, -0.008341, 0.0, 0.035409, 0.996815, -0.071455, 0.3, 0.010893, 0.071111, 0.997409, -0.0, 0.0, 0.0, 0.0, 1.0],
        [0.999314, -0.036095, -0.008341, -0.0, 0.035409, 0.996815, -0.071455, 0.3, 0.010893, 0.071111, 0.997409, -0.0, 0.0, 0.0, 0.0, 1.0],
        [0.999314, -0.036095, -0.008341, 0.0, 0.035409, 0.996815, -0.071455, 0.3, 0.010893, 0.071111, 0.997409, -0.0, 0.0, 0.0, 0.0, 1.0]
      ]
    },
    {
      "name": "Tool_R",
      "time": [0.0, 1.3333, 2.6667],
      "transform": [
        [1.0, -0.0, 0.0, -0.0, 0.0, -0.964781, -0.263055, 0.272858, 0.0, 0.262889, -0.964212, -0.0, 0.0, 0.0, 0.0, 1.0],
        [1.0, -0.0, 0.0, 0.0, 0.0, -0.964781, -0.263055, 0.272858, 0.0, 0.262889, -0.964212, 0.0, 0.0, 0.0, 0.0, 1.0],
        [1.0, -0.0, 0.0, -0.0, 0.0, -0.964781, -0.263055, 0.272858, 0.0, 0.262889, -0.964212, -0.0, 0.0, 0.0, 0.0, 1.0]
      ]
    },
    {
      "name": "Elbow_R",
      "time": [0.0, 1.3333, 2.6667],
      "transform": [
        [-1.0, 0.0, -0.0, 0.0, 0.0, -0.0, -1.0, 0.3, -0.0, -1.0, 0.0, -0.0, 0.0, 0.0, 0.0, 1.0],
        [-1.0, 0.0, -0.0, -0.0, 0.0, -0.0, -1.0, 0.3, -0.0, -1.0, 0.0, -0.0, 0.0, 0.0, 0.0, 1.0],
        [-1.0, 0.0, -0.0, 0.0, 0.0, -0.0, -1.0, 0.3, -0.0, -1.0, 0.0, -0.0, 0.0, 0.0, 0.0, 1.0]
      ]
    },
    {
      "name": "Shoulder_L",
      "time": [0.0, 1.3333, 2.6667],
      "transform": [
        [-0.068562, -0.94994, -0.304816, 0.0, 8e-06, -0.305535, 0.952181, 0.4, -0.997647, 0.065281, 0.020955, 0.0, 0.0, 0.0, 0.0, 1.0],
        [-0.072825, -0.957997, -0.277378, 0.0, 0.007547, -0.278638, 0.960366, 0.4, -0.997316, 0.067846, 0.027522, 0.0, 0.0, 0.0, 0.0, 1.0],
        [-0.068562, -0.94994, -0.304816, 0.0, 8e-06, -0.305535, 0.952181, 0.4, -0.997647, 0.065281, 0.020955, 0.0, 0.0, 0.0, 0.0, 1.0]
      ]
    },
    {
      "name": "Arm_L",
      "time": [0.0, 1.3333, 2.6667],
      "transform": [
        [0.122116, -0.051906, 0.991158, 0.0, -0.86818, 0.478368, 0.132016, 0.39386, -0.48099, -0.876624, 0.013352, 0.0, 0.0, 0.0, 0.0, 1.0],
        [0.122116, -0.051906, 0.991158, -0.0, -0.86818, 0.478368, 0.132016, 0.39386, -0.48099, -0.876624, 0.013352, -0.0, 0.0, 0.0, 0.0, 1.0],
        [0.122116, -0.051906, 0.991158, 0.0, -0.86818, 0.478368, 0.132016, 0.39386, -0.48099, -0.876624, 0.013352, 0.0, 0.0, 0.0, 0.0, 1.0]
      ]
    },
    {
      "name": "Hand_L",
      "time": [0.0, 1.3333, 2.6667],
      "transform": [
        [0.998907, 0.039707, 0.024678, 0.0, -0.038821, 0.998619, -0.035385, 0.3, -0.026049, 0.034388, 0.999069, -0.0, 0.0, 0.0, 0.0, 1.0],
        [0.998907, 0.039707, 0.024678, -0.0, -0.038821, 0.99862, -0.035385, 0.3, -0.026049, 0.034388, 0.999069, 0.0, 0.0, 0.0, 0.0, 1.0],
        [0.998907, 0.039707, 0.024678, 0.0, -0.038821, 0.998619, -0.035385, 0.3, -0.026049, 0.034388, 0.999069, -0.0, 0.0, 0.0, 0.0, 1.0]
      ]
    },
    {
      "name": "Tool_L",
      "time": [0.0, 1.3333, 2.6667],
      "transform": [
        [0.9937, 0.107864, 0.030435, -0.0, 0.112054, -0.961619, -0.250465, 0.272858, 0.002251, 0.252139, -0.967081, -0.0, 0.0, 0.0, 0.0, 1.0],
        [0.9937, 0.107864, 0.030435, -0.0, 0.112053, -0.961619, -0.250465, 0.272858, 0.002251, 0.252139, -0.967081, 0.0, 0.0, 0.0, 0.0, 1.0],
        [0.9937, 0.107864, 0.030435, -0.0, 0.112054, -0.961619, -0.250465, 0.272858, 0.002251, 0.252139, -0.967081, -0.0, 0.0, 0.0, 0.0, 1.0]
      ]
    },
    {
      "name": "Elbow_L",
      "time": [0.0, 1.3333, 2.6667],
      "transform": [
        [-1.0, 0.0, -0.0, 0.0, 0.0, -0.0, -1.0, 0.3, -0.0, -1.0, -0.0, -0.0, 0.0, 0.0, 0.0, 1.0],
        [-1.0, 0.0, -0.0, -0.0, 0.0, -0.0, -1.0, 0.3, -0.0, -1.0, -0.0, 0.0, 0.0, 0.0, 0.0, 1.0],
        [-1.0, 0.0, -0.0, 0.0, 0.0, -0.0, -1.0, 0.3, -0.0, -1.0, -0.0, -0.0, 0.0, 0.0, 0.0, 1.0]
      ]
    }
  ]
}