{
    "animation": [
        {
            "name": "Root",
            "time": [0.0, 0.1667, 0.375, 0.4583],
            "transform": [
                [0.928621, 0.0, 0.37103, -5e-06, 0.37103, 0.0, -0.928621, 0.000946, 0.0, 1.0, 0.0, 0.57598, 0.0, 0.0, 0.0, 1.0],
                [0.928621, 0.0, 0.37103, -5e-06, 0.37103, 0.0, -0.928621, 0.000946, 0.0, 1.0, 0.0, 0.57598, 0.0, 0.0, 0.0, 1.0],
                [0.977459, 0.024196, 0.209735, -0.104382, 0.203442, 0.157628, -0.966315, 0.379433, -0.056441, 0.987202, 0.149152, 0.57598, 0.0, 0.0, 0.0, 1.0],
                [0.977459, 0.024196, 0.209735, -0.104382, 0.203442, 0.157628, -0.966315, 0.379433, -0.056441, 0.987202, 0.149152, 0.57598, 0.0, 0.0, 0.0, 1.0]
            ]
        },
        {
            "name": "Thigh_R",
            "time": [0.0, 0.1667, 0.375, 0.4583],
            "transform": [
                [0.890253, 0.451131, 0.062689, 0.124994, 0.226923, -0.558661, 0.797749, -0.002831, 0.394911, -0.695973, -0.599722, -1.2e-05, 0.0, 0.0, 0.0, 1.0],
                [0.890253, 0.451131, 0.062689, 0.124994, 0.226923, -0.558661, 0.797749, -0.002831, 0.394911, -0.695973, -0.599722, -1.2e-05, 0.0, 0.0, 0.0, 1.0],
                [0.80089, 0.573168, 0.17336, 0.124994, 0.318432, -0.652833, 0.68732, -0.002831, 0.507125, -0.495265, -0.705363, -1.2e-05, 0.0, 0.0, 0.0, 1.0],
                [0.80089, 0.573168, 0.17336, 0.124994, 0.318432, -0.652833, 0.68732, -0.002831, 0.507125, -0.495265, -0.705363, -1.2e-05, 0.0, 0.0, 0.0, 1.0]
            ]
        },
        {
            "name": "Leg_R",
            "time": [0.0, 0.1667, 0.375, 0.4583],
            "transform": [
                [1.0, -0.0, 0.0, 0.0, -0.0, 0.497544, 0.867439, 0.37472, -1e-06, -0.867439, 0.497544, -0.0, 0.0, 0.0, 0.0, 1.0],
                [1.0, -0.0, 0.0, 0.0, -0.0, 0.497544, 0.867439, 0.37472, -1e-06, -0.867439, 0.497544, -0.0, 0.0, 0.0, 0.0, 1.0],
                [1.0, -0.0, 0.0, -0.0, -0.0, 0.497544, 0.867439, 0.37472, -1e-06, -0.867439, 0.497544, -0.0, 0.0, 0.0, 0.0, 1.0],
                [1.0, -0.0, 0.0, -0.0, -0.0, 0.497544, 0.867439, 0.37472, -1e-06, -0.867439, 0.497544, -0.0, 0.0, 0.0, 0.0, 1.0]
            ]
        },
        {
            "name": "Knee_R",
            "time": [0.0, 0.1667, 0.375, 0.4583],
            "transform": [
                [1.0, 0.0, -0.0, 0.0, -0.0, 0.409458, -0.912329, 0.37472, 0.0, 0.912329, 0.409458, -0.0, 0.0, 0.0, 0.0, 1.0],
                [1.0, 0.0, -0.0, 0.0, -0.0, 0.409458, -0.912329, 0.37472, 0.0, 0.912329, 0.409458, -0.0, 0.0, 0.0, 0.0, 1.0],
                [1.0, 0.0, -0.0, -0.0, -0.0, 0.409458, -0.912329, 0.37472, -0.0, 0.912329, 0.409458, -0.0, 0.0, 0.0, 0.0, 1.0],
                [1.0, 0.0, -0.0, -0.0, -0.0, 0.409458, -0.912329, 0.37472, -0.0, 0.912329, 0.409458, -0.0, 0.0, 0.0, 0.0, 1.0]
            ]
        },
        {
            "name": "Thigh_L",
            "time": [0.0, 0.1667, 0.375, 0.4583],
            "transform": [
                [0.846674, -0.530848, -0.036655, -0.125006, -0.532084, -0.843929, -0.068334, -0.002831, 0.005341, 0.07736, -0.996989, -1.2e-05, 0.0, 0.0, 0.0, 1.0],
                [0.846674, -0.530848, -0.036655, -0.125006, -0.532084, -0.843929, -0.068334, -0.002831, 0.005341, 0.07736, -0.996989, -1.2e-05, 0.0, 0.0, 0.0, 1.0],
                [0.856031, -0.513268, 0.061365, -0.125006, -0.503504, -0.801038, 0.323763, -0.002831, -0.117021, -0.308048, -0.944146, -1.2e-05, 0.0, 0.0, 0.0, 1.0],
                [0.856031, -0.513268, 0.061365, -0.125006, -0.503504, -0.801038, 0.323763, -0.002831, -0.117021, -0.308048, -0.944146, -1.2e-05, 0.0, 0.0, 0.0, 1.0]
            ]
        },
        {
            "name": "Leg_L",
            "time": [0.0, 0.1667, 0.375, 0.4583],
            "transform": [
                [1.0, -0.0, 1e-06, -0.0, -0.0, 0.782123, 0.623125, 0.37472, -1e-06, -0.623125, 0.782123, 0.0, 0.0, 0.0, 0.0, 1.0],
                [1.0, -0.0, 1e-06, -0.0, -0.0, 0.782123, 0.623125, 0.37472, -1e-06, -0.623125, 0.782123, 0.0, 0.0, 0.0, 0.0, 1.0],
                [1.0, -0.0, 1e-06, -0.0, -0.0, 0.782123, 0.623125, 0.37472, -1e-06, -0.623125, 0.782123, 0.0, 0.0, 0.0, 0.0, 1.0],
                [1.0, -0.0, 1e-06, -0.0, -0.0, 0.782123, 0.623125, 0.37472, -1e-06, -0.623125, 0.782123, 0.0, 0.0, 0.0, 0.0, 1.0]
            ]
        },
        {
            "name": "Knee_L",
            "time": [0.0, 0.1667, 0.375, 0.4583],
            "transform": [
                [1.0, 0.0, -0.0, -0.0, -0.0, 0.374983, -0.927032, 0.37472, -0.0, 0.927032, 0.374983, 0.0, 0.0, 0.0, 0.0, 1.0],
                [1.0, 0.0, -0.0, -0.0, -0.0, 0.374983, -0.927032, 0.37472, -0.0, 0.927032, 0.374983, 0.0, 0.0, 0.0, 0.0, 1.0],
                [1.0, 0.0, -0.0, -0.0, -0.0, 0.374983, -0.927032, 0.37472, -0.0, 0.927032, 0.374983, 0.0, 0.0, 0.0, 0.0, 1.0],
                [1.0, 0.0, -0.0, -0.0, -0.0, 0.374983, -0.927032, 0.37472, -0.0, 0.927032, 0.374983, 0.0, 0.0, 0.0, 0.0, 1.0]
            ]
        },
        {
            "name": "Torso",
            "time": [0.0, 0.1667, 0.375, 0.4583],
            "transform": [
                [0.96815, -0.169927, 0.183876, -0.0, 0.17187, 0.985105, 0.005437, 0.05, -0.182061, 0.026339, 0.982934, 0.0, 0.0, 0.0, 0.0, 1.0],
                [0.96815, -0.169927, 0.183876, -0.0, 0.17187, 0.985105, 0.005437, 0.05, -0.182061, 0.026339, 0.982934, 0.0, 0.0, 0.0, 0.0, 1.0],
                [0.937259, -0.10674, -0.33189, -0.0, 0.153302, 0.981185, 0.117363, 0.05, 0.313118, -0.160879, 0.935989, -0.0, 0.0, 0.0, 0.0, 1.0],
                [0.937259, -0.10674, -0.33189, -0.0, 0.153302, 0.981185, 0.117363, 0.05, 0.313118, -0.160879, 0.935989, -0.0, 0.0, 0.0, 0.0, 1.0]
            ]
        },
        {
            "name": "Chest",
            "time": [0.0, 0.1667, 0.375, 0.4583],
            "transform": [
                [0.877312, -0.033665, 0.478738, 0.0, -0.262232, 0.80183, 0.536939, 0.3, -0.401942, -0.596603, 0.694627, -0.0, 0.0, 0.0, 0.0, 1.0],
                [0.877312, -0.033665, 0.478738, 0.0, -0.262232, 0.80183, 0.536939, 0.3, -0.401942, -0.596603, 0.694627, -0.0, 0.0, 0.0, 0.0, 1.0],
                [0.514998, 0.272295, -0.812793, 0.0, -0.289903, 0.947658, 0.133789, 0.3, 0.80668, 0.16673, 0.566981, 0.0, 0.0, 0.0, 0.0, 1.0],
                [0.514998, 0.272295, -0.812793, 0.0, -0.289903, 0.947658, 0.133789, 0.3, 0.80668, 0.16673, 0.566981, 0.0, 0.0, 0.0, 0.0, 1.0]
            ]
        },
        {
            "name": "Head",
            "time": [0.0, 0.1667, 0.375, 0.4583],
            "transform": [
                [0.492946, -0.379351, -0.783005, 0.0, -0.114211, 0.863944, -0.490466, 0.4, 0.862531, 0.331201, 0.382551, 0.0, 0.0, 0.0, 0.0, 1.0],
                [0.492946, -0.379351, -0.783005, 0.0, -0.114211, 0.863944, -0.490466, 0.4, 0.862531, 0.331201, 0.382551, 0.0, 0.0, 0.0, 0.0, 1.0],
                [0.874429, -0.186604, 0.447831, -0.0, 0.056113, 0.955776, 0.288693, 0.4, -0.481897, -0.227312, 0.846229, -0.0, 0.0, 0.0, 0.0, 1.0],
                [0.874429, -0.186604, 0.447831, -0.0, 0.056113, 0.955776, 0.288693, 0.4, -0.481897, -0.227312, 0.846229, -0.0, 0.0, 0.0, 0.0, 1.0]
            ]
        },
        {
            "name": "Shoulder_R",
            "time": [0.0, 0.1667, 0.375, 0.4583],
            "transform": [
                [-0.185319, 0.791827, -0.581951, 0.0, -0.676205, 0.326947, 0.660192, 0.4, 0.713025, 0.515864, 0.474847, 0.0, 0.0, 0.0, 0.0, 1.0],
                [-0.185319, 0.791827, -0.581951, 0.0, -0.676205, 0.326947, 0.660192, 0.4, 0.713025, 0.515864, 0.474847, 0.0, 0.0, 0.0, 0.0, 1.0],
                [0.251186, 0.920943, 0.297942, -0.0, 0.197816, -0.350156, 0.915565, 0.4, 0.94751, -0.171039, -0.270131, -0.0, 0.0, 0.0, 0.0, 1.0],
                [0.251186, 0.920943, 0.297942, -0.0, 0.197816, -0.350156, 0.915565, 0.4, 0.94751, -0.171039, -0.270131, -0.0, 0.0, 0.0, 0.0, 1.0]
            ]
        },
        {
            "name": "Arm_R",
            "time": [0.0, 0.1667, 0.375, 0.4583],
            "transform": [
                [-0.128703, -0.643315, -0.754706, -0.0, -0.061549, 0.76475, -0.641381, 0.39386, 0.989771, -0.036096, -0.138021, -0.0, 0.0, 0.0, 0.0, 1.0],
                [-0.128703, -0.643315, -0.754706, -0.0, -0.061549, 0.76475, -0.641381, 0.39386, 0.989771, -0.036096, -0.138021, -0.0, 0.0, 0.0, 0.0, 1.0],
                [-0.015613, -0.951547, -0.307108, 0.0, -0.216431, 0.303079, -0.928063, 0.39386, 0.976173, 0.051978, -0.210676, -0.0, 0.0, 0.0, 0.0, 1.0],
                [-0.015613, -0.951547, -0.307108, 0.0, -0.216431, 0.303079, -0.928063, 0.39386, 0.976173, 0.051978, -0.210676, -0.0, 0.0, 0.0, 0.0, 1.0]
            ]
        },
        {
            "name": "Hand_R",
            "time": [0.0, 0.1667, 0.375, 0.4583],
            "transform": [
                [1.0, 0.0, 0.0, -0.0, -0.0, 0.999937, 0.011237, 0.3, -0.0, -0.011237, 0.999937, -0.0, 0.0, 0.0, 0.0, 1.0],
                [1.0, 0.0, 0.0, -0.0, -0.0, 0.999937, 0.011237, 0.3, -0.0, -0.011237, 0.999937, -0.0, 0.0, 0.0, 0.0, 1.0],
                [1.0, 0.0, 0.0, 0.0, 0.0, 0.923963, -0.382481, 0.3, -0.0, 0.382481, 0.923963, 0.0, 0.0, 0.0, 0.0, 1.0],
                [1.0, 0.0, 0.0, 0.0, 0.0, 0.923963, -0.382481, 0.3, -0.0, 0.382481, 0.923963, 0.0, 0.0, 0.0, 0.0, 1.0]
            ]
        },
        {
            "name": "Tool_R",
            "time": [0.0, 0.1667, 0.375, 0.4583],
            "transform": [
                [-0.036529, 0.995339, 0.089256, 0.0, 0.029913, 0.090364, -0.995459, 0.272858, -0.998293, -0.033672, -0.033066, -0.0, 0.0, 0.0, 0.0, 1.0],
                [-0.036529, 0.995339, 0.089256, 0.0, 0.029913, 0.090364, -0.995459, 0.272858, -0.998293, -0.033672, -0.033066, -0.0, 0.0, 0.0, 0.0, 1.0],
                [1.0, -0.0, 0.0, 0.0, -0.0, -0.531075, -0.847325, 0.272858, 0.0, 0.846817, -0.53077, 0.0, 0.0, 0.0, 0.0, 1.0],
                [1.0, -0.0, 0.0, 0.0, -0.0, -0.531075, -0.847325, 0.272858, 0.0, 0.846817, -0.53077, 0.0, 0.0, 0.0, 0.0, 1.0]
            ]
        },
        {
            "name": "Elbow_R",
            "time": [0.0, 0.1667, 0.375, 0.4583],
            "transform": [
                [-1.0, 0.0, -0.0, -0.0, 0.0, -0.0, -1.0, 0.3, -0.0, -1.0, 0.0, -0.0, 0.0, 0.0, 0.0, 1.0],
                [-1.0, 0.0, -0.0, -0.0, 0.0, -0.0, -1.0, 0.3, -0.0, -1.0, 0.0, -0.0, 0.0, 0.0, 0.0, 1.0],
                [-1.0, 0.0, -0.0, 0.0, 0.0, -0.0, -1.0, 0.3, -0.0, -1.0, 0.0, 0.0, 0.0, 0.0, 0.0, 1.0],
                [-1.0, 0.0, -0.0, 0.0, 0.0, -0.0, -1.0, 0.3, -0.0, -1.0, 0.0, 0.0, 0.0, 0.0, 0.0, 1.0]
            ]
        },
        {
            "name": "Shoulder_L",
            "time": [0.0, 0.1667, 0.375, 0.4583],
            "transform": [
                [-0.361534, -0.674158, -0.644052, 0.0, 0.082651, -0.711231, 0.698082, 0.4, -0.928688, 0.199149, 0.312854, 0.0, 0.0, 0.0, 0.0, 1.0],
                [-0.361534, -0.674158, -0.644052, 0.0, 0.082651, -0.711231, 0.698082, 0.4, -0.928688, 0.199149, 0.312854, 0.0, 0.0, 0.0, 0.0, 1.0],
                [0.139715, -0.989135, -0.045726, -0.0, 0.57987, 0.0443, 0.813504, 0.4, -0.80264, -0.140174, 0.579759, -0.0, 0.0, 0.0, 0.0, 1.0],
                [0.139715, -0.989135, -0.045726, -0.0, 0.57987, 0.0443, 0.813504, 0.4, -0.80264, -0.140174, 0.579759, -0.0, 0.0, 0.0, 0.0, 1.0]
            ]
        },
        {
            "name": "Arm_L",
            "time": [0.0, 0.1667, 0.375, 0.4583],
            "transform": [
                [-0.316915, 0.464419, 0.82697, 0.0, 0.071954, 0.881174, -0.467285, 0.39386, -0.945721, -0.088585, -0.312674, 0.0, 0.0, 0.0, 0.0, 1.0],
                [-0.316915, 0.464419, 0.82697, 0.0, 0.071954, 0.881174, -0.467285, 0.39386, -0.945721, -0.088585, -0.312674, 0.0, 0.0, 0.0, 0.0, 1.0],
                [-0.332246, 0.365057, 0.869681, 0.0, 0.19301, 0.928864, -0.316163, 0.39386, -0.923233, 0.062813, -0.379071, 0.0, 0.0, 0.0, 0.0, 1.0],
                [-0.332246, 0.365057, 0.869681, 0.0, 0.19301, 0.928864, -0.316163, 0.39386, -0.923233, 0.062813, -0.379071, 0.0, 0.0, 0.0, 0.0, 1.0]
            ]
        },
        {
            "name": "Hand_L",
            "time": [0.0, 0.1667, 0.375, 0.4583],
            "transform": [
                [1.0, -0.0, -0.0, -0.0, 0.0, -0.114813, -0.993387, 0.3, 0.0, 0.993387, -0.114813, -0.0, 0.0, 0.0, 0.0, 1.0],
                [1.0, -0.0, -0.0, -0.0, 0.0, -0.114813, -0.993387, 0.3, 0.0, 0.993387, -0.114813, -0.0, 0.0, 0.0, 0.0, 1.0],
                [1.0, 0.0, 0.0, 0.0, -0.0, 0.993937, 0.109947, 0.3, -0.0, -0.109947, 0.993937, -0.0, 0.0, 0.0, 0.0, 1.0],
                [1.0, 0.0, 0.0, 0.0, -0.0, 0.993937, 0.109947, 0.3, -0.0, -0.109947, 0.993937, -0.0, 0.0, 0.0, 0.0, 1.0]
            ]
        },
        {
            "name": "Tool_L",
            "time": [0.0, 0.1667, 0.375, 0.4583],
            "transform": [
                [0.826171, -0.562933, -0.023397, 0.0, -0.349786, -0.479914, -0.804569, 0.272858, 0.441427, 0.672495, -0.593057, -0.0, 0.0, 0.0, 0.0, 1.0],
                [0.826171, -0.562933, -0.023397, 0.0, -0.349786, -0.479914, -0.804569, 0.272858, 0.441427, 0.672495, -0.593057, -0.0, 0.0, 0.0, 0.0, 1.0],
                [-0.033811, -0.997265, 0.065726, -0.0, -0.09254, -0.062357, -0.993755, 0.272858, 0.994548, -0.039659, -0.090136, -0.0, 0.0, 0.0, 0.0, 1.0],
                [-0.033811, -0.997265, 0.065726, -0.0, -0.09254, -0.062357, -0.993755, 0.272858, 0.994548, -0.039659, -0.090136, -0.0, 0.0, 0.0, 0.0, 1.0]
            ]
        },
        {
            "name": "Elbow_L",
            "time": [0.0, 0.1667, 0.375, 0.4583],
            "transform": [
                [-1.0, 0.0, 0.0, -0.0, 0.0, 0.752466, -0.658632, 0.3, -0.0, -0.658632, -0.752466, -0.0, 0.0, 0.0, 0.0, 1.0],
                [-1.0, 0.0, 0.0, -0.0, 0.0, 0.752466, -0.658632, 0.3, -0.0, -0.658632, -0.752466, -0.0, 0.0, 0.0, 0.0, 1.0],
                [-1.0, 0.0, -0.0, 0.0, 0.0, -0.0, -1.0, 0.3, -0.0, -1.0, -0.0, -0.0, 0.0, 0.0, 0.0, 1.0],
                [-1.0, 0.0, -0.0, 0.0, 0.0, -0.0, -1.0, 0.3, -0.0, -1.0, -0.0, -0.0, 0.0, 0.0, 0.0, 1.0]
            ]
        }
    ]
}