{
    "animation": [
        {
            "name": "Root",
            "time": [0.0, 0.2917, 0.4167],
            "transform": [
                [0.95897, 0.253357, 0.127226, -5e-06, 0.109931, 0.081348, -0.990605, 0.000946, -0.261326, 0.963946, 0.050159, 0.763972, 0.0, 0.0, 0.0, 1.0],
                [0.95897, 0.253357, 0.127226, 0.078902, 0.109931, 0.081348, -0.990605, 0.413052, -0.261326, 0.963946, 0.050159, 1.226887, 0.0, 0.0, 0.0, 1.0],
                [0.95897, 0.253357, 0.127226, 0.078902, 0.109931, 0.081348, -0.990605, 0.413052, -0.261326, 0.963946, 0.050159, 1.226887, 0.0, 0.0, 0.0, 1.0]
            ]
        },
        {
            "name": "Thigh_R",
            "time": [0.0, 0.2917, 0.4167],
            "transform": [
                [0.959936, 0.253113, 0.12024, 0.124994, 0.242774, -0.965494, 0.094242, -0.002831, 0.139944, -0.061275, -0.988262, -1.2e-05, 0.0, 0.0, 0.0, 1.0],
                [0.867728, 0.468244, 0.166723, 0.124994, 0.473631, -0.880684, 0.008352, -0.002831, 0.15074, 0.071718, -0.985968, -1.2e-05, 0.0, 0.0, 0.0, 1.0],
                [0.867728, 0.468244, 0.166723, 0.124994, 0.473631, -0.880684, 0.008352, -0.002831, 0.15074, 0.071718, -0.985968, -1.2e-05, 0.0, 0.0, 0.0, 1.0]
            ]
        },
        {
            "name": "Leg_R",
            "time": [0.0, 0.2917, 0.4167],
            "transform": [
                [1.0, -0.0, 0.0, 0.0, -0.0, 0.260306, 0.965526, 0.37472, -1e-06, -0.965526, 0.260306, 0.0, 0.0, 0.0, 0.0, 1.0],
                [1.0, -0.0, 1e-06, 0.0, -0.0, 0.892283, 0.451477, 0.37472, -1e-06, -0.451477, 0.892283, -0.0, 0.0, 0.0, 0.0, 1.0],
                [1.0, -0.0, 1e-06, 0.0, -0.0, 0.892283, 0.451477, 0.37472, -1e-06, -0.451477, 0.892283, -0.0, 0.0, 0.0, 0.0, 1.0]
            ]
        },
        {
            "name": "Knee_R",
            "time": [0.0, 0.2917, 0.4167],
            "transform": [
                [1.0, 0.0, -0.0, 0.0, -0.0, 0.556361, -0.83094, 0.37472, -0.0, 0.83094, 0.556361, 0.0, 0.0, 0.0, 0.0, 1.0],
                [1.0, 0.0, -0.0, 0.0, -0.0, 0.244307, -0.969698, 0.37472, -0.0, 0.969698, 0.244307, -0.0, 0.0, 0.0, 0.0, 1.0],
                [1.0, 0.0, -0.0, 0.0, -0.0, 0.244307, -0.969698, 0.37472, -0.0, 0.969698, 0.244307, -0.0, 0.0, 0.0, 0.0, 1.0]
            ]
        },
        {
            "name": "Thigh_L",
            "time": [0.0, 0.2917, 0.4167],
            "transform": [
                [0.99748, 0.042451, -0.056845, -0.125006, 0.068858, -0.772265, 0.631558, -0.002831, -0.017089, -0.63388, -0.773243, -1.2e-05, 0.0, 0.0, 0.0, 1.0],
                [0.981462, -0.039481, 0.187546, -0.125006, -0.189222, -0.355095, 0.915479, -0.002831, 0.030452, -0.933996, -0.355983, -1.2e-05, 0.0, 0.0, 0.0, 1.0],
                [0.981462, -0.039481, 0.187546, -0.125006, -0.189222, -0.355095, 0.915479, -0.002831, 0.030452, -0.933996, -0.355983, -1.2e-05, 0.0, 0.0, 0.0, 1.0]
            ]
        },
        {
            "name": "Leg_L",
            "time": [0.0, 0.2917, 0.4167],
            "transform": [
                [1.0, -0.0, 0.0, -0.0, -0.0, -0.51316, 0.858293, 0.37472, -0.0, -0.858293, -0.51316, -0.0, 0.0, 0.0, 0.0, 1.0],
                [1.0, -0.0, 0.0, 0.0, -0.0, -0.51316, 0.858293, 0.37472, -0.0, -0.858293, -0.51316, 0.0, 0.0, 0.0, 0.0, 1.0],
                [1.0, -0.0, 0.0, 0.0, -0.0, -0.51316, 0.858293, 0.37472, -0.0, -0.858293, -0.51316, 0.0, 0.0, 0.0, 0.0, 1.0]
            ]
        },
        {
            "name": "Knee_L",
            "time": [0.0, 0.2917, 0.4167],
            "transform": [
                [1.0, 0.0, -0.0, -0.0, -0.0, 0.903772, -0.428015, 0.37472, 0.0, 0.428015, 0.903772, -0.0, 0.0, 0.0, 0.0, 1.0],
                [1.0, 0.0, -0.0, 0.0, -0.0, 0.903772, -0.428015, 0.37472, 0.0, 0.428015, 0.903772, 0.0, 0.0, 0.0, 0.0, 1.0],
                [1.0, 0.0, -0.0, 0.0, -0.0, 0.903772, -0.428015, 0.37472, 0.0, 0.428015, 0.903772, 0.0, 0.0, 0.0, 0.0, 1.0]
            ]
        },
        {
            "name": "Torso",
            "time": [0.0, 0.2917, 0.4167],
            "transform": [
                [1.0, -0.0, -0.0, -0.0, 0.0, 0.813425, 0.58167, 0.05, 0.0, -0.58167, 0.813425, 0.0, 0.0, 0.0, 0.0, 1.0],
                [0.990203, -0.126317, 0.059511, 0.0, 0.104919, 0.954298, 0.279834, 0.05, -0.092139, -0.270849, 0.958202, 0.0, 0.0, 0.0, 0.0, 1.0],
                [0.990203, -0.126317, 0.059511, 0.0, 0.104919, 0.954298, 0.279834, 0.05, -0.092139, -0.270849, 0.958202, 0.0, 0.0, 0.0, 0.0, 1.0]
            ]
        },
        {
            "name": "Chest",
            "time": [0.0, 0.2917, 0.4167],
            "transform": [
                [1.0, 0.0, 0.0, -0.0, 0.0, 0.945288, 0.326238, 0.3, 0.0, -0.326238, 0.945288, 0.0, 0.0, 0.0, 0.0, 1.0],
                [1.0, 0.0, -0.0, 0.0, 0.0, 0.843279, 0.537476, 0.3, -0.0, -0.537476, 0.843279, -0.0, 0.0, 0.0, 0.0, 1.0],
                [1.0, 0.0, -0.0, 0.0, 0.0, 0.843279, 0.537476, 0.3, -0.0, -0.537476, 0.843279, -0.0, 0.0, 0.0, 0.0, 1.0]
            ]
        },
        {
            "name": "Head",
            "time": [0.0, 0.2917, 0.4167],
            "transform": [
                [0.960935, -0.207189, -0.183515, 0.0, 0.055158, 0.793099, -0.60659, 0.4, 0.271224, 0.572771, 0.773544, 0.0, 0.0, 0.0, 0.0, 1.0],
                [0.972198, -0.154066, -0.17634, 0.0, -0.047985, 0.606007, -0.79401, 0.4, 0.229193, 0.780397, 0.581766, -0.0, 0.0, 0.0, 0.0, 1.0],
                [0.972198, -0.154066, -0.17634, 0.0, -0.047985, 0.606007, -0.79401, 0.4, 0.229193, 0.780397, 0.581766, -0.0, 0.0, 0.0, 0.0, 1.0]
            ]
        },
        {
            "name": "Shoulder_R",
            "time": [0.0, 0.2917, 0.4167],
            "transform": [
                [0.35742, 0.924157, -0.13485, 0.0, -0.24012, 0.230465, 0.942989, 0.4, 0.902548, -0.304663, 0.304282, 0.0, 0.0, 0.0, 0.0, 1.0],
                [-0.323207, 0.855885, 0.40373, 0.0, 0.064489, -0.405715, 0.911721, 0.4, 0.944128, 0.320711, 0.075935, -0.0, 0.0, 0.0, 0.0, 1.0],
                [-0.323207, 0.855885, 0.40373, 0.0, 0.064489, -0.405715, 0.911721, 0.4, 0.944128, 0.320711, 0.075935, -0.0, 0.0, 0.0, 0.0, 1.0]
            ]
        },
        {
            "name": "Arm_R",
            "time": [0.0, 0.2917, 0.4167],
            "transform": [
                [-0.06234, -0.996411, 0.057259, 0.0, 0.94927, -0.076913, -0.304911, 0.39386, 0.308221, 0.035346, 0.950658, 0.0, 0.0, 0.0, 0.0, 1.0],
                [0.955753, 0.005498, -0.294118, -0.0, 0.050421, 0.981968, 0.182202, 0.393861, 0.289816, -0.188969, 0.938242, 0.0, 0.0, 0.0, 0.0, 1.0],
                [0.955753, 0.005498, -0.294118, -0.0, 0.050421, 0.981968, 0.182202, 0.393861, 0.289816, -0.188969, 0.938242, 0.0, 0.0, 0.0, 0.0, 1.0]
            ]
        },
        {
            "name": "Hand_R",
            "time": [0.0, 0.2917, 0.4167],
            "transform": [
                [1.0, 0.0, 0.0, 0.0, 0.0, 0.981527, -0.191323, 0.3, -0.0, 0.191323, 0.981527, -0.0, 0.0, 0.0, 0.0, 1.0],
                [1.0, -0.0, 0.0, 0.0, 0.0, 0.981527, -0.191323, 0.3, -0.0, 0.191323, 0.981527, 0.0, 0.0, 0.0, 0.0, 1.0],
                [1.0, -0.0, 0.0, 0.0, 0.0, 0.981527, -0.191323, 0.3, -0.0, 0.191323, 0.981527, 0.0, 0.0, 0.0, 0.0, 1.0]
            ]
        },
        {
            "name": "Tool_R",
            "time": [0.0, 0.2917, 0.4167],
            "transform": [
                [0.990205, 6e-06, 0.139619, -0.0, 0.139206, -0.076904, -0.987273, 0.272858, 0.010727, 0.996448, -0.076117, -0.0, 0.0, 0.0, 0.0, 1.0],
                [0.990205, 6e-06, 0.139619, 0.0, 0.139206, -0.076904, -0.987273, 0.272858, 0.010727, 0.996448, -0.076117, 0.0, 0.0, 0.0, 0.0, 1.0],
                [0.990205, 6e-06, 0.139619, 0.0, 0.139206, -0.076904, -0.987273, 0.272858, 0.010727, 0.996448, -0.076117, 0.0, 0.0, 0.0, 0.0, 1.0]
            ]
        },
        {
            "name": "Elbow_R",
            "time": [0.0, 0.2917, 0.4167],
            "transform": [
                [-1.0, 0.0, -0.0, 0.0, 0.0, -0.0, -1.0, 0.3, -0.0, -1.0, 0.0, -0.0, 0.0, 0.0, 0.0, 1.0],
                [-1.0, 0.0, -0.0, 0.0, 0.0, -0.0, -1.0, 0.3, -0.0, -1.0, 0.0, 0.0, 0.0, 0.0, 0.0, 1.0],
                [-1.0, 0.0, -0.0, 0.0, 0.0, -0.0, -1.0, 0.3, -0.0, -1.0, 0.0, 0.0, 0.0, 0.0, 0.0, 1.0]
            ]
        },
        {
            "name": "Shoulder_L",
            "time": [0.0, 0.2917, 0.4167],
            "transform": [
                [0.424342, -0.894304, 0.141966, 0.0, 0.333538, 0.30013, 0.893686, 0.4, -0.841835, -0.331877, 0.425642, 0.0, 0.0, 0.0, 0.0, 1.0],
                [-0.134055, -0.983995, 0.1174, 0.0, 0.388173, 0.056862, 0.919831, 0.4, -0.911785, 0.168879, 0.374337, -0.0, 0.0, 0.0, 0.0, 1.0],
                [-0.134055, -0.983995, 0.1174, 0.0, 0.388173, 0.056862, 0.919831, 0.4, -0.911785, 0.168879, 0.374337, -0.0, 0.0, 0.0, 0.0, 1.0]
            ]
        },
        {
            "name": "Arm_L",
            "time": [0.0, 0.2917, 0.4167],
            "transform": [
                [-0.100388, 0.951285, -0.291513, 0.0, -0.992406, -0.116667, -0.038963, 0.39386, -0.071075, 0.285388, 0.955773, -0.0, 0.0, 0.0, 0.0, 1.0],
                [-0.293939, -0.075526, -0.952835, 0.0, -0.533926, 0.839816, 0.098142, 0.39386, 0.792794, 0.537591, -0.28718, -0.0, 0.0, 0.0, 0.0, 1.0],
                [-0.293939, -0.075526, -0.952835, 0.0, -0.533926, 0.839816, 0.098142, 0.39386, 0.792794, 0.537591, -0.28718, -0.0, 0.0, 0.0, 0.0, 1.0]
            ]
        },
        {
            "name": "Hand_L",
            "time": [0.0, 0.2917, 0.4167],
            "transform": [
                [1.0, 0.0, -0.0, 0.0, -0.0, 0.974039, -0.22638, 0.3, 0.0, 0.22638, 0.974039, 0.0, 0.0, 0.0, 0.0, 1.0],
                [1.0, -0.0, 0.0, 0.0, -0.0, 0.974039, -0.22638, 0.3, -0.0, 0.22638, 0.974039, -0.0, 0.0, 0.0, 0.0, 1.0],
                [1.0, -0.0, 0.0, 0.0, -0.0, 0.974039, -0.22638, 0.3, -0.0, 0.22638, 0.974039, -0.0, 0.0, 0.0, 0.0, 1.0]
            ]
        },
        {
            "name": "Tool_L",
            "time": [0.0, 0.2917, 0.4167],
            "transform": [
                [-0.982045, 0.188646, 0.000357, 0.0, 0.003409, 0.019634, -0.999802, 0.272858, -0.188505, -0.981271, -0.019923, -0.0, 0.0, 0.0, 0.0, 1.0],
                [-0.982045, 0.188646, 0.000356, 0.0, 0.003409, 0.019634, -0.999802, 0.272858, -0.188505, -0.981271, -0.019923, 0.0, 0.0, 0.0, 0.0, 1.0],
                [-0.982045, 0.188646, 0.000356, 0.0, 0.003409, 0.019634, -0.999802, 0.272858, -0.188505, -0.981271, -0.019923, 0.0, 0.0, 0.0, 0.0, 1.0]
            ]
        },
        {
            "name": "Elbow_L",
            "time": [0.0, 0.2917, 0.4167],
            "transform": [
                [-1.0, 0.0, -0.0, 0.0, 0.0, -0.0, -1.0, 0.3, -0.0, -1.0, -0.0, 0.0, 0.0, 0.0, 0.0, 1.0],
                [-1.0, 0.0, -0.0, 0.0, 0.0, -0.0, -1.0, 0.3, -0.0, -1.0, -0.0, -0.0, 0.0, 0.0, 0.0, 1.0],
                [-1.0, 0.0, -0.0, 0.0, 0.0, -0.0, -1.0, 0.3, -0.0, -1.0, -0.0, -0.0, 0.0, 0.0, 0.0, 1.0]
            ]
        }
    ]
}