{
  "animation": [
    {
      "name": "Root",
      "time": [0.0, 0.2917, 0.78],
      "transform": [
        [0.992041, 0.0, 0.125917, -5e-06, 0.125917, 0.0, -0.992041, 0.000946, 0.0, 1.0, 0.0, 0.710633, 0.0, 0.0, 0.0, 1.0],
        [0.853277, 0.066157, -0.517244, -5e-06, -0.518167, 0.218828, -0.826811, 0.32122, 0.058488, 0.973518, 0.221001, 0.625077, 0.0, 0.0, 0.0, 1.0],
        [0.853277, 0.066157, -0.517244, -5e-06, -0.518167, 0.218828, -0.826811, 0.32122, 0.058488, 0.973518, 0.221001, 0.625077, 0.0, 0.0, 0.0, 1.0]
      ]
    },
    {
      "name": "Thigh_R",
      "time": [0.0, 0.2917, 0.78],
      "transform": [
        [0.874117, 0.481829, 0.061327, 0.124994, 0.485381, -0.871209, -0.073482, -0.002831, 0.018023, 0.093999, -0.995409, -1.2e-05, 0.0, 0.0, 0.0, 1.0],
        [0.968973, 0.226728, -0.098412, 0.124994, 0.198869, -0.951607, -0.234295, -0.002831, -0.146771, 0.207455, -0.967171, -1.2e-05, 0.0, 0.0, 0.0, 1.0],
        [0.968973, 0.226728, -0.098412, 0.124994, 0.198869, -0.951607, -0.234295, -0.002831, -0.146771, 0.207455, -0.967171, -1.2e-05, 0.0, 0.0, 0.0, 1.0]
      ]
    },
    {
      "name": "Leg_R",
      "time": [0.0, 0.2917, 0.78],
      "transform": [
        [0.982717, -0.041745, 0.180347, -0.0, -0.029433, 0.926611, 0.374866, 0.37472, -0.182761, -0.373696, 0.909368, -0.0, 0.0, 0.0, 0.0, 1.0],
        [0.984895, 0.061124, -0.162003, 0.0, 0.024535, 0.876914, 0.480022, 0.37472, 0.171403, -0.476746, 0.862168, 0.0, 0.0, 0.0, 0.0, 1.0],
        [0.984895, 0.061124, -0.162003, 0.0, 0.024535, 0.876914, 0.480022, 0.37472, 0.171403, -0.476746, 0.862168, 0.0, 0.0, 0.0, 0.0, 1.0]
      ]
    },
    {
      "name": "Knee_R",
      "time": [0.0, 0.2917, 0.78],
      "transform": [
        [1.0, 0.0, -0.0, -0.0, -0.0, 1e-06, -1.0, 0.37472, -0.0, 1.0, 1e-06, -0.0, 0.0, 0.0, 0.0, 1.0],
        [0.995354, -0.095791, 0.009697, 0.0, 0.032232, 0.236618, -0.971068, 0.37472, 0.090725, 0.966869, 0.238606, 0.0, 0.0, 0.0, 0.0, 1.0],
        [0.995354, -0.095791, 0.009697, 0.0, 0.032232, 0.236618, -0.971068, 0.37472, 0.090725, 0.966869, 0.238606, 0.0, 0.0, 0.0, 0.0, 1.0]
      ]
    },
    {
      "name": "Thigh_L",
      "time": [0.0, 0.2917, 0.78],
      "transform": [
        [0.574494, -0.627868, -0.525107, -0.125006, -0.234347, -0.740858, 0.629453, -0.002831, -0.784243, -0.238559, -0.572758, -1.2e-05, 0.0, 0.0, 0.0, 1.0],
        [0.750185, -0.568965, -0.336901, -0.125006, 0.009822, -0.499864, 0.866048, -0.002831, -0.661156, -0.653005, -0.369402, -1.2e-05, 0.0, 0.0, 0.0, 1.0],
        [0.750185, -0.568965, -0.336901, -0.125006, 0.009822, -0.499864, 0.866048, -0.002831, -0.661156, -0.653005, -0.369402, -1.2e-05, 0.0, 0.0, 0.0, 1.0]
      ]
    },
    {
      "name": "Leg_L",
      "time": [0.0, 0.2917, 0.78],
      "transform": [
        [0.999969, 0.004545, 0.006438, 0.0, -0.007569, 0.781274, 0.624143, 0.37472, -0.002193, -0.624172, 0.781284, -0.0, 0.0, 0.0, 0.0, 1.0],
        [0.999969, -0.001705, 0.007694, 0.0, -0.007569, 0.063912, 0.997927, 0.37472, -0.002193, -0.997954, 0.063898, -0.0, 0.0, 0.0, 0.0, 1.0],
        [0.999969, -0.001705, 0.007694, 0.0, -0.007569, 0.063912, 0.997927, 0.37472, -0.002193, -0.997954, 0.063898, -0.0, 0.0, 0.0, 0.0, 1.0]
      ]
    },
    {
      "name": "Knee_L",
      "time": [0.0, 0.2917, 0.78],
      "transform": [
        [1.0, 0.0, -0.0, 0.0, -0.0, 1e-06, -1.0, 0.37472, -0.0, 1.0, 1e-06, -0.0, 0.0, 0.0, 0.0, 1.0],
        [1.0, 0.0, 0.0, 0.0, -0.0, 0.683909, -0.729567, 0.37472, -0.0, 0.729567, 0.683909, -0.0, 0.0, 0.0, 0.0, 1.0],
        [1.0, 0.0, 0.0, 0.0, -0.0, 0.683909, -0.729567, 0.37472, -0.0, 0.729567, 0.683909, -0.0, 0.0, 0.0, 0.0, 1.0]
      ]
    },
    {
      "name": "Torso",
      "time": [0.0, 0.2917, 0.78],
      "transform": [
        [0.992783, 0.0, -0.119928, -0.0, -0.01354, 0.993606, -0.11209, 0.05, 0.119161, 0.112905, 0.986434, 0.0, 0.0, 0.0, 0.0, 1.0],
        [0.95549, -0.0, -0.295025, -0.0, -0.03331, 0.993606, -0.107879, 0.05, 0.293138, 0.112905, 0.94938, -0.0, 0.0, 0.0, 0.0, 1.0],
        [0.95549, -0.0, -0.295025, -0.0, -0.03331, 0.993606, -0.107879, 0.05, 0.293138, 0.112905, 0.94938, -0.0, 0.0, 0.0, 0.0, 1.0]
      ]
    },
    {
      "name": "Chest",
      "time": [0.0, 0.2917, 0.78],
      "transform": [
        [0.943013, 0.144488, -0.299748, -0.0, 0.036535, 0.850404, 0.524861, 0.3, 0.330743, -0.505902, 0.796663, -0.0, 0.0, 0.0, 0.0, 1.0],
        [0.965223, 0.151492, -0.213059, 0.0, -0.126903, 0.984036, 0.124774, 0.3, 0.22856, -0.093397, 0.969039, 0.0, 0.0, 0.0, 0.0, 1.0],
        [0.965223, 0.151492, -0.213059, 0.0, -0.126903, 0.984036, 0.124774, 0.3, 0.22856, -0.093397, 0.969039, 0.0, 0.0, 0.0, 0.0, 1.0]
      ]
    },
    {
      "name": "Head",
      "time": [0.0, 0.2917, 0.78],
      "transform": [
        [0.951038, 0.009861, 0.308916, 0.0, 0.133116, 0.88897, -0.438192, 0.4, -0.278938, 0.457859, 0.844132, 0.0, 0.0, 0.0, 0.0, 1.0],
        [0.434138, -0.048473, 0.899541, -0.0, 0.140627, 0.989956, -0.014525, 0.4, -0.889803, 0.132805, 0.436594, -0.0, 0.0, 0.0, 0.0, 1.0],
        [0.434138, -0.048473, 0.899541, -0.0, 0.140627, 0.989956, -0.014525, 0.4, -0.889803, 0.132805, 0.436594, -0.0, 0.0, 0.0, 0.0, 1.0]
      ]
    },
    {
      "name": "Shoulder_R",
      "time": [0.0, 0.2917, 0.78],
      "transform": [
        [-0.061502, 0.950371, 0.304978, 0.0, -6e-06, -0.305556, 0.952174, 0.4, 0.998107, 0.058559, 0.018798, 0.0, 0.0, 0.0, 0.0, 1.0],
        [-0.307117, 0.901481, 0.304978, -0.0, 0.079646, -0.294993, 0.952174, 0.4, 0.948333, 0.316719, 0.018798, -0.0, 0.0, 0.0, 0.0, 1.0],
        [-0.307117, 0.901481, 0.304978, -0.0, 0.079646, -0.294993, 0.952174, 0.4, 0.948333, 0.316719, 0.018798, -0.0, 0.0, 0.0, 0.0, 1.0]
      ]
    },
    {
      "name": "Arm_R",
      "time": [0.0, 0.2917, 0.78],
      "transform": [
        [0.407601, 0.04645, -0.911978, 0.0, 0.386051, 0.896301, 0.218194, 0.39386, 0.827542, -0.441006, 0.347401, -0.0, 0.0, 0.0, 0.0, 1.0],
        [0.355135, 0.432335, -0.828834, 0.0, -0.264304, 0.89689, 0.354586, 0.39386, 0.896673, 0.093138, 0.432785, 0.0, 0.0, 0.0, 0.0, 1.0],
        [0.355135, 0.432335, -0.828834, 0.0, -0.264304, 0.89689, 0.354586, 0.39386, 0.896673, 0.093138, 0.432785, 0.0, 0.0, 0.0, 0.0, 1.0]
      ]
    },
    {
      "name": "Hand_R",
      "time": [0.0, 0.2917, 0.78],
      "transform": [
        [0.999954, -0.000398, 0.009542, 0.0, 0.000995, 0.998033, -0.062683, 0.3, -0.009499, 0.062689, 0.997988, 0.0, 0.0, 0.0, 0.0, 1.0],
        [0.998071, 0.001469, -0.062072, 0.0, -0.017304, 0.966694, -0.255352, 0.3, 0.059629, 0.255933, 0.964854, 0.0, 0.0, 0.0, 0.0, 1.0],
        [0.998071, 0.001469, -0.062072, 0.0, -0.017304, 0.966694, -0.255352, 0.3, 0.059629, 0.255933, 0.964854, 0.0, 0.0, 0.0, 0.0, 1.0]
      ]
    },
    {
      "name": "Tool_R",
      "time": [0.0, 0.2917, 0.78],
      "transform": [
        [0.999782, 0.020562, -0.003604, -0.0, -0.000993, -0.125592, -0.992081, 0.272858, -0.02084, 0.99128, -0.12548, -0.0, 0.0, 0.0, 0.0, 1.0],
        [0.998601, -0.046992, -0.024227, 0.0, -0.048709, -0.995919, -0.075974, 0.272858, -0.020546, 0.076992, -0.996226, -0.0, 0.0, 0.0, 0.0, 1.0],
        [0.998601, -0.046992, -0.024227, 0.0, -0.048709, -0.995919, -0.075974, 0.272858, -0.020546, 0.076992, -0.996226, -0.0, 0.0, 0.0, 0.0, 1.0]
      ]
    },
    {
      "name": "Elbow_R",
      "time": [0.0, 0.2917, 0.78],
      "transform": [
        [-1.0, 0.0, 0.0, 0.0, 0.0, -0.0, -1.0, 0.3, -0.0, -1.0, 0.0, 0.0, 0.0, 0.0, 0.0, 1.0],
        [-1.0, 0.0, -0.0, 0.0, 0.0, 0.0, -1.0, 0.3, -0.0, -1.0, 0.0, 0.0, 0.0, 0.0, 0.0, 1.0],
        [-1.0, 0.0, -0.0, 0.0, 0.0, 0.0, -1.0, 0.3, -0.0, -1.0, 0.0, 0.0, 0.0, 0.0, 0.0, 1.0]
      ]
    },
    {
      "name": "Shoulder_L",
      "time": [0.0, 0.2917, 0.78],
      "transform": [
        [-0.068562, -0.94994, -0.304816, 0.0, 8e-06, -0.305535, 0.952181, 0.4, -0.997647, 0.065281, 0.020955, 0.0, 0.0, 0.0, 0.0, 1.0],
        [0.017822, -0.949813, -0.312309, -0.0, 0.20457, -0.302287, 0.931007, 0.4, -0.978689, -0.080482, 0.188916, -0.0, 0.0, 0.0, 0.0, 1.0],
        [0.017822, -0.949813, -0.312309, -0.0, 0.20457, -0.302287, 0.931007, 0.4, -0.978689, -0.080482, 0.188916, -0.0, 0.0, 0.0, 0.0, 1.0]
      ]
    },
    {
      "name": "Arm_L",
      "time": [0.0, 0.2917, 0.78],
      "transform": [
        [0.23159, -0.471021, 0.851179, -0.0, -0.58729, 0.629837, 0.508326, 0.39386, -0.775537, -0.617612, -0.130762, -0.0, 0.0, 0.0, 0.0, 1.0],
        [0.797085, 0.511622, 0.320779, 0.0, -0.482853, 0.858996, -0.170232, 0.39386, -0.362642, -0.0192, 0.931731, 0.0, 0.0, 0.0, 0.0, 1.0],
        [0.797085, 0.511622, 0.320779, 0.0, -0.482853, 0.858996, -0.170232, 0.39386, -0.362642, -0.0192, 0.931731, 0.0, 0.0, 0.0, 0.0, 1.0]
      ]
    },
    {
      "name": "Hand_L",
      "time": [0.0, 0.2917, 0.78],
      "transform": [
        [0.998907, 0.04643, -0.005473, -0.0, -0.038821, 0.758541, -0.650468, 0.3, -0.026049, 0.649969, 0.759514, 0.0, 0.0, 0.0, 0.0, 1.0],
        [0.998907, 0.044425, 0.014563, 0.0, -0.038821, 0.961776, -0.271073, 0.3, -0.026049, 0.270211, 0.962449, 0.0, 0.0, 0.0, 0.0, 1.0],
        [0.998907, 0.044425, 0.014563, 0.0, -0.038821, 0.961776, -0.271073, 0.3, -0.026049, 0.270211, 0.962449, 0.0, 0.0, 0.0, 0.0, 1.0]
      ]
    },
    {
      "name": "Tool_L",
      "time": [0.0, 0.2917, 0.78],
      "transform": [
        [0.981935, -0.032617, 0.186386, -0.0, 0.106478, -0.719024, -0.68678, 0.272858, 0.156326, 0.693803, -0.702156, 0.0, 0.0, 0.0, 0.0, 1.0],
        [0.981942, -0.155554, 0.107672, -0.0, 0.106412, -0.016431, -0.994186, 0.272858, 0.156328, 0.98711, 0.000408, 0.0, 0.0, 0.0, 0.0, 1.0],
        [0.981942, -0.155554, 0.107672, -0.0, 0.106412, -0.016431, -0.994186, 0.272858, 0.156328, 0.98711, 0.000408, 0.0, 0.0, 0.0, 0.0, 1.0]
      ]
    },
    {
      "name": "Elbow_L",
      "time": [0.0, 0.2917, 0.78],
      "transform": [
        [-1.0, 0.0, -0.0, -0.0, -0.0, -0.0, -1.0, 0.3, -0.0, -1.0, -0.0, 0.0, 0.0, 0.0, 0.0, 1.0],
        [-1.0, 0.0, -0.0, 0.0, 0.0, -0.0, -1.0, 0.3, -0.0, -1.0, -0.0, 0.0, 0.0, 0.0, 0.0, 1.0],
        [-1.0, 0.0, -0.0, 0.0, 0.0, -0.0, -1.0, 0.3, -0.0, -1.0, -0.0, 0.0, 0.0, 0.0, 0.0, 1.0]
      ]
    }
  ]
}