{
  "animation": [
    {
      "name": "Root",
      "time": [0.0, 0.2917, 1.0],
      "transform": [
        [0.632562, 0.0, 0.77451, -5e-06, 0.77451, 0.0, -0.632562, 0.000946, 0.0, 1.0, 0.0, 0.526129, 0.0, 0.0, 0.0, 1.0],
        [0.992041, 0.0, 0.125917, -5e-06, 0.125917, 0.0, -0.992041, 0.000946, 0.0, 1.0, 0.0, 0.710633, 0.0, 0.0, 0.0, 1.0],
        [0.992041, 0.0, 0.125917, -5e-06, 0.125917, 0.0, -0.992041, 0.000946, 0.0, 1.0, 0.0, 0.710633, 0.0, 0.0, 0.0, 1.0]
      ]
    },
    {
      "name": "Thigh_R",
      "time": [0.0, 0.2917, 1.0],
      "transform": [
        [0.996804, 0.033713, 0.072425, 0.124994, 0.06267, -0.892225, -0.44722, -0.002831, 0.049542, 0.45033, -0.891486, -1.2e-05, 0.0, 0.0, 0.0, 1.0],
        [0.874117, 0.481829, 0.061327, 0.124994, 0.485381, -0.871209, -0.073482, -0.002831, 0.018023, 0.093999, -0.995409, -1.2e-05, 0.0, 0.0, 0.0, 1.0],
        [0.874117, 0.481829, 0.061327, 0.124994, 0.485381, -0.871209, -0.073482, -0.002831, 0.018023, 0.093999, -0.995409, -1.2e-05, 0.0, 0.0, 0.0, 1.0]
      ]
    },
    {
      "name": "Leg_R",
      "time": [0.0, 0.2917, 1.0],
      "transform": [
        [0.999999, 0.000307, 0.001464, 0.0, -0.001277, 0.685502, 0.728069, 0.37472, -0.00078, -0.72807, 0.685502, -0.0, 0.0, 0.0, 0.0, 1.0],
        [0.982717, -0.041745, 0.180347, -0.0, -0.029433, 0.926611, 0.374866, 0.37472, -0.182761, -0.373696, 0.909368, -0.0, 0.0, 0.0, 0.0, 1.0],
        [0.982717, -0.041745, 0.180347, -0.0, -0.029433, 0.926611, 0.374866, 0.37472, -0.182761, -0.373696, 0.909368, -0.0, 0.0, 0.0, 0.0, 1.0]
      ]
    },
    {
      "name": "Knee_R",
      "time": [0.0, 0.2917, 1.0],
      "transform": [
        [1.0, 0.0, -0.0, 0.0, -0.0, 1e-06, -1.0, 0.37472, -0.0, 1.0, 1e-06, -0.0, 0.0, 0.0, 0.0, 1.0],
        [1.0, 0.0, -0.0, -0.0, -0.0, 1e-06, -1.0, 0.37472, -0.0, 1.0, 1e-06, -0.0, 0.0, 0.0, 0.0, 1.0],
        [1.0, 0.0, -0.0, -0.0, -0.0, 1e-06, -1.0, 0.37472, -0.0, 1.0, 1e-06, -0.0, 0.0, 0.0, 0.0, 1.0]
      ]
    },
    {
      "name": "Thigh_L",
      "time": [0.0, 0.2917, 1.0],
      "transform": [
        [0.919868, -0.386687, -0.065695, -0.125006, -0.084342, -0.358583, 0.92968, -0.002831, -0.383052, -0.849642, -0.362464, -1.2e-05, 0.0, 0.0, 0.0, 1.0],
        [0.574494, -0.627868, -0.525107, -0.125006, -0.234347, -0.740858, 0.629453, -0.002831, -0.784243, -0.238559, -0.572758, -1.2e-05, 0.0, 0.0, 0.0, 1.0],
        [0.574494, -0.627868, -0.525107, -0.125006, -0.234347, -0.740858, 0.629453, -0.002831, -0.784243, -0.238559, -0.572758, -1.2e-05, 0.0, 0.0, 0.0, 1.0]
      ]
    },
    {
      "name": "Leg_L",
      "time": [0.0, 0.2917, 1.0],
      "transform": [
        [0.999969, -0.000705, 0.007849, -0.0, -0.007569, 0.191259, 0.981511, 0.37472, -0.002193, -0.981539, 0.191247, 0.0, 0.0, 0.0, 0.0, 1.0],
        [0.999969, 0.004545, 0.006438, 0.0, -0.007569, 0.781274, 0.624143, 0.37472, -0.002193, -0.624172, 0.781284, -0.0, 0.0, 0.0, 0.0, 1.0],
        [0.999969, 0.004545, 0.006438, 0.0, -0.007569, 0.781274, 0.624143, 0.37472, -0.002193, -0.624172, 0.781284, -0.0, 0.0, 0.0, 0.0, 1.0]
      ]
    },
    {
      "name": "Knee_L",
      "time": [0.0, 0.2917, 1.0],
      "transform": [
        [1.0, 0.0, -0.0, -0.0, -0.0, 1e-06, -1.0, 0.37472, -0.0, 1.0, 1e-06, 0.0, 0.0, 0.0, 0.0, 1.0],
        [1.0, 0.0, -0.0, 0.0, -0.0, 1e-06, -1.0, 0.37472, -0.0, 1.0, 1e-06, -0.0, 0.0, 0.0, 0.0, 1.0],
        [1.0, 0.0, -0.0, 0.0, -0.0, 1e-06, -1.0, 0.37472, -0.0, 1.0, 1e-06, -0.0, 0.0, 0.0, 0.0, 1.0]
      ]
    },
    {
      "name": "Torso",
      "time": [0.0, 0.2917, 1.0],
      "transform": [
        [1.0, 0.0, 0.0, -0.0, 0.0, 0.993606, -0.112905, 0.05, 0.0, 0.112905, 0.993606, 0.0, 0.0, 0.0, 0.0, 1.0],
        [0.992783, 0.0, -0.119928, -0.0, -0.01354, 0.993606, -0.11209, 0.05, 0.119161, 0.112905, 0.986434, 0.0, 0.0, 0.0, 0.0, 1.0],
        [0.992783, 0.0, -0.119928, -0.0, -0.01354, 0.993606, -0.11209, 0.05, 0.119161, 0.112905, 0.986434, 0.0, 0.0, 0.0, 0.0, 1.0]
      ]
    },
    {
      "name": "Chest",
      "time": [0.0, 0.2917, 1.0],
      "transform": [
        [1.0, -0.0, 0.0, 0.0, 0.0, 0.312178, 0.950024, 0.3, -0.0, -0.950024, 0.312178, 0.0, 0.0, 0.0, 0.0, 1.0],
        [0.943013, 0.144488, -0.299748, -0.0, 0.036535, 0.850404, 0.524861, 0.3, 0.330743, -0.505902, 0.796663, -0.0, 0.0, 0.0, 0.0, 1.0],
        [0.943013, 0.144488, -0.299748, -0.0, 0.036535, 0.850404, 0.524861, 0.3, 0.330743, -0.505902, 0.796663, -0.0, 0.0, 0.0, 0.0, 1.0]
      ]
    },
    {
      "name": "Head",
      "time": [0.0, 0.2917, 1.0],
      "transform": [
        [0.942366, 0.065699, -0.328072, -0.0, -0.304039, 0.577465, -0.75769, 0.4, 0.139671, 0.813768, 0.564158, 0.0, 0.0, 0.0, 0.0, 1.0],
        [0.951038, 0.009861, 0.308916, 0.0, 0.133116, 0.88897, -0.438192, 0.4, -0.278938, 0.457859, 0.844132, 0.0, 0.0, 0.0, 0.0, 1.0],
        [0.951038, 0.009861, 0.308916, 0.0, 0.133116, 0.88897, -0.438192, 0.4, -0.278938, 0.457859, 0.844132, 0.0, 0.0, 0.0, 0.0, 1.0]
      ]
    },
    {
      "name": "Shoulder_R",
      "time": [0.0, 0.2917, 1.0],
      "transform": [
        [-0.061502, 0.950371, 0.304978, -0.0, -6e-06, -0.305556, 0.952174, 0.4, 0.998107, 0.058559, 0.018798, 0.0, 0.0, 0.0, 0.0, 1.0],
        [-0.061502, 0.950371, 0.304978, 0.0, -6e-06, -0.305556, 0.952174, 0.4, 0.998107, 0.058559, 0.018798, 0.0, 0.0, 0.0, 0.0, 1.0],
        [-0.061502, 0.950371, 0.304978, 0.0, -6e-06, -0.305556, 0.952174, 0.4, 0.998107, 0.058559, 0.018798, 0.0, 0.0, 0.0, 0.0, 1.0]
      ]
    },
    {
      "name": "Arm_R",
      "time": [0.0, 0.2917, 1.0],
      "transform": [
        [0.67996, -0.723803, -0.117318, 0.0, -0.573549, -0.425332, -0.700096, 0.39386, 0.456833, 0.543325, -0.704345, 0.0, 0.0, 0.0, 0.0, 1.0],
        [0.206238, 0.35463, -0.911978, 0.0, -0.488186, 0.845024, 0.218194, 0.39386, 0.848022, 0.400215, 0.347401, -0.0, 0.0, 0.0, 0.0, 1.0],
        [0.206238, 0.35463, -0.911978, 0.0, -0.488186, 0.845024, 0.218194, 0.39386, 0.848022, 0.400215, 0.347401, -0.0, 0.0, 0.0, 0.0, 1.0]
      ]
    },
    {
      "name": "Hand_R",
      "time": [0.0, 0.2917, 1.0],
      "transform": [
        [0.999313, -0.034778, 0.012765, -0.0, 0.035409, 0.795332, -0.605139, 0.3, 0.010893, 0.605176, 0.796017, 0.0, 0.0, 0.0, 0.0, 1.0],
        [0.999954, -0.000398, 0.009542, 0.0, 0.000995, 0.998033, -0.062683, 0.3, -0.009499, 0.062689, 0.997988, -0.0, 0.0, 0.0, 0.0, 1.0],
        [0.999954, -0.000398, 0.009542, 0.0, 0.000995, 0.998033, -0.062683, 0.3, -0.009499, 0.062689, 0.997988, -0.0, 0.0, 0.0, 0.0, 1.0]
      ]
    },
    {
      "name": "Tool_R",
      "time": [0.0, 0.2917, 1.0],
      "transform": [
        [0.942892, -0.275092, -0.187826, 0.0, -0.265477, -0.280039, -0.922551, 0.272858, 0.201066, 0.919182, -0.336888, -0.0, 0.0, 0.0, 0.0, 1.0],
        [0.999782, 0.020562, -0.003604, 0.0, -0.000993, -0.125592, -0.992082, 0.272858, -0.02084, 0.99128, -0.12548, -0.0, 0.0, 0.0, 0.0, 1.0],
        [0.999782, 0.020562, -0.003604, 0.0, -0.000993, -0.125592, -0.992082, 0.272858, -0.02084, 0.99128, -0.12548, -0.0, 0.0, 0.0, 0.0, 1.0]
      ]
    },
    {
      "name": "Elbow_R",
      "time": [0.0, 0.2917, 1.0],
      "transform": [
        [-1.0, 0.0, -0.0, -0.0, -0.0, -0.0, -1.0, 0.3, -0.0, -1.0, 0.0, 0.0, 0.0, 0.0, 0.0, 1.0],
        [-1.0, 0.0, -0.0, 0.0, 0.0, -0.0, -1.0, 0.3, -0.0, -1.0, 0.0, -0.0, 0.0, 0.0, 0.0, 1.0],
        [-1.0, 0.0, -0.0, 0.0, 0.0, -0.0, -1.0, 0.3, -0.0, -1.0, 0.0, -0.0, 0.0, 0.0, 0.0, 1.0]
      ]
    },
    {
      "name": "Shoulder_L",
      "time": [0.0, 0.2917, 1.0],
      "transform": [
        [-0.068562, -0.94994, -0.304816, -0.0, 8e-06, -0.305535, 0.952181, 0.4, -0.997647, 0.065281, 0.020955, 0.0, 0.0, 0.0, 0.0, 1.0],
        [-0.068562, -0.94994, -0.304816, 0.0, 8e-06, -0.305535, 0.952181, 0.4, -0.997647, 0.065281, 0.020955, 0.0, 0.0, 0.0, 0.0, 1.0],
        [-0.068562, -0.94994, -0.304816, 0.0, 8e-06, -0.305535, 0.952181, 0.4, -0.997647, 0.065281, 0.020955, 0.0, 0.0, 0.0, 0.0, 1.0]
      ]
    },
    {
      "name": "Arm_L",
      "time": [0.0, 0.2917, 1.0],
      "transform": [
        [0.122116, 0.013452, 0.992425, -0.0, -0.86818, 0.48602, 0.10024, 0.39386, -0.48099, -0.873844, 0.07103, -0.0, 0.0, 0.0, 0.0, 1.0],
        [0.356913, -0.065897, 0.931811, -0.0, -0.491657, 0.834916, 0.247365, 0.39386, -0.794284, -0.546418, 0.265593, -0.0, 0.0, 0.0, 0.0, 1.0],
        [0.356913, -0.065897, 0.931811, -0.0, -0.491657, 0.834916, 0.247365, 0.39386, -0.794284, -0.546418, 0.265593, -0.0, 0.0, 0.0, 0.0, 1.0]
      ]
    },
    {
      "name": "Hand_L",
      "time": [0.0, 0.2917, 1.0],
      "transform": [
        [0.998906, 0.039707, 0.024678, -0.0, -0.038821, 0.998619, -0.035385, 0.3, -0.026049, 0.034388, 0.999069, 0.0, 0.0, 0.0, 0.0, 1.0],
        [0.998907, 0.044425, 0.014563, 0.0, -0.038821, 0.961776, -0.271073, 0.3, -0.026049, 0.270211, 0.962449, 0.0, 0.0, 0.0, 0.0, 1.0],
        [0.998907, 0.044425, 0.014563, 0.0, -0.038821, 0.961776, -0.271073, 0.3, -0.026049, 0.270211, 0.962449, 0.0, 0.0, 0.0, 0.0, 1.0]
      ]
    },
    {
      "name": "Tool_L",
      "time": [0.0, 0.2917, 1.0],
      "transform": [
        [0.981948, -0.113853, 0.151047, 0.0, 0.106435, -0.327546, -0.938821, 0.272858, 0.156272, 0.937395, -0.309343, -0.0, 0.0, 0.0, 0.0, 1.0],
        [0.98194, -0.109704, 0.154137, -0.0, 0.10644, -0.353205, -0.929471, 0.272858, 0.156317, 0.928541, -0.334962, 0.0, 0.0, 0.0, 0.0, 1.0],
        [0.98194, -0.109704, 0.154137, -0.0, 0.10644, -0.353205, -0.929471, 0.272858, 0.156317, 0.928541, -0.334962, 0.0, 0.0, 0.0, 0.0, 1.0]
      ]
    },
    {
      "name": "Elbow_L",
      "time": [0.0, 0.2917, 1.0],
      "transform": [
        [-1.0, 0.0, -0.0, -0.0, 0.0, -0.0, -1.0, 0.3, -0.0, -1.0, -0.0, 0.0, 0.0, 0.0, 0.0, 1.0],
        [-1.0, 0.0, -0.0, 0.0, 0.0, -0.0, -1.0, 0.3, -0.0, -1.0, -0.0, 0.0, 0.0, 0.0, 0.0, 1.0],
        [-1.0, 0.0, -0.0, 0.0, 0.0, -0.0, -1.0, 0.3, -0.0, -1.0, -0.0, 0.0, 0.0, 0.0, 0.0, 1.0]
      ]
    }
  ]
}