{
    "animation": [
        {
            "name": "Root",
            "time": [0.0, 0.1667, 0.2083],
            "transform": [
                [0.67403, 0.078319, 0.73454, -0.001476, 0.736115, 0.01197, -0.676751, 0.000721, -0.061795, 0.996857, -0.049584, 0.606715, 0.0, 0.0, 0.0, 1.0],
                [1.0, 0.0, 0.0, -5e-06, 0.0, 0.0, -1.0, 0.000946, 0.0, 1.0, 0.0, 0.679945, 0.0, 0.0, 0.0, 1.0],
                [1.0, 0.0, 0.0, -5e-06, 0.0, 0.0, -1.0, 0.000946, 0.0, 1.0, 0.0, 0.679945, 0.0, 0.0, 0.0, 1.0]
            ]
        },
        {
            "name": "Thigh_R",
            "time": [0.0, 0.1667, 0.2083],
            "transform": [
                [0.867043, 0.48057, 0.131485, 0.124994, 0.491323, -0.868506, -0.065563, -0.002831, 0.082687, 0.121448, -0.989148, -1.2e-05, 0.0, 0.0, 0.0, 1.0],
                [0.939898, 0.339742, -0.034167, 0.124994, 0.335265, -0.899255, 0.280957, -0.002831, 0.064728, -0.275526, -0.959112, -1.2e-05, 0.0, 0.0, 0.0, 1.0],
                [0.939898, 0.339742, -0.034167, 0.124994, 0.335265, -0.899255, 0.280957, -0.002831, 0.064728, -0.275526, -0.959112, -1.2e-05, 0.0, 0.0, 0.0, 1.0]
            ]
        },
        {
            "name": "Leg_R",
            "time": [0.0, 0.1667, 0.2083],
            "transform": [
                [1.0, -0.0, 1e-06, 0.0, -0.0, 0.710828, 0.703366, 0.37472, -1e-06, -0.703366, 0.710828, -0.0, 0.0, 0.0, 0.0, 1.0],
                [1.0, -0.0, 1e-06, 0.0, -0.0, 0.860139, 0.51006, 0.37472, -1e-06, -0.51006, 0.860139, 0.0, 0.0, 0.0, 0.0, 1.0],
                [1.0, -0.0, 1e-06, 0.0, -0.0, 0.860139, 0.51006, 0.37472, -1e-06, -0.51006, 0.860139, 0.0, 0.0, 0.0, 0.0, 1.0]
            ]
        },
        {
            "name": "Knee_R",
            "time": [0.0, 0.1667, 0.2083],
            "transform": [
                [1.0, 0.0, -0.0, 0.0, -0.0, 0.315693, -0.948862, 0.37472, 0.0, 0.948862, 0.315693, -0.0, 0.0, 0.0, 0.0, 1.0],
                [1.0, 0.0, -0.0, 0.0, -0.0, 0.315693, -0.948861, 0.37472, -0.0, 0.948862, 0.315693, 0.0, 0.0, 0.0, 0.0, 1.0],
                [1.0, 0.0, -0.0, 0.0, -0.0, 0.315693, -0.948861, 0.37472, -0.0, 0.948862, 0.315693, 0.0, 0.0, 0.0, 0.0, 1.0]
            ]
        },
        {
            "name": "Thigh_L",
            "time": [0.0, 0.1667, 0.2083],
            "transform": [
                [0.950846, -0.151273, -0.270202, -0.125006, 0.114504, -0.638964, 0.760666, -0.002831, -0.287718, -0.754215, -0.590235, -1.2e-05, 0.0, 0.0, 0.0, 1.0],
                [0.960133, -0.273461, 0.057995, -0.125006, -0.270381, -0.855781, 0.441058, -0.002831, -0.07098, -0.439155, -0.895603, -1.2e-05, 0.0, 0.0, 0.0, 1.0],
                [0.960133, -0.273461, 0.057995, -0.125006, -0.270381, -0.855781, 0.441058, -0.002831, -0.07098, -0.439155, -0.895603, -1.2e-05, 0.0, 0.0, 0.0, 1.0]
            ]
        },
        {
            "name": "Leg_L",
            "time": [0.0, 0.1667, 0.2083],
            "transform": [
                [1.0, -0.0, 0.0, -0.0, -0.0, 0.520523, 0.853848, 0.37472, -1e-06, -0.853847, 0.520523, -0.0, 0.0, 0.0, 0.0, 1.0],
                [1.0, -0.0, 1e-06, 0.0, -0.0, 0.708145, 0.706067, 0.37472, -1e-06, -0.706067, 0.708145, -0.0, 0.0, 0.0, 0.0, 1.0],
                [1.0, -0.0, 1e-06, 0.0, -0.0, 0.708145, 0.706067, 0.37472, -1e-06, -0.706067, 0.708145, -0.0, 0.0, 0.0, 0.0, 1.0]
            ]
        },
        {
            "name": "Knee_L",
            "time": [0.0, 0.1667, 0.2083],
            "transform": [
                [1.0, 0.0, -0.0, -0.0, -0.0, 0.432037, -0.901856, 0.37472, -0.0, 0.901856, 0.432037, -0.0, 0.0, 0.0, 0.0, 1.0],
                [1.0, 0.0, -0.0, 0.0, -0.0, 0.412477, -0.910968, 0.37472, -0.0, 0.910968, 0.412477, -0.0, 0.0, 0.0, 0.0, 1.0],
                [1.0, 0.0, -0.0, 0.0, -0.0, 0.412477, -0.910968, 0.37472, -0.0, 0.910968, 0.412477, -0.0, 0.0, 0.0, 0.0, 1.0]
            ]
        },
        {
            "name": "Torso",
            "time": [0.0, 0.1667, 0.2083],
            "transform": [
                [0.986707, 0.105322, -0.123759, 0.0, 0.0, 0.761551, 0.648105, 0.05, 0.162508, -0.63949, 0.751428, -0.0, 0.0, 0.0, 0.0, 1.0],
                [0.985739, 0.052084, -0.160018, 0.0, -0.080166, 0.981406, -0.174402, 0.05, 0.147959, 0.184743, 0.971585, 0.0, 0.0, 0.0, 0.0, 1.0],
                [0.985739, 0.052084, -0.160018, 0.0, -0.080166, 0.981406, -0.174402, 0.05, 0.147959, 0.184743, 0.971585, 0.0, 0.0, 0.0, 0.0, 1.0]
            ]
        },
        {
            "name": "Chest",
            "time": [0.0, 0.1667, 0.2083],
            "transform": [
                [0.999355, 0.011369, 0.03406, 0.0, -0.034526, 0.564764, 0.82453, 0.3, -0.009862, -0.825174, 0.564792, 0.0, 0.0, 0.0, 0.0, 1.0],
                [0.982017, 0.032375, -0.185993, 0.0, -0.0, 0.985186, 0.171487, 0.3, 0.18879, -0.168403, 0.96747, 0.0, 0.0, 0.0, 0.0, 1.0],
                [0.982017, 0.032375, -0.185993, 0.0, -0.0, 0.985186, 0.171487, 0.3, 0.18879, -0.168403, 0.96747, 0.0, 0.0, 0.0, 0.0, 1.0]
            ]
        },
        {
            "name": "Head",
            "time": [0.0, 0.1667, 0.2083],
            "transform": [
                [0.947831, -0.051744, -0.314544, -0.0, -0.2728, 0.378806, -0.884356, 0.4, 0.164912, 0.924028, 0.344929, 0.0, 0.0, 0.0, 0.0, 1.0],
                [0.911627, -0.098211, 0.399112, 0.0, 0.107112, 0.994247, 0.0, 0.4, -0.396816, 0.04275, 0.916902, 0.0, 0.0, 0.0, 0.0, 1.0],
                [0.911627, -0.098211, 0.399112, 0.0, 0.107112, 0.994247, 0.0, 0.4, -0.396816, 0.04275, 0.916902, 0.0, 0.0, 0.0, 0.0, 1.0]
            ]
        },
        {
            "name": "Shoulder_R",
            "time": [0.0, 0.1667, 0.2083],
            "transform": [
                [0.259977, 0.923438, 0.282263, -0.0, 0.139764, -0.325222, 0.935252, 0.4, 0.955446, -0.203694, -0.213613, 0.0, 0.0, 0.0, 0.0, 1.0],
                [-0.285616, 0.94521, -0.158119, 0.0, -0.017668, 0.159771, 0.986996, 0.4, 0.958181, 0.284696, -0.028933, 0.0, 0.0, 0.0, 0.0, 1.0],
                [-0.285616, 0.94521, -0.158119, 0.0, -0.017668, 0.159771, 0.986996, 0.4, 0.958181, 0.284696, -0.028933, 0.0, 0.0, 0.0, 0.0, 1.0]
            ]
        },
        {
            "name": "Arm_R",
            "time": [0.0, 0.1667, 0.2083],
            "transform": [
                [0.760969, -0.588905, -0.272243, 0.0, -0.631328, -0.768837, -0.101563, 0.393861, -0.1495, 0.249161, -0.956854, 0.0, 0.0, 0.0, 0.0, 1.0],
                [0.0, 0.398682, -0.917089, -0.0, -0.267085, 0.883774, 0.384199, 0.393861, 0.963673, 0.244941, 0.106482, 0.0, 0.0, 0.0, 0.0, 1.0],
                [0.0, 0.398682, -0.917089, -0.0, -0.267085, 0.883774, 0.384199, 0.393861, 0.963673, 0.244941, 0.106482, 0.0, 0.0, 0.0, 0.0, 1.0]
            ]
        },
        {
            "name": "Hand_R",
            "time": [0.0, 0.1667, 0.2083],
            "transform": [
                [1.0, 0.0, 0.0, 0.0, -0.0, 0.986097, -0.16617, 0.3, -0.0, 0.16617, 0.986097, 0.0, 0.0, 0.0, 0.0, 1.0],
                [1.0, -0.0, 0.0, -0.0, 0.0, 0.999411, 0.034327, 0.3, -0.0, -0.034328, 0.999411, -0.0, 0.0, 0.0, 0.0, 1.0],
                [1.0, -0.0, 0.0, -0.0, 0.0, 0.999411, 0.034327, 0.3, -0.0, -0.034328, 0.999411, -0.0, 0.0, 0.0, 0.0, 1.0]
            ]
        },
        {
            "name": "Tool_R",
            "time": [0.0, 0.1667, 0.2083],
            "transform": [
                [1.0, -0.0, -1e-06, -0.0, -1e-06, -0.118004, -0.993013, 0.272858, 0.0, 0.992424, -0.117945, -0.0, 0.0, 0.0, 0.0, 1.0],
                [1.0, -0.0, -1e-06, -0.0, -1e-06, 0.191976, -0.9814, 0.272858, 0.0, 0.980821, 0.191852, 0.0, 0.0, 0.0, 0.0, 1.0],
                [1.0, -0.0, -1e-06, -0.0, -1e-06, 0.191976, -0.9814, 0.272858, 0.0, 0.980821, 0.191852, 0.0, 0.0, 0.0, 0.0, 1.0]
            ]
        },
        {
            "name": "Elbow_R",
            "time": [0.0, 0.1667, 0.2083],
            "transform": [
                [-1.0, 0.0, -0.0, 0.0, -0.0, -0.0, -1.0, 0.3, -0.0, -1.0, 0.0, 0.0, 0.0, 0.0, 0.0, 1.0],
                [-1.0, 0.0, -0.0, -0.0, -0.0, 0.0, -1.0, 0.3, -0.0, -1.0, 0.0, -0.0, 0.0, 0.0, 0.0, 1.0],
                [-1.0, 0.0, -0.0, -0.0, -0.0, 0.0, -1.0, 0.3, -0.0, -1.0, 0.0, -0.0, 0.0, 0.0, 0.0, 1.0]
            ]
        },
        {
            "name": "Shoulder_L",
            "time": [0.0, 0.1667, 0.2083],
            "transform": [
                [-0.353516, -0.866851, -0.351562, -0.0, -0.01537, -0.370396, 0.928747, 0.4, -0.935302, 0.33373, 0.117617, 0.0, 0.0, 0.0, 0.0, 1.0],
                [-0.347861, -0.860245, -0.372787, 0.0, -0.061078, -0.375981, 0.924612, 0.4, -0.935554, 0.344406, 0.078247, 0.0, 0.0, 0.0, 0.0, 1.0],
                [-0.347861, -0.860245, -0.372787, 0.0, -0.061078, -0.375981, 0.924612, 0.4, -0.935554, 0.344406, 0.078247, 0.0, 0.0, 0.0, 0.0, 1.0]
            ]
        },
        {
            "name": "Arm_L",
            "time": [0.0, 0.1667, 0.2083],
            "transform": [
                [0.096939, 0.212376, 0.972368, 0.0, -0.80551, 0.590578, -0.048684, 0.39386, -0.584599, -0.778533, 0.228321, 0.0, 0.0, 0.0, 0.0, 1.0],
                [0.092638, -0.298836, 0.949797, 0.0, -0.012236, 0.953486, 0.30119, 0.39386, -0.995625, -0.039523, 0.084672, 0.0, 0.0, 0.0, 0.0, 1.0],
                [0.092638, -0.298836, 0.949797, 0.0, -0.012236, 0.953486, 0.30119, 0.39386, -0.995625, -0.039523, 0.084672, 0.0, 0.0, 0.0, 0.0, 1.0]
            ]
        },
        {
            "name": "Hand_L",
            "time": [0.0, 0.1667, 0.2083],
            "transform": [
                [1.0, 0.0, -0.0, -0.0, -0.0, 0.777452, -0.628942, 0.3, -0.0, 0.628942, 0.777452, -0.0, 0.0, 0.0, 0.0, 1.0],
                [1.0, 0.0, 0.0, -0.0, -0.0, 0.996905, -0.078619, 0.3, -0.0, 0.078619, 0.996905, 0.0, 0.0, 0.0, 0.0, 1.0],
                [1.0, 0.0, 0.0, -0.0, -0.0, 0.996905, -0.078619, 0.3, -0.0, 0.078619, 0.996905, 0.0, 0.0, 0.0, 0.0, 1.0]
            ]
        },
        {
            "name": "Tool_L",
            "time": [0.0, 0.1667, 0.2083],
            "transform": [
                [1.0, -0.0, 0.0, -0.0, 0.0, -0.132051, -0.991243, 0.272858, 0.0, 0.990658, -0.131984, 0.0, 0.0, 0.0, 0.0, 1.0],
                [1.0, -0.0, 0.0, -0.0, 0.0, -0.228276, -0.973597, 0.272858, 0.0, 0.973022, -0.228152, -0.0, 0.0, 0.0, 0.0, 1.0],
                [1.0, -0.0, 0.0, -0.0, 0.0, -0.228276, -0.973597, 0.272858, 0.0, 0.973022, -0.228152, -0.0, 0.0, 0.0, 0.0, 1.0]
            ]
        },
        {
            "name": "Elbow_L",
            "time": [0.0, 0.1667, 0.2083],
            "transform": [
                [-1.0, 0.0, -0.0, -0.0, 0.0, 0.378312, -0.925678, 0.3, -0.0, -0.925678, -0.378312, -0.0, 0.0, 0.0, 0.0, 1.0],
                [-1.0, 0.0, -0.0, -0.0, 0.0, -0.0, -1.0, 0.3, -0.0, -1.0, -0.0, 0.0, 0.0, 0.0, 0.0, 1.0],
                [-1.0, 0.0, -0.0, -0.0, 0.0, -0.0, -1.0, 0.3, -0.0, -1.0, -0.0, 0.0, 0.0, 0.0, 0.0, 1.0]
            ]
        }
    ]
}